StationID,TimeStamp,sound@var,sound@power,sound@skew,sound@kurt,sound@abs_max,sound@abs_mean,sound@abs_max_top5p,sound@abs_max_top10p,sound@energy_sstd,sound@energy_smax,sound@s_zero_rate,sound@s_zero_rate_max,sound@power_0_5,sound@power_5_10,sound@power_10_15,sound@power_15_20,sound@power_20_25,sound@power_25_30,sound@power_30_35,sound@power_35_40,sound@power_40_60,sound@power_140_160,sound@power_other,sound@frequency_center,sound@mean_square_frequency,sound@variance_frequency,sound@frequency_entropy,sound@level4d_abs_mean,sound@level4d_energy,sound@level4d_energy_smax,sound@level4d_energy_sstd,sound@level5d_abs_mean,sound@level5d_energy,sound@level5d_energy_smax,sound@level5d_energy_sstd,sound@level6a_abs_mean,sound@level6a_energy,sound@level6a_energy_smax,sound@level6a_energy_sstd,sound@level6d_abs_mean,sound@level6d_energy,sound@level6d_energy_smax,sound@level6d_energy_sstd,sound@mean
155,1656172800,0.000138727986,0.00013872865709999997,0.11935956561499998,32.6065684399,0.10231217160000002,0.00527700386,0.010260105799999999,0.0074391633,0.00025647620521,0.0025515463536,21.2062935,91.7,4.626376586e-05,1.3425685439999997e-05,2.66683505e-06,1.0864445779999998e-06,7.020220960000001e-07,5.27928535e-07,4.30263359e-07,3.8363711099999996e-07,8.016276980000001e-07,1.97185968e-07,2.87925391e-06,73.1138045,30.146140590000005,4.175040950000001e-09,8.9351128,0.0015670709500000002,0.13916408200000002,0.00109574214992,0.00012802734661000002,0.0018291771900000003,0.4239391564000001,0.00109574214992,0.00012802734661000002,0.0025824576100000004,2.053057878,0.00109574214992,0.00012802734661000002,0.00237704203,1.0209680730000001,0.00109574214992,0.00012802734661000002,2.5028662204742433
155,1656173400,2.62139982e-05,2.62140098e-05,0.0009560836470000007,0.077939805,0.0239607424,0.00408119683,0.00837778905,0.006547154959999998,2.67679434e-06,2.4332042000000002e-05,12.650349649999999,34.6,2.9449199399999994e-06,2.3788541600000004e-06,1.19562203e-06,8.06089167e-07,6.180233420000001e-07,5.081564e-07,4.12696612e-07,3.6328129300000004e-07,8.040202809999999e-07,1.9531245800000002e-07,2.8799760699999998e-06,82.37623780000001,40.2071533,5.054766669999999e-10,9.1599648,0.00150706448,0.1104989921,1.004525931e-05,1.48361802e-06,0.0015794488499999999,0.1218465336,1.004525931e-05,1.48361802e-06,0.00145067365,0.1039429806,1.004525931e-05,1.48361802e-06,0.0017290982100000001,0.145722568,1.004525931e-05,1.48361802e-06,2.5027423620224
155,1656174000,8.822387619999999e-05,8.822392689999999e-05,-0.009208008429999996,5.75496152507,0.0460609514,0.005550893480000001,0.0117511409,0.00866483421,4.65608955e-05,0.00037085887289999995,27.3286717,83.2,2.683057568e-05,8.272395980000002e-06,1.9662768999999998e-06,1.0446470540000001e-06,7.089549959999999e-07,5.72599152e-07,4.23731453e-07,3.81400566e-07,8.30804265e-07,1.9706292500000001e-07,2.88347359e-06,75.84969389999999,31.4357774,2.515624052e-09,9.0080473,0.00159432815,0.13699905959999997,0.00021270009392,2.7265712030000005e-05,0.0018899337799999998,0.2542384905,0.00021270009392,2.7265712030000005e-05,0.0027886083900000003,1.0738683935999997,0.00021270009392,2.7265712030000005e-05,0.00262076213,0.7777354569999999,0.00021270009392,2.7265712030000005e-05,2.503089427947998
155,1656174600,3.54091672e-05,3.54091806e-05,0.03952259924550001,1.8461569293,0.0326935525,0.0044868431,0.0092544463,0.00704470695,1.1449732699999999e-05,8.26737457e-05,19.008741399999998,77.5,6.223960469999999e-06,3.46922178e-06,1.3215326300000002e-06,8.320493529999999e-07,6.322779730000001e-07,5.21419562e-07,4.3987200500000005e-07,3.6609606799999995e-07,8.06662082e-07,1.97585441e-07,2.8938113e-06,79.408985,33.9300804,7.86270132e-10,9.102599399999999,0.0015332038,0.1147053665,4.109300503e-05,5.935316310000001e-06,0.00168921784,0.14703220499999997,4.109300503e-05,5.935316310000001e-06,0.00184215114,0.22895294260000001,4.109300503e-05,5.935316310000001e-06,0.00202430775,0.25259129299999994,4.109300503e-05,5.935316310000001e-06,2.502505826950073
155,1656175200,2.6844761400000004e-05,2.68447719e-05,0.0315714323,0.21926965856000002,0.029496206300000005,0.00412925982,0.008527372500000002,0.0066233777,2.63713891e-06,2.15589916e-05,13.305944,34.5,3.24145916e-06,2.39054469e-06,1.1758757400000001e-06,7.87850246e-07,6.10258116e-07,4.94142392e-07,4.4185811699999996e-07,3.8454123e-07,8.236408e-07,1.9815676600000002e-07,2.87394421e-06,82.07285250000001,39.3712407,5.245944009999999e-10,9.15359645,0.00149519553,0.10825112399999999,8.44270278e-06,1.4931911800000001e-06,0.00157340927,0.12095238940000001,8.44270278e-06,1.4931911800000001e-06,0.0015698749300000002,0.11945906050000002,8.44270278e-06,1.4931911800000001e-06,0.0017533493299999997,0.148401535,8.44270278e-06,1.4931911800000001e-06,2.502763295173645
155,1656175800,2.89672651e-05,2.8967283399999996e-05,-0.016053828289999995,2.68507363784,0.036225776,0.0041937776,0.00867138145,0.00669286423,7.76179813e-06,7.76617629e-05,14.125874000000001,51.3,4.001233530000001e-06,2.5290464699999996e-06,1.2404461499999997e-06,8.16105195e-07,6.408258600000001e-07,5.21231438e-07,4.43060187e-07,3.76562258e-07,8.272725040000001e-07,1.9603222000000002e-07,2.89176137e-06,81.262815,37.9528394,5.85798458e-10,9.1416136,0.0015192187600000001,0.1121112074,2.9759339290000003e-05,3.6606089799999997e-06,0.00159001351,0.127346546,2.9759339290000003e-05,3.6606089799999997e-06,0.0015542506099999998,0.1446046145,2.9759339290000003e-05,3.6606089799999997e-06,0.0018146340300000002,0.172820217,2.9759339290000003e-05,3.6606089799999997e-06,2.5027750015258787
155,1656176400,2.6899944799999996e-05,2.68999625e-05,0.00607721799,0.002826914129999998,0.020924935799999995,0.00413689333,0.00854509695,0.006664888650000001,2.6236147199999998e-06,2.10197505e-05,13.0909091,34.2,3.367169e-06,2.37264159e-06,1.1433421899999999e-06,7.99727969e-07,6.02333177e-07,4.97786648e-07,4.22376226e-07,3.6510915099999996e-07,8.17203114e-07,1.9642563e-07,2.86580758e-06,82.09428979999998,39.127553600000006,5.277692759999999e-10,9.154430699999999,0.00148185882,0.1069180874,8.644607200000001e-06,1.53080994e-06,0.0015645036800000002,0.1184470522,8.644607200000001e-06,1.53080994e-06,0.00157860836,0.12233932640000003,8.644607200000001e-06,1.53080994e-06,0.0017673485099999997,0.153299065,8.644607200000001e-06,1.53080994e-06,2.5027872562408446
155,1656177000,0.00012333855360000003,0.00012333856700000003,0.0580733627,20.3775616540836,0.07907881940000001,0.00440275959,0.0085403532,0.0066331286399999995,0.000384385099,0.0040763425536,13.645104900000002,50.2,5.07657599e-05,3.1180905499999997e-06,1.2095748599999999e-06,8.06772274e-07,6.11113688e-07,5.13313701e-07,4.1522336000000005e-07,3.59891159e-07,7.95494376e-07,1.97157687e-07,2.87683112e-06,78.27462589999999,35.885411500000004,3.774042504e-09,9.0275247,0.0015048997599999999,0.1099004002,0.0019664508266600002,0.00020280332879000002,0.00157156544,0.15560002220000002,0.0019664508266600002,0.00020280332879000002,0.00183077309,2.1345132066,0.0019664508266600002,0.00020280332879000002,0.0019156861899999999,0.861417798,0.0019664508266600002,0.00020280332879000002,2.502753758430481
155,1656177600,2.8180795800000006e-05,2.81808149e-05,0.24397716693,6.244120077700001,0.042668537799999996,0.00413802756,0.008466093650000001,0.0065830444,6.89311415e-06,6.91753446e-05,13.3181818,39.8,3.6773433200000004e-06,2.51464269e-06,1.19812626e-06,8.301986000000001e-07,6.34028451e-07,5.32235864e-07,4.3880472600000003e-07,3.6223667699999996e-07,8.14998264e-07,1.92375713e-07,2.89533015e-06,81.36087009999999,38.1839118,5.62179663e-10,9.144894150000002,0.0015070864900000001,0.11382870860000001,3.310795691e-05,3.90344474e-06,0.0015420551000000001,0.11792938850000001,3.310795691e-05,3.90344474e-06,0.00157542752,0.13904542949999998,3.310795691e-05,3.90344474e-06,0.0017730253899999999,0.164111579,3.310795691e-05,3.90344474e-06,2.5028149127960204
155,1656178200,3.071800119999999e-05,3.0718012400000006e-05,-0.08262474,2.0558693599,0.029184920499999996,0.00427328233,0.00874134475,0.00678481475,7.91807096e-06,6.3915885e-05,15.361888249999998,54.3,4.30603452e-06,2.5629202200000006e-06,1.1789223499999998e-06,8.260703650000001e-07,7.23673842e-07,6.274558660000001e-07,5.44996992e-07,4.724833610000001e-07,1.040717065e-06,1.95820384e-07,2.8798582400000003e-06,80.7269412,37.3543557,6.31498047e-10,9.1341602,0.001540677,0.128040138,4.555541598e-05,5.446733010000001e-06,0.0015930389999999999,0.1271021674,4.555541598e-05,5.446733010000001e-06,0.00165636366,0.16963063090000002,4.555541598e-05,5.446733010000001e-06,0.00180040554,0.163606138,4.555541598e-05,5.446733010000001e-06,2.5027875900268555
155,1656178800,2.75286914e-05,2.75286996e-05,0.11478903582000002,4.440229485410001,0.0351054233,0.00410120994,0.008454026600000001,0.00656795766,7.878849740000001e-06,8.12028908e-05,12.98426575,46.2,3.45156969e-06,2.5309905500000002e-06,1.19664984e-06,7.890605020000001e-07,6.25043115e-07,4.892865189999999e-07,4.33656448e-07,3.7129933800000003e-07,8.10004771e-07,1.9579619599999998e-07,2.8709251099999997e-06,81.8889459,38.9344401,5.462445360000001e-10,9.1495257,0.0014879921400000001,0.1085512948,1.509388285e-05,1.9435880399999997e-06,0.00154314312,0.1207757756,1.509388285e-05,1.9435880399999997e-06,0.0014892803900000001,0.1129099496,1.509388285e-05,1.9435880399999997e-06,0.00179083185,0.176498772,1.509388285e-05,1.9435880399999997e-06,2.502760624885559
155,1656179400,2.7852313999999996e-05,2.78523224e-05,0.013923049199999999,0.588472188,0.025903337000000005,0.00416394285,0.0085703382,0.0066685161300000005,4.792685029999999e-06,4.53201266e-05,13.867132949999998,52.3,3.63792007e-06,2.5247578400000003e-06,1.17379505e-06,8.0162905e-07,6.23687574e-07,5.01112817e-07,4.2226297000000005e-07,3.6964684700000003e-07,8.159947579999999e-07,1.9270944599999999e-07,2.86255929e-06,81.6859135,38.2168276,5.570733849999999e-10,9.145052100000001,0.00151112394,0.11063352779999999,1.876645101e-05,2.62076183e-06,0.0015852938,0.12340818840000001,1.876645101e-05,2.62076183e-06,0.00159676895,0.13619100950000002,1.876645101e-05,2.62076183e-06,0.00177997729,0.16033849,1.876645101e-05,2.62076183e-06,2.5027809143066406
155,1656180000,3.9724704299999995e-05,3.97247917e-05,-0.07933398589999999,3.9929151304999997,0.0407004499,0.00450909192,0.009318354650000001,0.00704272545,1.9427360729999998e-05,0.0001723009676,17.9545453,79.0,8.63722771e-06,3.27518087e-06,1.29458068e-06,8.46022261e-07,6.46898988e-07,5.0497693e-07,4.2950276600000006e-07,3.69206671e-07,8.033608490000001e-07,1.97647766e-07,2.85777504e-06,79.2603465,34.2973776,9.344610569999998e-10,9.095698,0.0015184089,0.1130981811,9.158017875e-05,1.1451606359999999e-05,0.00163895862,0.1408259724,9.158017875e-05,1.1451606359999999e-05,0.00190662627,0.3419207124,9.158017875e-05,1.1451606359999999e-05,0.00197760318,0.259688074,9.158017875e-05,1.1451606359999999e-05,2.5027594327926637
155,1656180600,3.48634659e-05,3.4863474e-05,0.023948398760000003,1.9328167749599998,0.029052829899999993,0.004320819929999999,0.0088230528,0.006757264019999999,1.3344876879999999e-05,0.00010858721099999999,15.421328400000002,57.1,6.7277066300000005e-06,2.8401019299999997e-06,1.27485774e-06,8.103101880000001e-07,6.15943694e-07,4.99817494e-07,4.23271379e-07,3.63645572e-07,8.12494952e-07,1.98263066e-07,2.8652656100000003e-06,80.6796965,36.9790306,7.83175393e-10,9.119515199999999,0.00150734547,0.1103525886,4.005476702e-05,6.47672095e-06,0.0016065699899999997,0.13682775809999997,4.005476702e-05,6.47672095e-06,0.0017420803000000001,0.2481976032,4.005476702e-05,6.47672095e-06,0.00185506223,0.23520611799999994,4.005476702e-05,6.47672095e-06,2.502854347229004
155,1656181200,6.25706371e-05,6.25706472e-05,0.019849975699999994,5.10632752475,0.044045210200000004,0.004628360420000001,0.009180173699999999,0.00685110825,6.312095664e-05,0.00053734588,16.8391607,69.5,1.7308365859999998e-05,5.47664239e-06,1.65885458e-06,9.5492039e-07,6.879437899999999e-07,5.255896829999999e-07,4.37935232e-07,3.8081833700000005e-07,8.029321250000001e-07,1.9581920400000001e-07,2.8554768099999995e-06,77.9577571,34.1868707,1.6794927480000001e-09,9.05792905,0.00154387285,0.1199274511,0.00034220580463,3.8874145579999994e-05,0.00167885196,0.2043443291,0.00034220580463,3.8874145579999994e-05,0.0020122429599999997,0.741685674,0.00034220580463,3.8874145579999994e-05,0.0020273766399999996,0.454948019,0.00034220580463,3.8874145579999994e-05,2.5027764081954955
155,1656181800,0.0001068286467,0.0001068286661,0.38631555590000005,36.58111523444,0.1018554526,0.00496138191,0.0095390418,0.00725391196,0.00019475583268,0.0018133168628999999,20.632867,87.3,3.877462492e-05,5.74626765e-06,1.8411056799999997e-06,1.087349018e-06,7.352789659999999e-07,5.54118585e-07,4.2896530600000003e-07,3.77035097e-07,8.07588784e-07,1.95434555e-07,2.8665246900000004e-06,73.211825,27.4937407,3.132300953e-09,8.951166750000002,0.00154740834,0.1369823866,0.0010451462869000001,0.00011459932968000002,0.0017081132200000002,0.2555592345,0.0010451462869000001,0.00011459932968000002,0.0023659690399999997,1.555050533,0.0010451462869000001,0.00011459932968000002,0.00223361756,0.8363147850000001,0.0010451462869000001,0.00011459932968000002,2.5028976678848265
155,1656182400,3.50025911e-05,3.5002610399999996e-05,0.21539566485000003,15.564758239700001,0.046448972500000005,0.00431184666,0.00878832135,0.0067984731699999995,1.993969267e-05,0.0001833672096,15.354895099999998,60.4,6.22963824e-06,3.37349044e-06,1.25959411e-06,8.31866429e-07,6.394368069999999e-07,5.056759539999999e-07,4.1338237400000005e-07,3.6659267800000003e-07,8.16171637e-07,1.9689463500000002e-07,2.8685499e-06,79.3946326,34.44361289999999,7.77213549e-10,9.1035379,0.0015133317000000002,0.11420943810000002,0.00013812869199999998,1.403316034e-05,0.0016070807699999998,0.1517118415,0.00013812869199999998,1.403316034e-05,0.0017492156600000003,0.2445507045,0.00013812869199999998,1.403316034e-05,0.0019018050199999998,0.222079132,0.00013812869199999998,1.403316034e-05,2.502742052078247
155,1656183000,2.7735095700000002e-05,2.7735101999999997e-05,0.0703277669,1.01300239025,0.03365212099999999,0.00418632383,0.00861038695,0.00670984073,3.972529560000001e-06,3.768369420000001e-05,14.134615399999998,39.9,3.67589722e-06,2.3655032000000002e-06,1.19072369e-06,8.139664009999999e-07,6.44711471e-07,5.10281556e-07,4.3339580299999997e-07,3.73459072e-07,7.999647569999999e-07,1.93570926e-07,2.86591791e-06,81.61777950000001,38.150508800000004,5.523156289999999e-10,9.14586795,0.0015103277099999999,0.1114174365,1.3703481489999998e-05,2.0040667099999997e-06,0.00157372723,0.12055612349999997,1.3703481489999998e-05,2.0040667099999997e-06,0.00164384708,0.13538937350000002,1.3703481489999998e-05,2.0040667099999997e-06,0.0017819529700000003,0.15769839,1.3703481489999998e-05,2.0040667099999997e-06,2.5027752161026
155,1656183600,2.8588107300000002e-05,2.85881263e-05,-0.016943774537000002,0.42856779808,0.0265131676,0.00422238039,0.008678491899999998,0.00675525414,4.33613114e-06,3.49902958e-05,15.0017484,46.5,3.97962287e-06,2.51801818e-06,1.19536337e-06,8.141291369999999e-07,6.454730019999999e-07,5.034603389999999e-07,4.1787609100000004e-07,3.62905548e-07,7.941664970000001e-07,1.9500027900000002e-07,2.8680135299999996e-06,81.22708960000001,37.4233695,5.78687062e-10,9.140571400000002,0.00150948828,0.11107215749999999,2.540771223e-05,3.18478608e-06,0.0015779508800000002,0.12174326180000002,2.540771223e-05,3.18478608e-06,0.0016642690099999999,0.14961337339999997,2.540771223e-05,3.18478608e-06,0.0018232148,0.169138349,2.540771223e-05,3.18478608e-06,2.502989387512207
155,1656184200,3.87550893e-05,3.87551075e-05,0.1001513091,1.9217815800599998,0.0373419948,0.00457485977,0.0094016684,0.007197403590000001,1.4481698520000001e-05,0.00010036241020000001,19.2692307,62.0,8.146245410000001e-06,3.2940228300000006e-06,1.27994115e-06,8.456452850000001e-07,6.218956269999999e-07,5.01837923e-07,4.25039334e-07,3.60348197e-07,8.210651249999999e-07,1.96826026e-07,2.88459146e-06,79.4510937,34.181821150000005,9.00755894e-10,9.097816799999999,0.0015299006099999998,0.11308718400000002,4.2189283699999994e-05,6.696160699999999e-06,0.00163627119,0.13707405199999997,4.2189283699999994e-05,6.696160699999999e-06,0.00198242974,0.2856588404,4.2189283699999994e-05,6.696160699999999e-06,0.00210103281,0.30213675900000003,4.2189283699999994e-05,6.696160699999999e-06,2.502575898170471
155,1656184800,4.2514730000000004e-05,4.2514745e-05,0.33315091223999993,8.661495236739999,0.047758516800000005,0.004381136240000001,0.008833613,0.006782337390000001,4.0614143480000004e-05,0.00040213331369999994,15.7010489,54.2,1.0137042890000001e-05,3.2055098199999997e-06,1.2531565300000002e-06,8.437506150000001e-07,6.33865452e-07,5.07064827e-07,4.26488742e-07,3.61557831e-07,8.263290549999999e-07,1.9396168300000004e-07,2.8685636199999997e-06,79.7427124,35.8156166,1.032808658e-09,9.0984429,0.0015185341200000002,0.11421055999999999,0.00016523165116999998,2.015367171e-05,0.00160910845,0.143507945,0.00016523165116999998,2.015367171e-05,0.0017936565199999997,0.3714021992,0.00016523165116999998,2.015367171e-05,0.0019364384199999998,0.319568082,0.00016523165116999998,2.015367171e-05,2.5027965545654296
155,1656185400,0.00011713149199999999,0.0001171315115,-0.43499113859000005,17.331999266249998,0.062680902,0.00454038674,0.00877709155,0.006842243349999999,0.00033841211523000003,0.0035804575782999995,15.622377599999998,51.7,4.438853827e-05,6.074164329999999e-06,1.4021520599999998e-06,8.54258651e-07,6.497249260000001e-07,5.15711236e-07,4.379772100000001e-07,3.6789936e-07,8.19581523e-07,1.96501529e-07,2.85910332e-06,77.3752506,34.19032623,3.5249054700000003e-09,9.023077579999999,0.00151169444,0.11541516650000001,0.0013222355937,0.00013175928078999999,0.00163298674,0.1809199689,0.0013222355937,0.00013175928078999999,0.0019342624199999998,1.3302842839000002,0.0013222355937,0.00013175928078999999,0.00204406786,1.4553760199999997,0.0013222355937,0.00013175928078999999,2.502634596824646
155,1656186000,6.838224459999999e-05,6.83822822e-05,0.08913722696000001,34.080741991800004,0.0785886104,0.004764838990000001,0.0095691107,0.0072679441400000004,8.992889870999998e-05,0.0008096797838,20.6940561,79.9,1.8802919389999998e-05,7.119909749999999e-06,1.5933992e-06,8.492931690000001e-07,6.14805044e-07,5.18516965e-07,4.2488271299999997e-07,3.7727565799999997e-07,8.24243055e-07,1.9769890100000001e-07,2.8681581e-06,75.78466599999999,30.8095387,1.8533405920000004e-09,9.0102015,0.0015172266799999999,0.11802030739999998,0.0005038288118800001,5.031929643999999e-05,0.0016752165200000003,0.165980069,0.0005038288118800001,5.031929643999999e-05,0.0020945694099999998,0.6659885471999999,0.0005038288118800001,5.031929643999999e-05,0.00222389369,0.735755536,0.0005038288118800001,5.031929643999999e-05,2.5029186248779296
155,1656186600,3.6278361399999994e-05,3.62783672e-05,-0.07169396790000002,2.3153126023999997,0.036388819,0.00452117634,0.009297380249999999,0.00709550755,1.256252247e-05,9.16591461e-05,19.3933569,82.6,6.935914259999999e-06,3.2604438699999994e-06,1.3514243299999998e-06,8.025857480000001e-07,6.30970065e-07,4.97526218e-07,4.2903597900000006e-07,3.67768784e-07,7.94319649e-07,1.96502364e-07,2.87261567e-06,78.840541,32.30438970000001,8.14298214e-10,9.0923077,0.0015179393400000002,0.11204308699999999,5.4763911300000004e-05,7.26631248e-06,0.0016610605,0.1437613314,5.4763911300000004e-05,7.26631248e-06,0.0019530353,0.2659217235,5.4763911300000004e-05,7.26631248e-06,0.00202051771,0.24829737739999996,5.4763911300000004e-05,7.26631248e-06,2.5027883291244506
155,1656187200,0.0001132740574,0.0001132741971,-0.0015981272029999979,1.3384552180000002,0.05408033550000001,0.00685441608,0.014779005600000002,0.010969057610000001,4.596412411e-05,0.0002853563085,48.463286499999995,118.9,3.5951973879999995e-05,1.0676803379999999e-05,2.5424301200000004e-06,1.24716855e-06,7.73838765e-07,5.92737094e-07,4.80972688e-07,4.01880597e-07,8.60994685e-07,1.96348258e-07,2.9119199799999997e-06,71.24966819999999,23.65940244,3.2983568960000007e-09,8.9195639,0.00169490611,0.1529704495,0.00027304603876,3.193230692e-05,0.0022313316599999996,0.3304062824,0.00027304603876,3.193230692e-05,0.00391058294,1.3859958491,0.00027304603876,3.193230692e-05,0.0035252794399999996,1.0824428190000002,0.00027304603876,3.193230692e-05,2.5029173374176024
155,1656187800,0.00025392782419999995,0.000253928419,0.01267420199999999,8.710646357,0.1069769747,0.01060553519,0.0224720537,0.0162490747,0.0001414155046,0.001170640217,91.22552590000002,188.4,8.91451131e-05,2.548355569e-05,4.1760717700000004e-06,1.68998076e-06,9.073000479999999e-07,6.70953073e-07,5.194758470000001e-07,4.1358033299999997e-07,8.66695954e-07,1.9672872799999998e-07,2.8950159099999997e-06,57.82427320000001,11.402538459999999,7.869987229999999e-09,8.592977600000001,0.00196806407,0.205058004,0.0007848437254,9.370973365e-05,0.0031954001100000006,0.66933906,0.0007848437254,9.370973365e-05,0.0070486802,3.5990152330000003,0.0007848437254,9.370973365e-05,0.00581408245,2.46699335,0.0007848437254,9.370973365e-05,2.5047940254211425
155,1656188400,0.00017642462459999998,0.0001764247228,0.12106389679999999,2.1806702694999998,0.070374673,0.008206780209999999,0.017456999799999998,0.012976876510000002,7.811439322e-05,0.0006374161448999999,59.13811299999999,115.2,5.3574483160000004e-05,2.1018873679999997e-05,4.7163877399999994e-06,1.979496743e-06,1.1112803290000002e-06,7.47663449e-07,5.65426879e-07,4.7469114299999994e-07,9.01314222e-07,1.9490003099999998e-07,2.92775098e-06,69.1047593,28.1159986,5.321721154000001e-09,8.8603431,0.00201010893,0.2351774084,0.00026888933384999997,3.9329972679999996e-05,0.00286180876,0.630571484,0.00026888933384999997,3.9329972679999996e-05,0.0044517076,2.0551310324000003,0.00026888933384999997,3.9329972679999996e-05,0.0043921853099999995,1.7961200300000002,0.00026888933384999997,3.9329972679999996e-05,2.500659132003784
155,1656189000,2.6363216599999995e-05,2.6363221699999997e-05,0.07457439969999999,1.3781272453000002,0.04763331650000001,0.004058850730000001,0.00832043811,0.00646224257,3.76908059e-06,3.54190608e-05,12.1905595,38.6,3.06007278e-06,2.29910848e-06,1.20923874e-06,8.16698319e-07,6.209943169999999e-07,4.94169248e-07,4.38073411e-07,3.6481142099999996e-07,8.02699803e-07,1.9561836699999998e-07,2.8800753699999996e-06,82.3813314,40.3915808,5.105085210000001e-10,9.15893475,0.00150547178,0.1103373961,9.186765280000001e-06,1.5205407540000001e-06,0.00156423339,0.11985441960000001,9.186765280000001e-06,1.5205407540000001e-06,0.0014422732,0.10833842739999999,9.186765280000001e-06,1.5205407540000001e-06,0.00170445584,0.14647140100000003,9.186765280000001e-06,1.5205407540000001e-06,2.502826619148254
155,1656189600,2.8514693700000002e-05,2.8514713e-05,0.038222319206,0.5380723667,0.028916174799999993,0.004231748269999999,0.0087292801,0.00675609529,3.83202132e-06,3.3331950099999993e-05,15.050699499999999,43.5,3.9252104599999995e-06,2.5229116e-06,1.20587279e-06,8.2090893e-07,6.16926593e-07,5.16347581e-07,4.2464608100000006e-07,3.65010359e-07,8.08194302e-07,1.92615185e-07,2.85864615e-06,81.1610211,37.2750027,5.756877519999999e-10,9.1406511,0.0015096985399999999,0.1110993959,1.3132285520000003e-05,2.0986951899999996e-06,0.0015800986099999998,0.121922737,1.3132285520000003e-05,2.0986951899999996e-06,0.0017009341099999999,0.145284287,1.3132285520000003e-05,2.0986951899999996e-06,0.00184126337,0.1714356546,1.3132285520000003e-05,2.0986951899999996e-06,2.5028737783432007
155,1656190200,3.95908683e-05,3.959087300000001e-05,0.3912181429,23.319158938310004,0.051745528000000006,0.004080549940000001,0.0082693361,0.00639653936,5.153315728000001e-05,0.0005366100997,11.618881100000001,52.3,8.916484960000001e-06,3.08886751e-06,1.18752796e-06,8.16858989e-07,6.23516504e-07,4.941147909999999e-07,4.283314389999999e-07,3.74443918e-07,8.089431010000001e-07,1.9673194499999998e-07,2.8594665999999994e-06,80.690733,38.5416321,9.411935559999999e-10,9.1129999,0.0015079373,0.1108837225,0.00019993035275,1.9358383734999997e-05,0.00154226427,0.12786566299999996,0.00019993035275,1.9358383734999997e-05,0.00143745619,0.23426498059999998,0.00019993035275,1.9358383734999997e-05,0.0017401715999999998,0.39404952950000005,0.00019993035275,1.9358383734999997e-05,2.5026540517807008
155,1656190800,2.4984574100000002e-05,2.4984579899999995e-05,-0.010425006130000001,0.1371382396,0.0210961749,0.0039738981000000005,0.008161563100000001,0.00637021961,2.6512235e-06,2.3392733650000003e-05,11.176573399999999,30.7,2.57910769e-06,2.16897666e-06,1.1701615600000001e-06,8.083612510000001e-07,6.1247287e-07,5.10277345e-07,4.145956260000001e-07,3.66469554e-07,8.07631733e-07,1.9456314600000002e-07,2.85961493e-06,83.1976746,42.0263298,4.714747640000001e-10,9.17102745,0.00150589332,0.1097974751,9.61536391e-06,1.4652943070000002e-06,0.00154141388,0.11452661049999999,9.61536391e-06,1.4652943070000002e-06,0.00134657399,0.0938663205,9.61536391e-06,1.4652943070000002e-06,0.00162595578,0.130081831,9.61536391e-06,1.4652943070000002e-06,2.5027750968933105
155,1656191400,2.70867524e-05,2.7086761899999997e-05,0.15925346592000003,7.2497769727,0.041124775599999996,0.0039845769,0.00814509295,0.006352246539999999,1.184424634e-05,0.00012533624904999998,11.2132866,53.7,3.4955979100000003e-06,2.27329617e-06,1.1838205399999998e-06,8.13728661e-07,6.20478957e-07,5.00245772e-07,4.27510068e-07,3.68364988e-07,8.058540430000001e-07,1.9407543700000005e-07,2.86029649e-06,82.2095912,39.869259400000004,5.348000629999999e-10,9.1537674,0.00149742535,0.1095717709,4.98995686e-05,5.19519875e-06,0.00154065101,0.11640829500000001,4.98995686e-05,5.19519875e-06,0.0013278861399999998,0.1190502642,4.98995686e-05,5.19519875e-06,0.0016493276500000001,0.16183505859999997,4.98995686e-05,5.19519875e-06,2.5028311252593993
155,1656192000,8.90900585e-05,8.909008380000001e-05,0.3128632478000001,11.623227056999998,0.0601946274,0.00524548492,0.0116774587,0.00795127409,6.643075489000001e-05,0.0004363200742,22.92832155,101.0,2.9716291900000002e-05,6.52536608e-06,1.5425946100000002e-06,9.145347949999999e-07,6.23379125e-07,5.26833839e-07,4.2952599300000003e-07,3.8610171700000003e-07,8.02730185e-07,1.99176396e-07,2.8784410300000002e-06,76.037071,30.2852912,2.564404369e-09,9.010298299999999,0.00152959935,0.117705294,0.0002429124963,4.005556053e-05,0.0017809922299999999,0.2302327695,0.0002429124963,4.005556053e-05,0.0026512869499999998,1.3195682299999998,0.0002429124963,4.005556053e-05,0.00231759998,0.6093228260000001,0.0002429124963,4.005556053e-05,2.5028667211532594
155,1656192600,2.82640089e-05,2.82640183e-05,0.060913308900000004,0.9980022735999998,0.028158774400000003,0.0041514388200000005,0.00854789015,0.006608245559999999,6.0325124900000005e-06,5.02771883e-05,14.0174824,55.7,3.9118496100000006e-06,2.46079904e-06,1.1758966e-06,8.10224048e-07,6.133409320000001e-07,5.200095809999999e-07,4.21469412e-07,3.63102115e-07,7.970925350000001e-07,1.9570476499999999e-07,2.86243922e-06,81.74141110000001,38.23957729999999,5.715728330000002e-10,9.1443005,0.0014942482600000001,0.1086243002,2.88702074e-05,3.95896556e-06,0.0015750009800000002,0.12236105160000002,2.88702074e-05,3.95896556e-06,0.0015984106400000002,0.15514783449999997,2.88702074e-05,3.95896556e-06,0.00173777452,0.155845533,2.88702074e-05,3.95896556e-06,2.502798008918762
155,1656193200,3.71056548e-05,3.71056647e-05,0.13314653541999996,11.0882419511,0.052650971199999994,0.00436944108,0.0088775962,0.006789425240000001,2.4463928280000007e-05,0.00020335145639999996,16.7465032,90.1,7.23901257e-06,3.2542667599999996e-06,1.2500687e-06,8.594003859999999e-07,6.73192727e-07,5.32520992e-07,4.31145922e-07,3.8873221299999994e-07,8.22834568e-07,1.96043668e-07,2.90555129e-06,79.02777819999999,33.3225512,8.39524358e-10,9.09444425,0.0015293790600000002,0.11568398880000001,7.856518425e-05,9.522204789999999e-06,0.0016100877399999997,0.1374605601,7.856518425e-05,9.522204789999999e-06,0.00173204593,0.24355880799999996,7.856518425e-05,9.522204789999999e-06,0.0019233563200000002,0.291923789,7.856518425e-05,9.522204789999999e-06,2.5028474807739256
155,1656193800,0.00010293840060000001,0.00010293848650000002,-0.02191477125000001,4.4648793421,0.061841520799999994,0.006018709990000001,0.013148578499999999,0.009254268290000003,6.510339784999999e-05,0.0005046806579500001,34.379370400000006,88.9,3.340982986e-05,9.229383340000001e-06,1.95276497e-06,9.896686610000002e-07,6.78417424e-07,5.184289389999999e-07,4.31514389e-07,3.6948943700000003e-07,8.14760501e-07,1.95993227e-07,2.87897498e-06,74.02909600000001,31.239374509999998,2.9988489299999994e-09,8.9543395,0.00158700861,0.129834378,0.00027467534606,4.10714637e-05,0.0019661939099999996,0.25778167939999996,0.00027467534606,4.10714637e-05,0.0031612529099999996,1.3766980074,0.00027467534606,4.10714637e-05,0.00290122844,0.906624532,0.00027467534606,4.10714637e-05,2.5027379512786867
155,1656194400,7.56542929e-05,7.565429830000001e-05,-0.28172249926,26.002809041300004,0.08894216949999999,0.005102538509999999,0.01037087535,0.0076187281299999994,8.491774903999999e-05,0.0007947947683,24.239510799999998,105.5,2.1936658799999997e-05,7.16357932e-06,1.7530594499999999e-06,9.538326000000002e-07,7.0567082e-07,5.371077969999999e-07,4.5618321599999997e-07,3.9068868699999996e-07,8.213261409999999e-07,1.9977180400000003e-07,2.9092378099999998e-06,74.1152092,28.0775114,2.077939666e-09,8.98026115,0.0015721952399999999,0.13237283860000001,0.00023740385915999997,3.0752342589999995e-05,0.0018035451000000002,0.23211566600000003,0.00023740385915999997,3.0752342589999995e-05,0.0023672728499999998,0.693842725,0.00023740385915999997,3.0752342589999995e-05,0.00239015535,0.827153143,0.00023740385915999997,3.0752342589999995e-05,2.5029014348983765
155,1656195000,2.5599152099999997e-05,2.55991572e-05,0.02590995561,1.7558351089699997,0.034709921899999996,0.003973017,0.0081735273,0.00634777758,4.93287811e-06,4.88019933e-05,11.1258742,39.8,2.7630558399999998e-06,2.2219337e-06,1.22008006e-06,8.10132999e-07,6.302734419999999e-07,4.84672603e-07,4.1803802800000005e-07,3.7956848e-07,8.042492290000001e-07,1.9404042e-07,2.8734771600000003e-06,82.84635929999999,41.43551080000001,4.89118608e-10,9.165198800000002,0.00150211419,0.11030490990000001,1.922927898e-05,2.486749429e-06,0.0015571946300000001,0.1186133176,1.922927898e-05,2.486749429e-06,0.00132868886,0.10220540060000001,1.922927898e-05,2.486749429e-06,0.0016198589100000001,0.1347307645,1.922927898e-05,2.486749429e-06,2.5026644706726073
155,1656195600,2.5430611300000002e-05,2.5430625599999998e-05,-0.06407301026000001,1.21225328448,0.024749391500000002,0.0039750005,0.008183379199999999,0.0063615984699999985,4.88792337e-06,4.96059333e-05,11.3461538,40.2,2.88266086e-06,2.1545521100000002e-06,1.13944427e-06,8.05949201e-07,6.01516063e-07,4.97724583e-07,4.10762044e-07,3.6108876e-07,8.134029279999999e-07,1.93932568e-07,2.8542519800000002e-06,82.8485092,41.1968624,4.862096619999999e-10,9.1649042,0.00149214467,0.1073270604,1.5654858440000002e-05,1.936743866e-06,0.0015335171500000001,0.1147805492,1.5654858440000002e-05,1.936743866e-06,0.00136159267,0.1049736877,1.5654858440000002e-05,1.936743866e-06,0.00163813742,0.1337001326,1.5654858440000002e-05,1.936743866e-06,2.502780294418335
155,1656196200,7.616298740000001e-05,7.61630065e-05,-0.59574858202,20.582459344700002,0.052890676299999995,0.0041760252999999995,0.00819736925,0.006364183210000001,0.00016362677914,0.00156190369435,11.5402097,55.6,2.6073512870000005e-05,3.5322831400000003e-06,1.8062407799999997e-06,8.59891553e-07,6.48983205e-07,5.0371452e-07,4.1516456400000006e-07,3.688843099999999e-07,8.083573829999998e-07,1.9556999200000002e-07,2.8688301099999997e-06,79.55634169999999,38.47049073000001,2.15627171e-09,9.078223,0.0014933340300000001,0.11696606540000001,0.0012318444523999998,0.00011958746355,0.00157030612,0.1732068022,0.0012318444523999998,0.00011958746355,0.0015264146800000001,1.1394914084,0.0012318444523999998,0.00011958746355,0.0017181500200000002,0.48070500560000007,0.0012318444523999998,0.00011958746355,2.502711534500122
155,1656196800,2.8073332e-05,2.8073340300000005e-05,0.19534575572,9.1436873538,0.0389686783,0.00405064953,0.0083447946,0.00645842774,1.293549308e-05,0.0001340003549,12.0681819,45.3,3.6278007499999998e-06,2.5466858999999998e-06,1.2166562499999998e-06,8.366215339999999e-07,6.27405358e-07,5.037432569999999e-07,4.30221675e-07,3.69379324e-07,8.037942600000001e-07,1.9323109500000002e-07,2.88107737e-06,81.7302356,39.2004624,5.62412176e-10,9.1467469,0.0015017347700000002,0.10926710749999999,4.209186828999999e-05,4.41265694e-06,0.00157008071,0.12350119550000001,4.209186828999999e-05,4.41265694e-06,0.0014128323300000001,0.120817073,4.209186828999999e-05,4.41265694e-06,0.0016617914800000002,0.179412997,4.209186828999999e-05,4.41265694e-06,2.502774691581726
155,1656197400,2.79664921e-05,2.7966497000000002e-05,-0.07006219510000002,5.559914264449999,0.0302561625,0.00402240999,0.0082131735,0.006389676729999999,1.0654238619999999e-05,0.0001024795867,11.6031468,47.4,3.8128439499999997e-06,2.4220749e-06,1.14960492e-06,7.992669939999999e-07,6.51426348e-07,5.15113031e-07,4.0526486e-07,3.72663032e-07,8.0567843e-07,1.95022482e-07,2.8542326e-06,82.0988726,39.7066077,5.638806689999999e-10,9.1492054,0.00150956214,0.11140806399999999,8.058770206e-05,8.557168235e-06,0.00153268748,0.1227565433,8.058770206e-05,8.557168235e-06,0.00140181317,0.15778630459999998,8.058770206e-05,8.557168235e-06,0.0016402554099999998,0.14197435659999996,8.058770206e-05,8.557168235e-06,2.5027501344680787
155,1656198000,2.3839193e-05,2.38392028e-05,0.01319350386,0.020679595340000002,0.0207749126,0.0038930076300000005,0.0080515018,0.006261876129999999,1.8454167699999998e-06,1.5662311900000002e-05,10.0506995,23.4,2.17798911e-06,2.02733073e-06,1.15975e-06,7.710926069999999e-07,6.21728814e-07,5.158414839999999e-07,4.1353357399999997e-07,3.6470809599999996e-07,7.942245099999999e-07,1.9348585500000002e-07,2.8797064399999998e-06,83.88081,43.7223042,4.3779922599999993e-10,9.18122305,0.0014965078,0.1089649487,5.7502494700000005e-06,9.86741136e-07,0.0015118348299999998,0.11013612340000001,5.7502494700000005e-06,9.86741136e-07,0.00123867744,0.075667021,5.7502494700000005e-06,9.86741136e-07,0.0015768001599999997,0.1204041874,5.7502494700000005e-06,9.86741136e-07,2.502777647972107
155,1656198600,0.0001087549767,0.00010875498309999999,0.13532272378000001,36.28240252234,0.09951207979999999,0.004309626969999999,0.00832508525,0.00641967453,0.00036184193199999997,0.003848463854899999,12.566433399999998,68.8,3.67775114e-05,9.230792429999999e-06,1.5372231500000002e-06,9.78209731e-07,6.45816351e-07,5.268084e-07,4.47705154e-07,3.74753054e-07,8.07826565e-07,1.9712102899999998e-07,2.8536071699999996e-06,77.2790063,35.83643935,3.218195376e-09,9.017613,0.0014929796299999998,0.1112371069,0.0014183261225200001,0.00015606212023,0.0016088074800000001,0.2660089854,0.0014183261225200001,0.00015606212023,0.0016062073000000002,1.6999437289,0.0014183261225200001,0.00015606212023,0.0018186649700000002,0.7643517263999999,0.0014183261225200001,0.00015606212023,2.5027978658676147
155,1656199200,5.0472502600000003e-05,5.047251540000001e-05,-0.08458072216599996,15.283609161435,0.046183279199999996,0.004416957460000001,0.00881220835,0.00663607467,4.6572513610000003e-05,0.0004003935964,15.117132799999998,75.8,1.3493993750000001e-05,3.75925616e-06,1.33272701e-06,8.43394939e-07,6.338727579999999e-07,5.20105876e-07,4.36629789e-07,3.60086934e-07,8.04565897e-07,1.9175897599999998e-07,2.85969204e-06,78.62880199999998,34.994836019999994,1.292697551e-09,9.06930615,0.0015161874600000001,0.11601702359999999,0.00016836801282999999,2.4264068614e-05,0.0016090439000000002,0.1447556826,0.00016836801282999999,2.4264068614e-05,0.0017419670800000002,0.5229198356,0.00016836801282999999,2.4264068614e-05,0.00190176084,0.39359582159999995,0.00016836801282999999,2.4264068614e-05,2.502799367904663
155,1656199800,2.3865784599999997e-05,2.38657882e-05,-0.009415027589000001,-0.015844802300000002,0.020461072099999998,0.0039017725499999995,0.0080201357,0.0062513386399999996,1.85633901e-06,1.6693834099999997e-05,10.054195700000001,25.5,2.21778918e-06,2.0565593499999996e-06,1.10206709e-06,7.75901668e-07,6.18540256e-07,4.992925729999999e-07,4.2239617199999995e-07,3.72465524e-07,8.050125319999998e-07,1.9889556500000002e-07,2.8639156199999997e-06,83.8386563,43.5057351,4.4035025099999995e-10,9.179243449999998,0.00148696666,0.10681033929999999,6.1027554300000006e-06,1.015399641e-06,0.0015141692199999999,0.11120097339999999,6.1027554300000006e-06,1.015399641e-06,0.0012557620699999998,0.077453891,6.1027554300000006e-06,1.015399641e-06,0.0015803285399999998,0.1199074339,6.1027554300000006e-06,1.015399641e-06,2.502866816520691
155,1656200400,6.999294530000001e-05,6.999295390000001e-05,-0.72178561919,29.78275253122,0.05595210049999999,0.004214603859999999,0.0082868472,0.006439886000000001,0.00019747765758000002,0.0020947074757,11.893356900000002,68.0,2.072330344e-05,6.16329038e-06,1.51825822e-06,8.25220671e-07,6.10980065e-07,5.152930979999999e-07,4.34306756e-07,3.7839947699999996e-07,7.979219940000001e-07,1.9700121400000001e-07,2.8323910500000005e-06,78.5315067,36.40947195,1.931260869e-09,9.057778050000001,0.00151468194,0.11339771250000001,0.0007248837283600001,8.9279401699e-05,0.0015963316699999998,0.2292301515,0.0007248837283600001,8.9279401699e-05,0.0015624092,1.0116237444,0.0007248837283600001,8.9279401699e-05,0.0017651406500000001,0.382168835,0.0007248837283600001,8.9279401699e-05,2.5027337789535524
155,1656201000,2.5503106800000002e-05,2.55031331e-05,0.0063026897,0.08619835596,0.0247611881,0.00402455662,0.008302809000000001,0.00645226862,2.49470516e-06,2.21497102e-05,11.82517485,32.9,2.84882102e-06,2.2011574700000003e-06,1.13908986e-06,7.851894569999999e-07,6.16930849e-07,4.90054522e-07,4.284831190000001e-07,3.75418027e-07,7.94850822e-07,1.98569848e-07,2.8729073200000004e-06,82.79004080000001,41.0289821,4.86604129e-10,9.1661894,0.0014972906,0.1088029981,8.30976889e-06,1.3350171240000002e-06,0.0015321427800000001,0.1138230901,8.30976889e-06,1.3350171240000002e-06,0.0014718876999999999,0.1050681479,8.30976889e-06,1.3350171240000002e-06,0.0016477853599999998,0.134352597,8.30976889e-06,1.3350171240000002e-06,2.5027537107467652
155,1656201600,2.7728969899999998e-05,2.7728977200000002e-05,0.01841918889,2.6944276194000003,0.02912017,0.00412602496,0.008491365550000001,0.00659887093,6.643463030000002e-06,6.57422195e-05,13.323426800000002,47.5,3.74795798e-06,2.38296153e-06,1.1583303400000001e-06,8.176134970000001e-07,6.21550647e-07,5.1169197e-07,4.2215864800000004e-07,3.6283764299999996e-07,8.058490580000001e-07,1.9409296e-07,2.83936271e-06,81.64930540000002,38.175666099999994,5.545701980000001e-10,9.1464331,0.0015072736100000001,0.11113126840000001,4.110123036e-05,4.54961213e-06,0.00155911886,0.11944465959999999,4.110123036e-05,4.54961213e-06,0.0015883744700000001,0.14592627549999998,4.110123036e-05,4.54961213e-06,0.0017538012700000001,0.152635105,4.110123036e-05,4.54961213e-06,2.502769708633423
155,1656202200,3.6938664200000004e-05,3.69386833e-05,0.24929766060000005,8.37275018095,0.0491611567,0.0043152350699999995,0.008668527200000001,0.0066773004999999995,2.4498111819999998e-05,0.0002164425687,15.061189000000002,74.9,7.296866829999999e-06,3.22720189e-06,1.30173645e-06,8.385041470000001e-07,6.26373961e-07,5.035146340000001e-07,4.33179549e-07,3.64804208e-07,8.12185899e-07,1.9607772000000003e-07,2.86881054e-06,79.68553349999999,35.0434417,8.40921774e-10,9.10467295,0.00152371006,0.11464097749999999,7.199828786000001e-05,9.29051665e-06,0.00160831035,0.1403332915,7.199828786000001e-05,9.29051665e-06,0.0016773591599999998,0.2558421906,7.199828786000001e-05,9.29051665e-06,0.00189150526,0.276257011,7.199828786000001e-05,9.29051665e-06,2.502805304527283
155,1656202800,3.67240082e-05,3.67240187e-05,-0.013888388989999997,0.8351606377999999,0.0384425762,0.00451446767,0.009489093600000002,0.00719611278,9.68117493e-06,6.229501130000001e-05,18.9055943,62.0,7.01379321e-06,3.3557257200000005e-06,1.2975861399999998e-06,8.344911610000001e-07,6.34579235e-07,5.084442089999999e-07,4.34908187e-07,3.7152758800000003e-07,8.32710781e-07,1.9432527599999998e-07,2.8837430999999997e-06,79.9740485,35.61231585,8.341937639999999e-10,9.111164749999997,0.0015092405,0.11250609330000001,3.826448551e-05,5.73731593e-06,0.00166642556,0.1439230756,3.826448551e-05,5.73731593e-06,0.00192326092,0.27557147200000004,3.826448551e-05,5.73731593e-06,0.00201083907,0.248631885,3.826448551e-05,5.73731593e-06,2.502732348442078
155,1656203400,3.2735353300000005e-05,3.27353654e-05,-0.09734363964999998,3.1055969420000005,0.028963979,0.0042460621399999995,0.00861597165,0.00666996536,1.569016806e-05,0.00015620183809999998,14.449301,57.2,6.0010176e-06,2.64367808e-06,1.15605019e-06,7.84725196e-07,6.057529579999999e-07,5.093358e-07,4.30223395e-07,3.73400717e-07,8.011714409999999e-07,1.9229388799999998e-07,2.8699944399999998e-06,80.826307,36.94578309999999,7.14026157e-10,9.1251936,0.00149111498,0.1076739568,5.3737168579999993e-05,6.90857542e-06,0.0015661442599999998,0.12128309649999999,5.3737168579999993e-05,6.90857542e-06,0.0016804853000000001,0.198296423,5.3737168579999993e-05,6.90857542e-06,0.0018448655300000003,0.24108885099999994,5.3737168579999993e-05,6.90857542e-06,2.502857279777527
155,1656204000,7.058744609999999e-05,7.058745699999998e-05,0.36093814609999997,23.964648982635,0.07904844149999998,0.00455198084,0.008844574099999999,0.0068240948199999995,8.894472585e-05,0.0007452268484000001,16.2674823,88.6,2.0446513899999998e-05,6.2130875699999994e-06,1.7774993e-06,9.71289622e-07,6.61099036e-07,5.10831678e-07,4.55914639e-07,3.80538112e-07,8.29149322e-07,1.9558180400000001e-07,2.8522026e-06,76.3215462,31.033540199999994,1.931420454e-09,9.029969900000001,0.00153359237,0.1348282416,0.00037112532299999994,4.126927263e-05,0.0016355521000000002,0.20229170829999998,0.00037112532299999994,4.126927263e-05,0.00195796682,0.62346407,0.00037112532299999994,4.126927263e-05,0.00204327807,0.782041256,0.00037112532299999994,4.126927263e-05,2.502752184867859
155,1656204600,3.3176215099999995e-05,3.31762288e-05,-0.017135928840000002,9.15760092975,0.0382135349,0.00425553312,0.008687309,0.006721617360000001,2.3120039069999998e-05,0.0002327413428999999,14.9895104,55.4,5.8953772e-06,2.93085901e-06,1.1919722799999998e-06,7.994528470000001e-07,6.36509366e-07,4.88818969e-07,4.17299291e-07,3.66931422e-07,8.072184969999999e-07,1.90085516e-07,2.86357004e-06,80.2640494,35.7231233,7.236288179999999e-10,9.11604705,0.00150110291,0.10919578110000001,0.00012103323679999998,1.2881673670000002e-05,0.0015994046800000001,0.1325098146,0.00012103323679999998,1.2881673670000002e-05,0.0016852462999999997,0.24482915959999998,0.00012103323679999998,1.2881673670000002e-05,0.00182451582,0.19550334500000002,0.00012103323679999998,1.2881673670000002e-05,2.5028178691864014
155,1656205200,5.5596364600000006e-05,5.5596381e-05,-0.36342153474999994,36.7915966752,0.0765334872,0.004694173479999999,0.009466728099999999,0.00724514629,8.183195176e-05,0.0008363276043,20.4842662,91.6,1.3085524370000001e-05,5.75753807e-06,1.8773462999999998e-06,1.005248354e-06,7.26583278e-07,5.351835679999999e-07,4.630346789999999e-07,3.99967248e-07,8.37236051e-07,1.96733382e-07,2.91376819e-06,75.33669320000001,28.996626749999997,1.406748494e-09,9.024291600000002,0.0015360649099999998,0.1331791263,0.0004152242115,4.227290165e-05,0.00169244175,0.1996456558,0.0004152242115,4.227290165e-05,0.0021385797899999997,0.560758315,0.0004152242115,4.227290165e-05,0.0021356625099999997,0.4186246410000001,0.0004152242115,4.227290165e-05,2.502861762046814
155,1656205800,0.0001038996957,0.000103899714,-0.17959848929999989,49.38606918909,0.0933179088,0.00463729486,0.0091097148,0.0070065421200000005,0.00018729423427999998,0.0016813711291000003,17.8741257,87.3,2.8982360949999993e-05,1.2710011209999998e-05,2.8513435699999996e-06,1.283660619e-06,7.749879559999999e-07,5.931974620000001e-07,4.4925186399999996e-07,3.9400888699999995e-07,8.318786589999999e-07,1.9585554000000003e-07,2.88325771e-06,74.3876171,30.5194823,2.9757876619999995e-09,8.992259999999998,0.0015415093499999998,0.18931098940000002,0.0018188055794100002,0.00017347992248999998,0.0017260009799999997,0.5155694311,0.0018188055794100002,0.00017347992248999998,0.0020835700499999997,1.3914203686,0.0018188055794100002,0.00017347992248999998,0.00201108634,0.5980542406,0.0018188055794100002,0.00017347992248999998,2.5027802705764772
155,1656206400,3.66715676e-05,3.6671580399999995e-05,0.0560914938,1.4707199314000001,0.0327072715,0.004543102060000001,0.00939544385,0.0071336390799999995,1.0077883789999999e-05,6.97485331e-05,19.466783,63.2,6.970373549999999e-06,3.45090926e-06,1.31745811e-06,8.06947997e-07,6.190934019999999e-07,5.11588091e-07,4.32984058e-07,3.64562302e-07,7.916371789999999e-07,1.96089999e-07,2.87412473e-06,79.26785290000001,33.837453000000004,8.31086747e-10,9.0968896,0.00150658385,0.11116946940000001,4.2250071139999995e-05,5.837312120000001e-06,0.00164569122,0.1420221665,4.2250071139999995e-05,5.837312120000001e-06,0.00198217583,0.258158369,4.2250071139999995e-05,5.837312120000001e-06,0.00205200542,0.26532268200000003,4.2250071139999995e-05,5.837312120000001e-06,2.5027923345565797
155,1656207000,5.40110771e-05,5.4011107900000006e-05,0.004331333250000018,21.7417367757,0.0590302139,0.00470452263,0.00939787065,0.0071870578199999995,6.809984936000002e-05,0.0006377925623000001,20.3076925,96.4,1.386532401e-05,4.94687557e-06,1.42507102e-06,8.67215694e-07,6.5720864e-07,5.11179229e-07,4.3542940900000006e-07,3.7611492900000004e-07,8.24789064e-07,1.94502809e-07,2.90179296e-06,76.23915480000001,29.586066500000005,1.380323247e-09,9.032670499999998,0.00154029206,0.11872682350000001,0.00033923165367,3.445209323e-05,0.00166697941,0.160688177,0.00033923165367,3.445209323e-05,0.0021080688700000003,0.5291974340000001,0.00033923165367,3.445209323e-05,0.0021405330800000006,0.4573836859999999,0.00033923165367,3.445209323e-05,2.502812695503235
155,1656207600,2.7147763299999998e-05,2.71477843e-05,0.0991473223,1.1033890102,0.029028247300000004,0.00414004935,0.008541469199999999,0.00665323751,2.82389593e-06,2.32198717e-05,13.377622299999999,33.6,3.3115199e-06,2.4405332799999998e-06,1.17815903e-06,8.41142571e-07,6.3091724e-07,5.03956979e-07,4.2920289200000007e-07,3.70761177e-07,7.935758409999999e-07,1.92850923e-07,2.88122353e-06,81.9018756,38.9783366,5.329590369999999e-10,9.152039850000001,0.0015107233600000001,0.11064622449999999,9.149195900000001e-06,1.58721886e-06,0.0015532817000000001,0.11927931089999999,9.149195900000001e-06,1.58721886e-06,0.0015808390799999998,0.1226084623,9.149195900000001e-06,1.58721886e-06,0.0017827739699999997,0.156319702,9.149195900000001e-06,1.58721886e-06,2.5028038024902344
155,1656208200,3.5549542e-05,3.5549566399999996e-05,-0.054990963299999994,1.362790753,0.0301061984,0.0046036309899999996,0.009499993499999998,0.00728935855,8.177922269999999e-06,6.51485968e-05,20.8304197,70.0,6.523998279999999e-06,3.3705853399999997e-06,1.25712627e-06,8.374177179999999e-07,6.26419755e-07,5.044817760000001e-07,4.19922633e-07,3.64579252e-07,8.116336189999999e-07,1.9826201e-07,2.8603326899999997e-06,78.71262920000001,31.6479964,7.89885856e-10,9.0926051,0.00151317204,0.11151493539999999,5.797137420000001e-05,6.97010801e-06,0.00167198972,0.1398700204,5.797137420000001e-05,6.97010801e-06,0.0020484066700000004,0.262639174,5.797137420000001e-05,6.97010801e-06,0.00210930616,0.23136966400000003,5.797137420000001e-05,6.97010801e-06,2.502998471260071
155,1656208800,4.15428026e-05,4.1542806600000004e-05,-0.05099568119999999,1.0527496568,0.0313554573,0.004910511949999999,0.010092351250000001,0.007770433740000001,1.1482841439999999e-05,8.43494585e-05,25.3566431,76.9,8.97786098e-06,3.7795332300000005e-06,1.30207256e-06,8.6714037e-07,6.48778739e-07,5.21924393e-07,4.200468430000001e-07,3.7287134500000004e-07,8.049790240000001e-07,1.9503575300000003e-07,2.88106739e-06,77.36601789999999,29.456578,9.788631020000001e-10,9.063414000000002,0.00155457156,0.11697343549999999,5.213221149999999e-05,7.760102889999999e-06,0.00173434551,0.15063617499999998,5.213221149999999e-05,7.760102889999999e-06,0.00240434203,0.353762356,5.213221149999999e-05,7.760102889999999e-06,0.0022837727500000004,0.296691891,5.213221149999999e-05,7.760102889999999e-06,2.5026790618896486
155,1656209400,3.79448901e-05,3.7944944300000005e-05,-0.020443512150000002,2.2359088750000002,0.0347371756,0.00469269466,0.009623399849999999,0.00741182851,1.4199242620000004e-05,0.00012682389999999998,21.9527975,82.5,7.728628059999998e-06,3.3004240899999997e-06,1.2755452699999998e-06,8.228509649999999e-07,6.38276419e-07,5.098462930000001e-07,4.36844405e-07,3.65662441e-07,8.14540734e-07,1.9608752099999998e-07,2.8837706899999996e-06,78.207055,30.961374600000006,8.642239489999999e-10,9.082779250000002,0.00153754892,0.1144010987,5.063795975000002e-05,7.29083437e-06,0.0016807974499999999,0.14483759499999999,5.063795975000002e-05,7.29083437e-06,0.00220317699,0.29696685700000003,5.063795975000002e-05,7.29083437e-06,0.0021475270699999995,0.25947760999999997,5.063795975000002e-05,7.29083437e-06,2.5027145862579347
155,1656210000,6.15352048e-05,6.15352235e-05,-0.21947521304,17.660293821569997,0.05637449339999999,0.004466541239999999,0.00886075255,0.0068738188399999995,0.00010696250149000001,0.0010880399252000002,16.2517482,66.9,1.987324325e-05,3.05086622e-06,1.2591358900000003e-06,8.073248670000001e-07,6.18558492e-07,5.01913952e-07,4.29066808e-07,3.72374743e-07,8.008715220000001e-07,1.9622279299999999e-07,2.8578561600000004e-06,77.84857359999998,32.66398127000001,1.664664261e-09,9.0509496,0.0014919373900000002,0.10980311439999998,0.0007890161212999999,8.013394153000002e-05,0.0016001136200000001,0.141047532,0.0007890161212999999,8.013394153000002e-05,0.0019450674100000003,0.83038426,0.0007890161212999999,8.013394153000002e-05,0.0019923826199999997,0.410883145,0.0007890161212999999,8.013394153000002e-05,2.502758741378784
155,1656210600,3.33431493e-05,3.334316690000001e-05,-0.07573667262499999,2.4876221867,0.029863898700000002,0.00447152143,0.00919778815,0.0071075628,9.2059299e-06,8.29708904e-05,18.0122376,56.4,5.932769610000001e-06,2.84508484e-06,1.24013693e-06,8.25225302e-07,6.233152270000001e-07,5.08943365e-07,4.2076874299999997e-07,3.76579301e-07,8.187747589999999e-07,1.9651750699999997e-07,2.8832740999999996e-06,79.707497,33.6860718,7.22677062e-10,9.11111135,0.00151562144,0.1112669875,4.951840245000001e-05,5.6603343e-06,0.0016379369099999998,0.131583168,4.951840245000001e-05,5.6603343e-06,0.0019533692799999997,0.22462233999999998,4.951840245000001e-05,5.6603343e-06,0.00200982571,0.21493110899999998,4.951840245000001e-05,5.6603343e-06,2.5027842998504637
155,1656211200,8.486023290000001e-05,8.48608211e-05,-1.015848631,32.13622976,0.08579449699999998,0.0056941501700000004,0.0116768805,0.008533314499999998,8.365995697000001e-05,0.0007554756285999999,32.342657200000005,145.0,2.4944686989999996e-05,7.3626462900000004e-06,1.8016911e-06,1.03545486e-06,9.07595442e-07,9.208492339999999e-07,6.60307405e-07,4.84814203e-07,1.111506355e-06,2.00634418e-07,3.0002897e-06,70.2052276,22.106893,2.320001285e-09,8.9281105,0.00166046475,0.16968916879999998,0.00038044839220000004,4.654683797000001e-05,0.0018843463999999998,0.22730720399999998,0.00038044839220000004,4.654683797000001e-05,0.0029232933799999998,0.9440547720000001,0.00038044839220000004,4.654683797000001e-05,0.0027375259999999997,0.7351762709999999,0.00038044839220000004,4.654683797000001e-05,2.5029102087020876
155,1656211800,5.0853154899999995e-05,5.08531734e-05,-0.7304128540079999,33.551451645,0.06746415419999999,0.00467834039,0.009316691200000001,0.007143414990000001,5.8616140040000005e-05,0.0005770969885,19.473776100000002,97.7,1.290580337e-05,3.9634000700000005e-06,1.46515603e-06,8.978782769999999e-07,7.395374470000001e-07,6.14534335e-07,4.58534831e-07,4.0026702299999997e-07,8.656200669999999e-07,2.02164906e-07,2.9136129699999998e-06,75.37881680000001,27.114194000000005,1.2620005799999999e-09,9.025698600000002,0.00156274148,0.1305524165,0.0003486241777000001,3.586099833e-05,0.0016571886000000002,0.156162584,0.0003486241777000001,3.586099833e-05,0.00211436336,0.5007068499999999,0.0003486241777000001,3.586099833e-05,0.0021000192499999997,0.387350377,0.0003486241777000001,3.586099833e-05,2.5027207374572753
155,1656212400,5.48116966e-05,5.4811702e-05,0.05629072659999999,6.50191974955,0.0459366476,0.00499089917,0.010260904150000002,0.007668355220000001,3.590958536e-05,0.00027749045800000004,24.103146900000002,82.6,1.463274996e-05,4.39025688e-06,1.47987729e-06,8.988051279999999e-07,6.709951130000001e-07,5.636455649999999e-07,4.4527187899999995e-07,3.76815412e-07,8.591386419999999e-07,1.9295611e-07,2.8953008299999995e-06,76.4885809,29.842350900000003,1.41134485e-09,9.0373121,0.00154914252,0.12132930849999998,0.00020463997155,2.4472398119999995e-05,0.0017151552900000003,0.1820892736,0.00020463997155,2.4472398119999995e-05,0.0024208116100000003,0.58845366,0.00020463997155,2.4472398119999995e-05,0.0022826321700000003,0.4002943259999999,0.00020463997155,2.4472398119999995e-05,2.5027594804763793
155,1656213000,6.94488502e-05,6.944885469999999e-05,0.3038900618,34.67000129006,0.0751401226,0.004634285489999999,0.00921609135,0.0071004157099999994,0.00013390149664,0.0013855537526000002,18.730769,88.9,2.2365248209999998e-05,4.28240558e-06,1.3296892000000002e-06,8.479406389999999e-07,6.732061410000001e-07,5.24352447e-07,4.47541289e-07,3.72056169e-07,8.126600770000001e-07,1.9422096999999997e-07,2.8750256800000004e-06,76.09445629999999,30.19044157,1.9079232119999997e-09,9.012841499999999,0.00153035943,0.11665647910000002,0.00145169834212,0.00013766986417,0.0016539730899999996,0.18446389140000002,0.00145169834212,0.00013766986417,0.0021091450099999997,1.1036194719999999,0.00145169834212,0.00013766986417,0.00200359248,0.30969095500000005,0.00145169834212,0.00013766986417,2.5028126716613768
155,1656213600,6.40389678e-05,6.40389954e-05,-0.44810681269,19.3327180083,0.05237357890000001,0.00466906713,0.009233832899999999,0.007060085400000001,9.424415197e-05,0.0008836436608999999,18.5804193,75.1,1.972199894e-05,4.06256229e-06,1.4794092599999999e-06,8.741527800000001e-07,6.31357577e-07,5.1649727e-07,4.39833679e-07,3.8210702700000004e-07,8.34323033e-07,1.9422228699999999e-07,2.88285308e-06,76.9658406,31.637260500000004,1.7299742759999998e-09,9.03844975,0.00153257573,0.1144913899,0.0008843121470200001,8.520082683e-05,0.0016526122899999998,0.1817303906,0.0008843121470200001,8.520082683e-05,0.00213467,0.943884522,0.0008843121470200001,8.520082683e-05,0.0020195602899999994,0.31935956,0.0008843121470200001,8.520082683e-05,2.5027307987213137
155,1656214200,4.2383683299999994e-05,4.2383693e-05,-0.09655551100999998,14.4849898158,0.04811977560000001,0.0045997428899999995,0.0094434365,0.007210854899999999,2.982517211e-05,0.00027205272500000003,19.9405591,78.6,8.79752424e-06,4.29015933e-06,1.40413023e-06,8.90399436e-07,6.24181412e-07,5.15831381e-07,4.3882417200000005e-07,3.6059962699999996e-07,8.14361955e-07,1.9793982600000001e-07,2.8578155799999997e-06,77.76428279999999,32.010328599999994,1.007350346e-09,9.0686856,0.0015438812999999999,0.1166225264,0.0001637600092,1.8088609839999995e-05,0.0016915920100000002,0.16419522999999997,0.0001637600092,1.8088609839999995e-05,0.00194649439,0.335463647,0.0001637600092,1.8088609839999995e-05,0.00212579096,0.325246306,0.0001637600092,1.8088609839999995e-05,2.502768635749817
155,1656214800,6.47718467e-05,6.477186979999999e-05,-0.7711074717999999,21.5556081467,0.06040473190000001,0.00494235921,0.010073452850000001,0.0074477304300000005,7.844649083999999e-05,0.0007496084077,22.267482800000003,120.7,1.6878069200000002e-05,6.64262507e-06,1.72344025e-06,9.80959395e-07,7.415956010000001e-07,6.243712130000001e-07,4.6214277e-07,3.9661955999999995e-07,8.57358892e-07,1.9545513999999998e-07,2.88318053e-06,74.9313902,28.7647851,1.71354698e-09,9.0083534,0.00157748198,0.13847934080000002,0.00027264232940000003,3.5080274959999996e-05,0.0017609968799999997,0.24042383800000003,0.00027264232940000003,3.5080274959999996e-05,0.00229875901,0.685543193,0.00027264232940000003,3.5080274959999996e-05,0.0022589662300000002,0.49540024700000007,0.00027264232940000003,3.5080274959999996e-05,2.5028270959854124
155,1656215400,4.17534211e-05,4.17534296e-05,0.0377986450445,14.791445538899998,0.050732668300000006,0.004464239270000001,0.008959683199999999,0.006893686309999999,4.385231292e-05,0.0004361521338,17.006993150000003,87.7,9.61148781e-06,3.38376415e-06,1.26765996e-06,8.264546140000001e-07,6.05782967e-07,5.225234610000001e-07,4.3352119800000004e-07,3.69072787e-07,7.972042880000001e-07,1.95401546e-07,2.8638120199999996e-06,78.15626209999999,31.810274,9.930714480000001e-10,9.071143900000001,0.0015060125300000002,0.1104151611,0.0001928102261,1.988585532e-05,0.0016261899500000002,0.14518687040000003,0.0001928102261,1.988585532e-05,0.00187086468,0.3450143726,0.0001928102261,1.988585532e-05,0.00199280705,0.325606215,0.0001928102261,1.988585532e-05,2.5027289152145387
155,1656216000,0.00010259876039999999,0.0001025987744,0.53016162425,33.941590922699994,0.09993068199999999,0.0045758746700000005,0.0088429506,0.0067804753799999996,0.00024170412801000004,0.0024354074417,15.6888111,71.8,3.792216025e-05,4.62483979e-06,1.92777236e-06,9.587677380000001e-07,6.66987e-07,5.230567969999999e-07,4.237819429999999e-07,3.8057313e-07,8.19938243e-07,1.94197578e-07,2.85724797e-06,75.8834908,32.481734599999996,3.015097726e-09,8.99534465,0.00151514111,0.11891218480000001,0.0014669800735799998,0.000155989372642,0.0016187122999999997,0.1987705371,0.0014669800735799998,0.000155989372642,0.0019430799299999999,1.698355337,0.0014669800735799998,0.000155989372642,0.0020122086,0.6485683110000001,0.0014669800735799998,0.000155989372642,2.5025939464569094
155,1656216600,0.00010176640850000002,0.00010176642720000001,0.5954685284399999,54.96949762800001,0.1199812311,0.004523829920000001,0.008747908350000002,0.00668486911,0.00032963476535999997,0.0034996609124,15.557692399999999,88.0,3.364749310999999e-05,8.845933400000001e-06,1.5810544000000002e-06,9.007528240000001e-07,6.67568964e-07,5.40918321e-07,4.4175800399999997e-07,3.73957097e-07,8.1576997e-07,1.9529714299999997e-07,2.87262835e-06,74.3254641,29.846559850000006,2.963511364e-09,8.970651100000001,0.00153606273,0.12220469599999999,0.0009027843870700001,0.00010569248083500001,0.00165116896,0.3121085294,0.0009027843870700001,0.00010569248083500001,0.0018633276000000001,1.2090611815999999,0.0009027843870700001,0.00010569248083500001,0.00196120771,0.9916828209999998,0.0009027843870700001,0.00010569248083500001,2.5029457807540894
155,1656217200,3.09269473e-05,3.09269946e-05,-0.02117035707999999,3.0276760241,0.039494259399999995,0.00424225771,0.0086825359,0.00670785449,9.68411593e-06,8.77649031e-05,15.099650350000001,58.7,4.91900002e-06,2.69398953e-06,1.23046603e-06,7.98403406e-07,6.298944480000001e-07,5.00360424e-07,4.3850251400000003e-07,3.6446248500000004e-07,8.035036849999999e-07,1.9713800899999998e-07,2.88772751e-06,80.8049835,36.903331,6.50879164e-10,9.1306607,0.0014997415699999999,0.11045739669999999,4.4329293530000004e-05,6.2109254749999995e-06,0.00159298909,0.1252133958,4.4329293530000004e-05,6.2109254749999995e-06,0.0016771970499999996,0.1976823396,4.4329293530000004e-05,6.2109254749999995e-06,0.0017890847799999997,0.1813281894,4.4329293530000004e-05,6.2109254749999995e-06,2.5027904510498047
155,1656217800,0.00018698675420000002,0.0001869867676,0.08396529922999998,13.7351116496,0.11223043260000001,0.006797095900000001,0.014065604200000002,0.009520049570000001,0.00020624672330000002,0.0014828556822,39.1748247,151.0,6.884336227999999e-05,1.489550525e-05,2.62993437e-06,1.1159910689999999e-06,7.512902070000001e-07,5.44959334e-07,4.5479570399999995e-07,3.8250587099999995e-07,8.163840859999999e-07,1.9603312199999999e-07,2.8625445e-06,68.10196110000001,21.69896883,5.770962529999999e-09,8.807997199999999,0.0016159922900000003,0.139470564,0.0009619491315999999,0.00012423664306999998,0.0020758120299999997,0.366094469,0.0009619491315999999,0.00012423664306999998,0.003955667889999999,2.8175012209999997,0.0009619491315999999,0.00012423664306999998,0.003362188,1.7465597220000002,0.0009619491315999999,0.00012423664306999998,2.502865195274353
155,1656218400,3.86391791e-05,3.86391948e-05,0.022391073670000004,9.399903525479997,0.0469350486,0.00453463064,0.0092027927,0.007057249859999999,2.2566389779999994e-05,0.0001958727108,18.900349900000002,96.3,7.909797980000002e-06,3.1916532299999994e-06,1.26933131e-06,8.647537139999999e-07,6.673229320000001e-07,6.16777151e-07,5.03173512e-07,4.0082542000000003e-07,8.286821300000001e-07,1.9595901999999998e-07,2.87126885e-06,78.2018456,31.9180885,8.847421859999999e-10,9.0811155,0.0015455286,0.12005180439999999,0.00015035755959999996,1.616671755e-05,0.0016529764999999997,0.1404983034,0.00015035755959999996,1.616671755e-05,0.0019171636399999998,0.31245400009999996,0.00015035755959999996,1.616671755e-05,0.00197318209,0.25436174460000005,0.00015035755959999996,1.616671755e-05,2.5027353763580322
155,1656219000,4.3462281800000007e-05,4.34622929e-05,-0.08505834920000001,3.043127375,0.0355710269,0.00471460897,0.00961863655,0.007319056689999999,2.105429688e-05,0.00017416243729999998,21.5052447,88.1,9.447893639999998e-06,3.6929861899999997e-06,1.34041572e-06,8.96859125e-07,7.35918244e-07,7.16883715e-07,4.90181599e-07,4.25659752e-07,9.119230709999998e-07,1.9321301600000003e-07,2.8791234100000005e-06,77.5798597,32.0111704,1.037221124e-09,9.069974550000001,0.0015936304800000002,0.13304896940000002,9.784374585000001e-05,1.3408024049999997e-05,0.0016817736099999999,0.147387519,9.784374585000001e-05,1.3408024049999997e-05,0.0020859448200000004,0.373579583,9.784374585000001e-05,1.3408024049999997e-05,0.0021050221199999998,0.304448388,9.784374585000001e-05,1.3408024049999997e-05,2.50297589302063
155,1656219600,3.49725013e-05,3.49725208e-05,-0.05058117936999999,2.6231842070000004,0.0351585103,0.00449040358,0.0092522824,0.00705301436,1.229588944e-05,0.0001048794332,19.0716782,83.9,6.0223108e-06,3.1689689200000004e-06,1.28204114e-06,8.49894246e-07,6.62874654e-07,6.246869279999999e-07,5.194494379999999e-07,4.08252328e-07,8.49345612e-07,1.95765274e-07,2.90261489e-06,78.74718720000001,32.8572697,7.63033031e-10,9.099567500000001,0.00157197418,0.12501889240000003,7.36758949e-05,8.38636715e-06,0.0016297190100000001,0.134508578,7.36758949e-05,8.38636715e-06,0.0018632033,0.23278400600000002,7.36758949e-05,8.38636715e-06,0.0019833139100000003,0.22994061999999998,7.36758949e-05,8.38636715e-06,2.502733898162842
155,1656220200,0.00011249160420000001,0.00011249161089999998,0.07332128909999998,33.9024977135,0.0958506318,0.00433676678,0.008505649299999998,0.006558600819999999,0.00037581858056999994,0.0040001447408,13.823426600000001,63.0,3.602785073000001e-05,1.1793599840000001e-05,1.5846236400000002e-06,9.376413990000001e-07,7.004884209999999e-07,5.2077133e-07,4.4353524800000003e-07,3.70158392e-07,8.035485720000001e-07,1.94656685e-07,2.86882706e-06,77.3203565,35.1880975,3.3324710799999996e-09,9.0279767,0.00152401898,0.13890696149999998,0.0013111729216299997,0.00012430984414,0.00157363821,0.149036683,0.0013111729216299997,0.00012430984414,0.0016776961300000001,0.943779535,0.0013111729216299997,0.00012430984414,0.0019148177199999998,1.7182538039999997,0.0013111729216299997,0.00012430984414,2.502821373939514
155,1656220800,3.52464596e-05,3.52464714e-05,0.2208035545245,22.335706923300002,0.0526376319,0.00403328961,0.00813526012,0.00633135078,2.8923086700000004e-05,0.00026257766280000005,11.300699100000001,47.8,6.328794169999999e-06,3.3314503000000003e-06,1.3046151e-06,8.335270980000001e-07,6.23862472e-07,5.01558615e-07,4.3028993500000005e-07,3.7731604899999995e-07,8.09709568e-07,2.0205317899999998e-07,2.88002499e-06,80.879749,38.564727500000004,7.89800481e-10,9.1224653,0.0015057174900000002,0.11121923009999998,0.00014558034896000003,1.4603079374e-05,0.00152206372,0.12156233200000002,0.00014558034896000003,1.4603079374e-05,0.00134651803,0.193115183,0.00014558034896000003,1.4603079374e-05,0.0016898942099999998,0.31332358539999994,0.00014558034896000003,1.4603079374e-05,2.5027369260787964
155,1656221400,2.5722301200000002e-05,2.57223149e-05,0.01742969373,0.45434309380000004,0.024298228,0.004005462309999999,0.00824598535,0.0064022817800000005,3.837830989999999e-06,3.0416174700000005e-05,11.7220279,44.1,2.4145164400000003e-06,2.1593209200000003e-06,1.1796192100000001e-06,8.472785080000001e-07,7.47083976e-07,6.82534947e-07,4.91002175e-07,3.983468369999999e-07,8.64811133e-07,1.92625624e-07,2.88393169e-06,82.47627800000001,41.90278119999999,4.845470389999999e-10,9.1660346,0.0015491624599999999,0.1262786,7.83568387e-06,1.2046965499999999e-06,0.00153728203,0.116269373,7.83568387e-06,1.2046965499999999e-06,0.0013187149199999997,0.0865295958,7.83568387e-06,1.2046965499999999e-06,0.0016025106300000002,0.12724705609999998,7.83568387e-06,1.2046965499999999e-06,2.5027861833572387
155,1656222000,0.0001268448674,0.0001268448814,0.4484214949869999,44.9660927037,0.12190582239999999,0.004486920859999999,0.008687509999999999,0.006691810540000001,0.00048314633142000006,0.0051339650082,15.0751748,74.3,3.5970137459999996e-05,1.7165623730000004e-05,3.2195463999999996e-06,1.074665283e-06,6.99773978e-07,5.39909688e-07,4.6837961e-07,3.9328581799999997e-07,8.22851772e-07,1.9462101800000002e-07,2.8735829900000002e-06,75.27305170000001,31.696118229999996,3.749028289e-09,8.9959669,0.00152077449,0.12990601649999997,0.0013930521113000001,0.00015812437106999997,0.00167339496,0.30908252950000004,0.0013930521113000001,0.00015812437106999997,0.0017984939999999999,1.727641701,0.0013930521113000001,0.00015812437106999997,0.0019593670999999997,1.184283667,0.0013930521113000001,0.00015812437106999997,2.5027908086776733
155,1656222600,2.4648532500000002e-05,2.4648536100000003e-05,0.013036650649999999,0.03948865445,0.022494590399999997,0.0039578501,0.0081662505,0.006366091779999999,2.11953583e-06,1.7472683850000002e-05,10.8863636,28.0,2.4732023299999997e-06,2.17936144e-06,1.12143339e-06,7.763016670000001e-07,6.20930286e-07,4.96836783e-07,4.30212793e-07,3.7504531199999995e-07,7.9681233e-07,1.95820462e-07,2.85826139e-06,83.22604849999999,42.22160100000001,4.618031480000001e-10,9.17166725,0.00148258709,0.1074187483,6.589025320000001e-06,1.155415523e-06,0.0015241294700000002,0.11283510180000003,6.589025320000001e-06,1.155415523e-06,0.00131565293,0.08644891289999998,6.589025320000001e-06,1.155415523e-06,0.00163558213,0.131360541,6.589025320000001e-06,1.155415523e-06,2.502751922607422
155,1656223200,2.4539579899999998e-05,2.45395873e-05,0.016506874520000006,0.4633587084999998,0.027141253599999998,0.0039367668,0.00811395795,0.00631746627,2.5516927999999998e-06,2.35372304e-05,10.8304194,30.2,2.3324822300000002e-06,2.15668963e-06,1.13473567e-06,8.188040999999999e-07,6.32078725e-07,5.15182703e-07,4.29291313e-07,3.65307022e-07,8.2324605e-07,1.95464604e-07,2.86643456e-06,83.20486879999999,42.646647200000004,4.562816879999999e-10,9.1738283,0.00151566111,0.11155390329999999,8.75711135e-06,1.23258695e-06,0.00153442292,0.11442574800000001,8.75711135e-06,1.23258695e-06,0.0012495606300000001,0.0784516311,8.75711135e-06,1.23258695e-06,0.0016117048600000003,0.1292212776,8.75711135e-06,1.23258695e-06,2.50280921459198
155,1656223800,3.95395165e-05,3.9539600099999995e-05,-0.1755830445,14.177745675000002,0.0439730081,0.00436185802,0.008887547499999999,0.00683129482,2.9364636209999998e-05,0.00025504357379999996,16.58741225,65.9,7.956245510000001e-06,3.76058645e-06,1.35993093e-06,8.53238262e-07,6.31376054e-07,5.16702136e-07,4.40038289e-07,3.68116351e-07,8.11279358e-07,1.9293293499999997e-07,2.8792590800000003e-06,79.41598289999999,35.713960400000005,9.23154946e-10,9.0972485,0.00152965437,0.11459201330000002,0.00018651903451999998,1.8460578074999998e-05,0.0016259534700000002,0.1495107501,0.00018651903451999998,1.8460578074999998e-05,0.0016929143500000001,0.2979978074,0.00018651903451999998,1.8460578074999998e-05,0.0018957068999999997,0.29689145000000006,0.00018651903451999998,1.8460578074999998e-05,2.5030115365982057
155,1656224400,3.47964215e-05,3.47964409e-05,-0.063248302,6.288779474575,0.0378745615,0.00439895548,0.009021063700000002,0.006923085230000001,1.503291604e-05,0.000126297407,17.7272728,79.1,6.26185071e-06,3.05773647e-06,1.38925416e-06,8.778431839999999e-07,6.397458150000001e-07,5.23904295e-07,4.247736339999999e-07,3.75304483e-07,8.03009936e-07,1.9810328399999998e-07,2.84663702e-06,79.33635050000001,33.9828436,7.69234323e-10,9.102447100000001,0.00154624254,0.11743135359999998,0.00013172944903,1.3684780435e-05,0.0016499724000000001,0.1393436884,0.00013172944903,1.3684780435e-05,0.0017831396799999999,0.2560019815,0.00013172944903,1.3684780435e-05,0.0019155585900000002,0.216404371,0.00013172944903,1.3684780435e-05,2.5026102542877195
155,1656225000,2.7682813399999997e-05,2.7682819600000004e-05,-0.015697995249999996,1.3492944185,0.027665566200000002,0.0041224123,0.0084874238,0.006584102929999999,5.1347092099999995e-06,4.46022653e-05,13.293706500000003,44.0,3.6847157000000003e-06,2.42421047e-06,1.1559473300000002e-06,7.99812425e-07,6.23923979e-07,4.991272949999999e-07,4.46377872e-07,3.5610998000000006e-07,8.092851770000001e-07,1.92088686e-07,2.84976822e-06,81.81376209999999,38.5222779,5.53493857e-10,9.14749215,0.0014901655,0.10794859779999999,3.0357157060000006e-05,3.7932087200000002e-06,0.00156856199,0.12073764350000002,3.0357157060000006e-05,3.7932087200000002e-06,0.00153150513,0.13978216599999999,3.0357157060000006e-05,3.7932087200000002e-06,0.00176375999,0.157166201,3.0357157060000006e-05,3.7932087200000002e-06,2.5027018547058106
155,1656225600,2.80769044e-05,2.80769094e-05,-0.06901419757,1.0409868351000002,0.025070585299999996,0.00418534826,0.00857852005,0.006662292560000001,5.70088533e-06,5.5741072899999995e-05,13.951048899999998,48.1,3.82220243e-06,2.4488024599999998e-06,1.15224475e-06,7.924298859999999e-07,6.180547270000001e-07,5.11582753e-07,4.1945929500000006e-07,3.7812003e-07,8.27729167e-07,1.97033675e-07,2.8706374200000003e-06,81.66089769999999,38.0147738,5.6175861e-10,9.1450338,0.00149834283,0.1095526505,2.813068408e-05,3.36743487e-06,0.0015661211000000002,0.11996345819999998,2.813068408e-05,3.36743487e-06,0.0016373002800000001,0.143057218,2.813068408e-05,3.36743487e-06,0.0018064468600000002,0.16291045099999998,2.813068408e-05,3.36743487e-06,2.5027623653411863
155,1656226200,4.21265732e-05,4.2126625299999994e-05,-0.03742432564300001,2.0590319779,0.031023297999999998,0.0045733727799999995,0.009423290700000002,0.00717539596,1.715521689e-05,0.0001098106949,18.601398699999997,50.5,9.122086249999998e-06,3.87648555e-06,1.3928604899999999e-06,8.56042849e-07,6.321132719999999e-07,5.017108e-07,4.3059024799999994e-07,3.6510556600000003e-07,8.18926294e-07,1.99999632e-07,2.8673779999999997e-06,79.2779295,34.7079557,1.0087156699999997e-09,9.0954331,0.00152997552,0.1177786016,7.440880849999999e-05,1.1513374090000001e-05,0.00164893846,0.16012935050000002,7.440880849999999e-05,1.1513374090000001e-05,0.00199962791,0.35596445899999996,7.440880849999999e-05,1.1513374090000001e-05,0.0020796258199999996,0.302030446,7.440880849999999e-05,1.1513374090000001e-05,2.5027596712112428
155,1656226800,3.96883718e-05,3.9688403999999995e-05,-0.20619845318000002,4.554689290800001,0.0360413032,0.00455454972,0.00938151865,0.0071232694999999995,2.0554167670000002e-05,0.0001794708027,18.7937064,72.9,8.624243269999999e-06,3.3243717300000005e-06,1.3057000999999998e-06,8.152064959999999e-07,6.32424874e-07,4.871680879999999e-07,4.3027136700000004e-07,3.59420153e-07,8.23271873e-07,1.95301337e-07,2.8468145700000005e-06,78.750962,32.8928681,9.299269189999999e-10,9.084519449999998,0.00150584166,0.11135221690000001,7.547815203000001e-05,9.928115939999999e-06,0.00166383941,0.1463848061,7.547815203000001e-05,9.928115939999999e-06,0.0019955451999999997,0.3205433295,7.547815203000001e-05,9.928115939999999e-06,0.00202651739,0.28702139299999996,7.547815203000001e-05,9.928115939999999e-06,2.503079867362976
155,1656227400,0.0001221219067,0.0001221241835,-0.25365999695,13.628066160699998,0.073289523,0.00581512877,0.012086720400000002,0.00868554129,0.00015422272324999996,0.0014828034945999998,31.482517750000007,96.9,4.294499234e-05,9.046129550000001e-06,2.07872472e-06,1.036662309e-06,7.03214807e-07,5.44294653e-07,4.3290955299999994e-07,3.8292089699999996e-07,8.227889469999998e-07,1.9365265e-07,2.87686406e-06,72.9917574,27.9293219,3.6283641970000006e-09,8.9383032,0.00157336135,0.13743388539999998,0.0005310476694699999,6.746044436000002e-05,0.0019322960100000002,0.3154860045,0.0005310476694699999,6.746044436000002e-05,0.00308371775,1.457306359,0.0005310476694699999,6.746044436000002e-05,0.0028296933399999994,1.2425633749999998,0.0005310476694699999,6.746044436000002e-05,2.502540373802185
155,1656228000,2.8018244000000006e-05,2.8018262000000005e-05,0.09793983826,1.4972448199000001,0.0383317566,0.0041961013099999995,0.008661279099999999,0.00671625648,3.610191e-06,3.3686066899999994e-05,14.50874135,40.3,3.6094235e-06,2.5170004399999997e-06,1.15047878e-06,8.251638869999999e-07,6.382143250000001e-07,5.16673366e-07,4.38530943e-07,3.73075809e-07,8.28559585e-07,1.9690540599999997e-07,2.91501231e-06,81.5829879,38.271471399999996,5.56808902e-10,9.1472409,0.001515341,0.11216909489999997,1.01222468e-05,1.7609536500000002e-06,0.0015617236899999997,0.12046851459999999,1.01222468e-05,1.7609536500000002e-06,0.0016175497900000001,0.13052530210000002,1.01222468e-05,1.7609536500000002e-06,0.00183526571,0.164684149,1.01222468e-05,1.7609536500000002e-06,2.5027326345443726
155,1656228600,2.8717555199999998e-05,2.87175646e-05,0.045262733060000004,0.510799544,0.0332321267,0.004253023730000001,0.00877332105,0.00680137823,3.4745658600000004e-06,2.7142446e-05,15.755244600000001,43.7,3.9662887099999995e-06,2.57512676e-06,1.21780631e-06,8.30863244e-07,6.126179e-07,5.12686013e-07,4.26569892e-07,3.6122771099999997e-07,7.99521051e-07,1.9418848100000002e-07,2.86184319e-06,81.19979000000001,37.061737599999994,5.807104579999999e-10,9.13897745,0.00151100781,0.1119927266,1.12592419e-05,1.8974892099999997e-06,0.0015941412699999997,0.1242069876,1.12592419e-05,1.8974892099999997e-06,0.00170260777,0.1435717694,1.12592419e-05,1.8974892099999997e-06,0.0018687316399999998,0.174416532,1.12592419e-05,1.8974892099999997e-06,2.5028413772583007
155,1656229200,2.9519634900000002e-05,2.9519657799999996e-05,0.03363050835,0.7572872823760002,0.0255663745,0.00428217371,0.00880376235,0.00684608115,5.479418499999999e-06,4.83471842e-05,15.770979150000002,53.3,4.151028650000001e-06,2.6597711499999997e-06,1.16241972e-06,8.424745349999999e-07,6.6025358e-07,5.3788162e-07,4.30785829e-07,3.9205575200000003e-07,8.620179549999999e-07,1.9697669e-07,2.86410667e-06,80.8569958,36.73200129999999,6.025512609999999e-10,9.134317399999999,0.001517307,0.11385108020000001,2.5267439850000003e-05,3.39153893e-06,0.0015992576999999998,0.12519997589999998,2.5267439850000003e-05,3.39153893e-06,0.00171890132,0.1590806026,2.5267439850000003e-05,3.39153893e-06,0.0018631635,0.173352446,2.5267439850000003e-05,3.39153893e-06,2.5026851892471313
155,1656229800,3.07331499e-05,3.07331677e-05,0.026244551500000008,1.4702493459300001,0.026777613500000002,0.004363292360000001,0.009020127499999999,0.006971128269999999,7.072202779999999e-06,6.863967540000001e-05,17.1276225,49.2,4.7447201e-06,2.7469432300000002e-06,1.2375289199999999e-06,8.092952580000001e-07,6.416415989999999e-07,5.10399298e-07,4.26198017e-07,3.6711319899999997e-07,8.08930722e-07,1.92016444e-07,2.88155681e-06,80.337174,35.23377549999999,6.41814745e-10,9.124393099999999,0.0015128351199999999,0.11135801559999998,2.9703956500000003e-05,4.26138268e-06,0.0016240680899999999,0.1282145675,2.9703956500000003e-05,4.26138268e-06,0.0018278795799999998,0.18511270500000002,2.9703956500000003e-05,4.26138268e-06,0.00194872801,0.18570875599999997,2.9703956500000003e-05,4.26138268e-06,2.5028630256652833
155,1656230400,3.054739259999999e-05,3.05474007e-05,0.13186541295,5.83300535821,0.0315678617,0.0042989566600000004,0.0088430074,0.00688579687,1.044603442e-05,0.0001047498815,15.506993,48.2,4.40527088e-06,2.8074001499999995e-06,1.28625592e-06,8.65152405e-07,6.563090419999999e-07,5.31306901e-07,4.5539950499999997e-07,3.8741216299999996e-07,8.265353340000001e-07,1.9372474899999999e-07,2.85879332e-06,80.2849842,35.96648259999999,6.33194432e-10,9.126197300000001,0.0015323250299999996,0.11626689500000001,3.749593408e-05,4.549929469999999e-06,0.0016060978400000002,0.1267453535,3.749593408e-05,4.549929469999999e-06,0.00175812519,0.1757264024,3.749593408e-05,4.549929469999999e-06,0.0018794364600000003,0.1862355534,3.749593408e-05,4.549929469999999e-06,2.5027587175369264
155,1656231000,2.9548016599999996e-05,2.95480331e-05,0.8381154839799999,23.9355740977,0.05017222880000001,0.00423920262,0.0087449781,0.006786179809999999,3.7146885999999995e-06,3.1058307999999996e-05,14.7482518,46.8,3.92644652e-06,2.6222868200000003e-06,1.2600242899999998e-06,8.838200140000001e-07,7.15138461e-07,5.52478034e-07,4.5355850100000006e-07,3.99381631e-07,8.55971463e-07,1.98109251e-07,2.90671391e-06,80.80911499999999,37.183047099999996,5.96155513e-10,9.137949700000002,0.00152313465,0.13039169,1.0620521399999998e-05,1.7977949599999999e-06,0.00159055937,0.12856964099999996,1.0620521399999998e-05,1.7977949599999999e-06,0.00167673963,0.1392149842,1.0620521399999998e-05,1.7977949599999999e-06,0.0018555874399999999,0.17253403500000003,1.0620521399999998e-05,1.7977949599999999e-06,2.5027535915374757
155,1656231600,2.6866826800000002e-05,2.6866841800000003e-05,0.005315220567,0.011032989239999999,0.021003515,0.004131596099999999,0.008546841849999999,0.00663870554,2.5612615e-06,2.10419652e-05,13.445803900000001,34.1,3.34670994e-06,2.32862649e-06,1.2057412299999998e-06,8.01596172e-07,6.12394715e-07,4.882537349999999e-07,4.2615639799999996e-07,3.67624701e-07,7.98242172e-07,1.94990167e-07,2.8630054600000003e-06,82.1361534,39.1816011,5.26840391e-10,9.1541213,0.0015045311199999999,0.1094721846,9.22506716e-06,1.6346261500000002e-06,0.0015625306099999996,0.12000083800000001,9.22506716e-06,1.6346261500000002e-06,0.00160777481,0.12642765340000003,9.22506716e-06,1.6346261500000002e-06,0.0017274004,0.145703418,9.22506716e-06,1.6346261500000002e-06,2.5027841567993163
155,1656232200,2.86758668e-05,2.8675884499999995e-05,-0.03423258411999999,0.5618394987500002,0.02399697,0.0041957570199999995,0.008618127350000001,0.00668165185,5.10460608e-06,3.83090377e-05,14.3076923,49.5,3.89580402e-06,2.42250992e-06,1.18874844e-06,8.239346520000001e-07,6.63661865e-07,6.119351270000001e-07,4.4349062699999995e-07,3.7867314600000007e-07,8.418823890000001e-07,1.9607440200000001e-07,2.8711625800000003e-06,81.3480665,38.2140767,5.771055089999999e-10,9.144254700000001,0.0015171292,0.11664288379999999,3.2668643369999995e-05,3.97099648e-06,0.0015830426500000002,0.12089450139999999,3.2668643369999995e-05,3.97099648e-06,0.00162266306,0.15268754140000002,3.2668643369999995e-05,3.97099648e-06,0.0017748439800000001,0.15748773200000002,3.2668643369999995e-05,3.97099648e-06,2.5027987480163576
155,1656232800,2.7266635000000003e-05,2.7266655499999996e-05,0.0085132922,0.064314875705,0.022304064399999997,0.004155656570000001,0.008569459599999999,0.0066851566299999995,2.9371590399999992e-06,2.35201973e-05,13.814685400000002,36.4,3.3053389e-06,2.39788636e-06,1.1715380399999998e-06,7.924416510000001e-07,6.564015369999999e-07,5.74054287e-07,4.3936380900000004e-07,3.81093623e-07,8.46633647e-07,1.9714134399999998e-07,2.87140715e-06,81.9464315,39.2176683,5.344696499999999e-10,9.15271405,0.00151721525,0.11479871599999998,7.82677864e-06,1.4582596000000003e-06,0.0015549847799999998,0.11772430959999998,7.82677864e-06,1.4582596000000003e-06,0.00157387938,0.12022083809999999,7.82677864e-06,1.4582596000000003e-06,0.0017851397400000003,0.15564497800000002,7.82677864e-06,1.4582596000000003e-06,2.5028070211410522
155,1656233400,3.37314034e-05,3.3731418499999994e-05,0.295727531368,16.622293215430005,0.04210798830000001,0.0042454035599999995,0.0086721058,0.0067404695,1.7142862710000002e-05,0.00013635255489999998,14.6573429,47.1,5.798802100000001e-06,3.2272320000000007e-06,1.30321712e-06,7.94665664e-07,6.00508361e-07,5.04957217e-07,4.23916037e-07,3.6852589800000003e-07,7.957404939999999e-07,1.9496939399999998e-07,2.85314863e-06,80.3294877,35.9559189,7.39944949e-10,9.115326600000001,0.0014959298499999999,0.11164916440000001,4.406560546999999e-05,4.99367564e-06,0.00159186393,0.1398622084,4.406560546999999e-05,4.99367564e-06,0.0017276981600000002,0.1714446044,4.406560546999999e-05,4.99367564e-06,0.0018463688300000003,0.275826526,4.406560546999999e-05,4.99367564e-06,2.5027788639068604
155,1656234000,3.03851798e-05,3.0385199800000002e-05,0.09494038449,1.1723552671000002,0.0319351724,0.00427778862,0.008782292899999999,0.006782742580000001,6.851794770000001e-06,5.4748986799999995e-05,15.1993006,47.6,4.731654540000001e-06,2.6421950700000004e-06,1.1719004499999999e-06,8.33768766e-07,6.186323430000001e-07,5.168701920000001e-07,4.3746012600000003e-07,3.6659191299999995e-07,8.16244493e-07,1.9513678199999999e-07,2.86202619e-06,80.891861,36.7091645,6.341328e-10,9.132871999999997,0.00151245961,0.11174993600000001,2.485610528e-05,4.10014226e-06,0.0015783009300000001,0.12391915049999999,2.485610528e-05,4.10014226e-06,0.0017136375900000003,0.1787806906,2.485610528e-05,4.10014226e-06,0.00188690975,0.18619211700000002,2.485610528e-05,4.10014226e-06,2.5027874231338503
155,1656234600,2.87167616e-05,2.8716767800000002e-05,0.025037200194999998,0.8037106300499998,0.0330109944,0.004238945869999999,0.0087181477,0.006779000879999999,4.24196831e-06,3.41188051e-05,14.8811188,51.1,3.6360978099999997e-06,2.4604246100000003e-06,1.18578036e-06,8.532987480000001e-07,7.44103583e-07,6.838427790000001e-07,5.11838379e-07,3.96477657e-07,8.271832889999999e-07,1.9116014199999996e-07,2.8681574100000002e-06,81.04723010000001,37.96215659999999,5.745550150000001e-10,9.141559599999999,0.0015553764100000001,0.127949279,1.035271325e-05,1.6995383199999997e-06,0.00158075009,0.12137880649999999,1.035271325e-05,1.6995383199999997e-06,0.00165942736,0.1344526074,1.035271325e-05,1.6995383199999997e-06,0.00181420856,0.161166751,1.035271325e-05,1.6995383199999997e-06,2.5028032541275023
155,1656235200,2.9008653899999995e-05,2.90086602e-05,-0.00405767709,0.39644007347,0.025918405,0.00425253617,0.008756969149999998,0.006801546560000001,4.98787085e-06,4.4646919e-05,15.106643199999999,53.0,4.009724069999999e-06,2.4121454699999997e-06,1.15727026e-06,8.184170220000001e-07,6.738398209999999e-07,6.08966966e-07,4.7038534399999996e-07,3.9877020399999996e-07,8.748159929999999e-07,1.95288197e-07,2.88449589e-06,81.021092,37.6748618,5.85148808e-10,9.1400137,0.00152856618,0.11786445310000002,1.552868122e-05,2.4801045600000002e-06,0.0015673988,0.12045088150000001,1.552868122e-05,2.4801045600000002e-06,0.00167413091,0.145508509,1.552868122e-05,2.4801045600000002e-06,0.0018338863799999996,0.168211892,1.552868122e-05,2.4801045600000002e-06,2.5032344102859496
155,1656235800,5.916388050000001e-05,5.916389540000001e-05,-0.13803290176000005,28.386757253326,0.0681740207,0.0046773006800000004,0.009424010799999999,0.0072112609299999995,9.523372781000001e-05,0.0009793861732,19.7255246,72.6,1.74700837e-05,3.95271921e-06,1.44270497e-06,8.670520949999999e-07,6.331884359999999e-07,5.28742453e-07,4.3761766399999997e-07,3.7237710400000003e-07,8.08326969e-07,1.96187156e-07,2.87287899e-06,76.58617989999999,30.77901076,1.5631547299999997e-09,9.03245695,0.00152209761,0.11983723949999998,0.00039131445389999997,4.9592409120000006e-05,0.0016788947499999998,0.1505721505,0.00039131445389999997,4.9592409120000006e-05,0.0021135602600000003,0.7235156289999999,0.00039131445389999997,4.9592409120000006e-05,0.00212701173,0.427914969,0.00039131445389999997,4.9592409120000006e-05,2.502325201034546
155,1656236400,2.81094636e-05,2.8109468e-05,0.4607999156499999,11.964350375,0.043521451200000005,0.0041702013,0.0085708107,0.0066700853599999995,5.13345456e-06,4.7959421300000006e-05,13.8968533,33.1,3.3968613999999998e-06,2.5546696900000002e-06,1.2172009499999998e-06,8.36819453e-07,6.58823257e-07,5.470876709999999e-07,4.682829670000001e-07,3.90380936e-07,8.549768399999999e-07,1.9643743199999998e-07,2.93315421e-06,81.621203,38.7186752,5.54461813e-10,9.1486594,0.00151297835,0.11628556320000001,9.57009932e-06,1.5782703399999998e-06,0.0015817382000000001,0.1292900794,9.57009932e-06,1.5782703399999998e-06,0.00160998327,0.125807158,9.57009932e-06,1.5782703399999998e-06,0.0018027526799999998,0.15813103699999997,9.57009932e-06,1.5782703399999998e-06,2.502767038345337
155,1656237000,2.74686951e-05,2.74687056e-05,0.23568807060000002,3.4738065281959996,0.0443139541,0.00413353672,0.008461997999999998,0.0066080541800000005,5.3291792e-06,5.3811125900000003e-05,13.6678323,39.8,3.3941774299999997e-06,2.47106224e-06,1.1805479700000001e-06,8.311268200000001e-07,6.36700335e-07,5.06293896e-07,4.261435309999999e-07,3.7841399599999995e-07,8.320592239999998e-07,2.00580251e-07,2.87720317e-06,81.828097,38.879871800000004,5.40902265e-10,9.1508711,0.00151066221,0.11171631679999998,1.500071325e-05,2.05882126e-06,0.0015525700699999998,0.1230696148,1.500071325e-05,2.05882126e-06,0.0015749681700000001,0.12526314,1.500071325e-05,2.05882126e-06,0.00175299304,0.15385713160000003,1.500071325e-05,2.05882126e-06,2.5027926445007322
155,1656237600,6.78558606e-05,6.78558898e-05,0.08699501714999999,1.9656243292600002,0.042600467200000006,0.004880303999999999,0.0101001719,0.00761794353,4.694744975e-05,0.0003930499883,20.7202802,57.8,1.9200644809999997e-05,6.23983739e-06,1.74433968e-06,8.874299220000001e-07,6.279039040000001e-07,5.27951904e-07,4.31647245e-07,3.8590519099999997e-07,8.2195753e-07,1.97331802e-07,2.86288308e-06,78.9452766,36.619959570000006,1.865672735e-09,9.071385000000001,0.00153752752,0.1193514126,0.00016360929511000002,2.515013652e-05,0.0017400186,0.20202013349999998,0.00016360929511000002,2.515013652e-05,0.0021373211099999997,0.7019536144,0.00016360929511000002,2.515013652e-05,0.00227717897,0.646002335,0.00016360929511000002,2.515013652e-05,2.5032758712768555
155,1656238200,2.7642377300000003e-05,2.76423871e-05,0.13118793254,3.4064248962,0.033873966900000003,0.004143099659999999,0.0085102059,0.00661415543,4.439781510000001e-06,4.12335454e-05,13.25174825,43.6,3.5405637900000006e-06,2.4018930999999998e-06,1.15578749e-06,8.363746030000001e-07,6.40176197e-07,5.005855910000001e-07,4.4198089799999997e-07,3.83997591e-07,8.274936240000001e-07,1.9668297599999998e-07,2.89555357e-06,82.000136,39.1524723,5.475688789999999e-10,9.1516585,0.00152041771,0.114157607,1.6961468780000003e-05,2.32768696e-06,0.0015370886499999998,0.1160371984,1.6961468780000003e-05,2.32768696e-06,0.0015795198600000002,0.1316153236,1.6961468780000003e-05,2.32768696e-06,0.00175826216,0.158108525,1.6961468780000003e-05,2.32768696e-06,2.5023429155349732
155,1656238800,2.6869267299999998e-05,2.68692842e-05,0.0017597466699999995,0.06766206450000001,0.022193045600000003,0.00412297765,0.00853662895,0.00662622604,2.94391879e-06,2.25747756e-05,13.4405593,37.4,3.34574322e-06,2.34776413e-06,1.2002984e-06,7.9290946e-07,6.011178930000001e-07,5.01924211e-07,4.198273739999999e-07,3.6350873700000003e-07,8.10691492e-07,1.92390981e-07,2.85830216e-06,81.99019009999999,39.2041339,5.270623800000001e-10,9.1541877,0.00149693489,0.1088397222,1.05352713e-05,1.71300784e-06,0.0015788824699999998,0.12155645480000002,1.05352713e-05,1.71300784e-06,0.0015765740300000002,0.12378379669999999,1.05352713e-05,1.71300784e-06,0.00172378167,0.14797258500000002,1.05352713e-05,1.71300784e-06,2.502787399291992
155,1656239400,2.67806774e-05,2.6780681199999994e-05,-0.036218409009999994,0.8461947618000002,0.023561646299999996,0.00410373196,0.00846227925,0.006587633350000001,3.95072651e-06,3.77161147e-05,12.909090799999998,38.4,3.2721208799999995e-06,2.39649969e-06,1.1569264799999998e-06,8.08531166e-07,6.005349360000001e-07,4.9462123e-07,4.3063229499999995e-07,3.6767811e-07,8.170443249999999e-07,1.9305251799999997e-07,2.85253107e-06,82.1031016,39.3086254,5.24509143e-10,9.153383700000001,0.0014948586699999999,0.10836515840000001,1.791582594e-05,2.2517143500000006e-06,0.00155263906,0.117276568,1.791582594e-05,2.2517143500000006e-06,0.0015276334699999999,0.1185493756,1.791582594e-05,2.2517143500000006e-06,0.00175793712,0.15534749900000003,1.791582594e-05,2.2517143500000006e-06,2.5027805089950563
155,1656240000,2.6803727499999997e-05,2.68037352e-05,0.0006229915000000006,0.0357346812,0.0216437337,0.00412490139,0.0085015154,0.00663654684,2.57509431e-06,1.9812644999999997e-05,13.195804200000001,33.8,3.3094206000000002e-06,2.32601132e-06,1.1731911600000002e-06,8.26046691e-07,6.0200134e-07,5.042493659999999e-07,4.2095331399999997e-07,3.6389768899999995e-07,8.151982549999999e-07,1.92784798e-07,2.8680340599999998e-06,82.102093,39.26449710000001,5.24648649e-10,9.154570150000001,0.0015084703700000003,0.1105620445,8.1935975e-06,1.4967393499999998e-06,0.00155390032,0.11715120950000002,8.1935975e-06,1.4967393499999998e-06,0.0015585276,0.1187975754,8.1935975e-06,1.4967393499999998e-06,0.0017810702099999999,0.15366112799999998,8.1935975e-06,1.4967393499999998e-06,2.5027724742889403
155,1656240600,2.7670300899999996e-05,2.76703069e-05,-0.005599811285000001,0.030376924500000003,0.022486537100000002,0.00419291381,0.0086362539,0.0067202378500000005,2.8873600699999994e-06,2.1943744499999996e-05,14.3986014,38.8,3.7225334399999997e-06,2.40931897e-06,1.15130257e-06,8.14568915e-07,6.208322550000001e-07,4.970427209999999e-07,4.1654100300000003e-07,3.72928951e-07,7.94770956e-07,1.9299023500000002e-07,2.84217146e-06,81.84790410000001,38.0884144,5.5292726e-10,9.1468991,0.0015118098599999998,0.1103887536,1.1216395980000001e-05,1.8127783699999997e-06,0.00156009651,0.1182445205,1.1216395980000001e-05,1.8127783699999997e-06,0.0016703999200000004,0.136867373,1.1216395980000001e-05,1.8127783699999997e-06,0.0018139947800000001,0.161872186,1.1216395980000001e-05,1.8127783699999997e-06,2.502771091461182
155,1656241200,2.8421047000000003e-05,2.8421054199999995e-05,-0.00283036227,1.01968962267,0.0258681924,0.00405196145,0.008356602000000001,0.00639878297,8.14979676e-06,6.41269631e-05,12.027972400000001,47.1,4.11760918e-06,2.32408755e-06,1.1723735799999999e-06,8.35366876e-07,6.21932689e-07,4.884672490000001e-07,4.17049915e-07,3.7502740499999995e-07,8.08042533e-07,1.9439464799999998e-07,2.85604176e-06,82.420462,40.650696999999994,5.813351469999998e-10,9.153073899999999,0.0014932132399999999,0.1090231555,2.614391422e-05,4.218780367e-06,0.00154184766,0.11878770989999998,2.614391422e-05,4.218780367e-06,0.00139996688,0.1478269325,2.614391422e-05,4.218780367e-06,0.0016724626000000002,0.17100799549999998,2.614391422e-05,4.218780367e-06,2.502649188041687
155,1656241800,3.37243544e-05,3.37243598e-05,0.18376697200000003,17.3945029336,0.048967364,0.004150596510000001,0.00846283602,0.00649481636,2.953307388e-05,0.00029101413625000003,12.935314600000002,52.6,5.33773878e-06,3.24980312e-06,1.31807511e-06,8.7398923e-07,6.72170674e-07,5.724448020000001e-07,4.72076356e-07,4.08125439e-07,8.729612020000001e-07,1.9279224000000002e-07,2.89196984e-06,80.437412,38.10301450000001,7.32861934e-10,9.12147895,0.0015512368,0.12470505390000002,9.729399418e-05,1.1352441145000001e-05,0.00155884227,0.15822317260000002,9.729399418e-05,1.1352441145000001e-05,0.0014868844900000002,0.2271104543,9.729399418e-05,1.1352441145000001e-05,0.00168560355,0.18037518579999998,9.729399418e-05,1.1352441145000001e-05,2.5028034925460814
155,1656242400,4.1073071000000006e-05,4.1073075300000005e-05,-0.4034763054999999,40.416062295820005,0.060063504099999984,0.00413322875,0.00819264727,0.00633229169,5.230227686e-05,0.0005090120065999999,11.636363499999998,74.2,8.79326508e-06,3.74845918e-06,1.34410625e-06,8.749168530000001e-07,6.219133429999999e-07,5.0634595e-07,4.25217987e-07,3.6448180899999994e-07,8.10688285e-07,1.9491963900000002e-07,2.85212145e-06,78.7244959,34.4196639,9.68798677e-10,9.0813907,0.0015003664,0.119158705,0.00028619515905,2.8374488104e-05,0.0015576201599999998,0.17182324060000004,0.00028619515905,2.8374488104e-05,0.00147430564,0.314694629,0.00028619515905,2.8374488104e-05,0.0017042947800000002,0.3022633915,0.00028619515905,2.8374488104e-05,2.502803611755371
155,1656243000,4.3420816999999996e-05,4.3420879800000005e-05,0.0063811728819999965,5.63642063762,0.0480859836,0.0044819961999999994,0.0090947708,0.006801587739999999,2.6155668619999996e-05,0.00020227218229999997,16.833916099999996,91.4,9.729988109999999e-06,3.833485860000001e-06,1.43367246e-06,8.633460220000001e-07,6.3740422e-07,5.23624942e-07,4.3454417200000007e-07,3.6794910899999995e-07,8.19465992e-07,1.9503214599999997e-07,2.87184761e-06,78.47251059999999,33.696847500000004,1.0469134210000001e-09,9.0776429,0.00151622999,0.116938744,0.00012195748020000003,1.659539063e-05,0.0016326513300000001,0.1532094886,0.00012195748020000003,1.659539063e-05,0.0018293816300000002,0.396342492,0.00012195748020000003,1.659539063e-05,0.0019343105399999999,0.302185237,0.00012195748020000003,1.659539063e-05,2.5028472900390626
155,1656243600,3.39345546e-05,3.3934558700000005e-05,0.2504634246,24.1928433943,0.04609486930000001,0.004056497609999999,0.008277009299999999,0.006395747709999999,2.4333801650000002e-05,0.00022167195939999995,11.743006749999997,50.0,5.28114611e-06,3.50904742e-06,1.4386654700000002e-06,8.909537880000001e-07,6.44211685e-07,5.31104495e-07,4.34544249e-07,3.65179908e-07,8.06297311e-07,1.9441740099999999e-07,2.87156817e-06,80.7116648,38.3603837,7.4161126e-10,9.1239335,0.0015096893099999999,0.11341589500000002,8.210124744999999e-05,8.658002149e-06,0.0015411065699999999,0.144378117,8.210124744999999e-05,8.658002149e-06,0.0013885114,0.164146449,8.210124744999999e-05,8.658002149e-06,0.0016880368500000003,0.27901257949999997,8.210124744999999e-05,8.658002149e-06,2.502773332595825
155,1656244200,2.4297939099999998e-05,2.42979442e-05,0.14504463359999997,1.9615408433000003,0.029488142300000002,0.003909702189999999,0.008064256850000001,0.006247920659999999,2.78113021e-06,2.6453822300000002e-05,10.2342659,32.8,2.23583279e-06,2.1160219199999996e-06,1.1523145599999998e-06,8.14941115e-07,6.19166091e-07,5.20092862e-07,4.23468119e-07,3.64953975e-07,8.19358072e-07,1.94753858e-07,2.88794423e-06,83.5804904,43.254966800000005,4.4916565600000004e-10,9.1769624,0.0015067993299999998,0.11032244529999999,9.33077843e-06,1.221704714e-06,0.00151067475,0.11162211050000001,9.33077843e-06,1.221704714e-06,0.00123842412,0.077332135,9.33077843e-06,1.221704714e-06,0.00158897723,0.126523012,9.33077843e-06,1.221704714e-06,2.502805542945862
155,1656244800,8.384841869999999e-05,8.38484377e-05,-0.335606474,14.552296004039999,0.057000033299999996,0.00510641639,0.01073902135,0.007894455540000001,9.863211010000001e-05,0.0009920092758,22.70979025,96.6,2.7085117220000005e-05,6.602526969999999e-06,1.490505716e-06,9.04010587e-07,6.39193323e-07,5.23688336e-07,4.277943289999999e-07,3.73283497e-07,8.12744966e-07,1.9680223099999996e-07,2.86841681e-06,76.9369882,32.425145529999995,2.3944467620000005e-09,9.02626075,0.0015365335699999998,0.1198050244,0.00039522790205999994,4.866400594e-05,0.0017435755199999997,0.21629860250000005,0.00039522790205999994,4.866400594e-05,0.0023858501299999996,1.0672256825,0.00039522790205999994,4.866400594e-05,0.00228332123,0.725771536,0.00039522790205999994,4.866400594e-05,2.5028031349182127
155,1656245400,6.0697321200000007e-05,6.069733789999999e-05,-0.7476603418999999,71.6842560195,0.082580372,0.00425381533,0.00824414745,0.006379560099999999,0.00011260698254999999,0.00114175793425,11.9999999,81.9,1.592597152e-05,5.97628374e-06,1.60282889e-06,9.54304556e-07,6.761370910000001e-07,5.310586910000001e-07,4.3526624200000003e-07,3.63836863e-07,8.088285660000001e-07,1.9652579299999996e-07,2.87744807e-06,75.9965281,32.08114205,1.589211583e-09,9.019688200000001,0.0015049255399999998,0.112227115,0.00074993393115,7.22302535e-05,0.0015712865999999999,0.19774034950000002,0.00074993393115,7.22302535e-05,0.00153787103,0.609312818,0.00074993393115,7.22302535e-05,0.00182052329,0.54766445,0.00074993393115,7.22302535e-05,2.502788805961609
155,1656246000,3.080793249999999e-05,3.0807939e-05,-0.3836028168699999,20.750948702869998,0.0411334451,0.00403587081,0.0082351677,0.006392195759999999,2.8292163580000005e-05,0.00029839412080000005,11.7674824,44.0,4.70492918e-06,2.8913202499999997e-06,1.21794936e-06,7.92530427e-07,6.23805027e-07,5.108013470000001e-07,4.3164129900000007e-07,3.7185537100000004e-07,8.085461570000001e-07,1.92156763e-07,2.85819181e-06,81.5013438,39.108061199999995,6.50073917e-10,9.136499750000002,0.0015075988700000002,0.11144628279999999,7.735700412000001e-05,7.70420292e-06,0.0015318119299999999,0.12027569899999999,7.735700412000001e-05,7.70420292e-06,0.00139891651,0.1386833316,7.735700412000001e-05,7.70420292e-06,0.0016807630399999999,0.24412938899999997,7.735700412000001e-05,7.70420292e-06,2.502832269668579
155,1656246600,4.311007329999999e-05,4.31100817e-05,0.033344608899999975,27.945001030950003,0.058838552499999995,0.00421861121,0.0083405457,0.006432887320000001,4.803995154e-05,0.0004349736537,13.143356700000002,78.5,1.030661867e-05,3.36684859e-06,1.26158193e-06,8.2412663e-07,6.162761070000001e-07,5.20511426e-07,4.23551042e-07,3.6269763300000003e-07,7.98498516e-07,1.9322513099999998e-07,2.88084401e-06,78.67878699999999,33.755285199999996,1.0408999599999998e-09,9.0729805,0.00149957074,0.11061500360000001,0.00025182498554999995,2.5145045493000003e-05,0.00157544521,0.13924323710000003,0.00025182498554999995,2.5145045493000003e-05,0.00151932359,0.3274932935,0.00025182498554999995,2.5145045493000003e-05,0.0018050640299999998,0.387738906,0.00025182498554999995,2.5145045493000003e-05,2.5027291774749756
155,1656247200,3.01280848e-05,3.0128089699999995e-05,0.17392465061,9.895201352900001,0.0343697906,0.0040056503900000005,0.00817587825,0.0063336799700000005,1.7793908070000003e-05,0.00017728818969999999,11.295454599999998,42.1,3.988669569999999e-06,2.9942748899999996e-06,1.16403927e-06,8.332808300000001e-07,6.53353981e-07,6.24618073e-07,4.78986056e-07,3.85216659e-07,8.85286716e-07,1.92131704e-07,2.86385288e-06,81.85300960000001,40.751363899999994,6.23247554e-10,9.1482584,0.0015365899199999999,0.120966027,0.00011219591987000001,1.0972463473000002e-05,0.00150637593,0.1132640152,0.00011219591987000001,1.0972463473000002e-05,0.0013124795599999998,0.1521022866,0.00011219591987000001,1.0972463473000002e-05,0.0016353025700000003,0.2005108,0.00011219591987000001,1.0972463473000002e-05,2.502786064147949
155,1656247800,2.54950243e-05,2.54950295e-05,0.40537397674900005,11.512724109645,0.0401115482,0.00392381481,0.00803269585,0.00623817827,6.90037727e-06,7.040603255e-05,10.400349600000002,31.1,2.5380889500000003e-06,2.36393384e-06,1.18718379e-06,8.201431459999999e-07,6.255294170000001e-07,5.370853790000001e-07,4.228284629999999e-07,3.65906837e-07,8.186013490000001e-07,1.9260149900000003e-07,2.87549127e-06,82.8910525,41.8634884,4.84355929e-10,9.1662493,0.0014974163200000001,0.1135618486,2.447857038e-05,2.6909181590000003e-06,0.0015411041799999999,0.1229651375,2.447857038e-05,2.6909181590000003e-06,0.0012961352699999997,0.09218036149999999,2.447857038e-05,2.6909181590000003e-06,0.00158429087,0.132511715,2.447857038e-05,2.6909181590000003e-06,2.502785491943359
155,1656248400,2.81974243e-05,2.8197428000000002e-05,0.010148052900000004,4.6166457696,0.031902056199999994,0.00401229471,0.008151562599999999,0.006319045109999999,1.153904131e-05,0.0001126180003,11.3653845,40.6,3.963558930000001e-06,2.33512483e-06,1.1818807999999999e-06,8.145609599999999e-07,6.228624030000001e-07,5.025811720000001e-07,4.22572147e-07,3.6229374199999997e-07,8.355424000000001e-07,1.95992509e-07,2.8611914500000003e-06,82.3941966,40.4716336,5.719542279999999e-10,9.1514211,0.0015032657700000001,0.110260518,4.976055216000001e-05,6.122766353e-06,0.00152873433,0.11795353009999998,4.976055216000001e-05,6.122766353e-06,0.0013448803100000002,0.1536325034,4.976055216000001e-05,6.122766353e-06,0.00163263853,0.156051936,4.976055216000001e-05,6.122766353e-06,2.502783513069153
155,1656249000,0.0001344024387,0.000134402481,0.24354240780000005,30.073127182200004,0.09204248689999998,0.00579344729,0.01243889808,0.00869138819,0.0001751334944,0.0015841417779499998,27.8321679,80.1,4.168290405e-05,1.4856984849999998e-05,3.22968406e-06,1.3563697399999998e-06,7.836822100000001e-07,5.61782528e-07,4.52996869e-07,3.8532818e-07,8.3098193e-07,1.9552663699999998e-07,2.86491451e-06,72.75895549999998,31.705065899999994,4.002887679e-09,8.92745165,0.00162248965,0.175437043,0.00041440472314999995,5.782666261000001e-05,0.00195260975,0.45918162580000005,0.00041440472314999995,5.782666261000001e-05,0.0028162594200000007,1.5038077774,0.00041440472314999995,5.782666261000001e-05,0.0027997978399999994,1.4302506635999999,0.00041440472314999995,5.782666261000001e-05,2.502847123146057
155,1656249600,2.51144291e-05,2.51144521e-05,0.18310138022000003,4.4224132652999995,0.0402087249,0.0039328495,0.00808448465,0.0062785544,4.39351567e-06,4.272633000000001e-05,10.917832149999999,41.6,2.56767182e-06,2.1293576099999996e-06,1.19052152e-06,8.12959755e-07,6.243448540000001e-07,5.13823338e-07,4.3501447599999996e-07,3.60797705e-07,8.29128211e-07,1.96335924e-07,2.8963308000000005e-06,83.0850836,42.267996000000004,4.721691050000001e-10,9.1715832,0.0015031615700000001,0.111863852,1.6055455909999997e-05,2.100022974e-06,0.00151208516,0.1145362669,1.6055455909999997e-05,2.100022974e-06,0.00128764701,0.0905564491,1.6055455909999997e-05,2.100022974e-06,0.0015867173700000001,0.1321024334,1.6055455909999997e-05,2.100022974e-06,2.502748990058899
155,1656250200,2.61631912e-05,2.6163196299999998e-05,0.013472810000000005,3.5414045251,0.0305664002,0.003963377610000001,0.008094524100000002,0.006304673330000001,9.70682991e-06,0.00010013809494999999,10.828671199999999,45.7,3.0746788400000003e-06,2.29026611e-06,1.1544017099999998e-06,7.764595470000002e-07,6.044526290000001e-07,4.99619567e-07,4.272309099999999e-07,3.70421265e-07,8.087727590000001e-07,1.97202608e-07,2.8779012e-06,82.8327999,41.262917,5.08341932e-10,9.159498899999999,0.0014863018900000001,0.1074946255,3.0831933629999995e-05,3.940953664e-06,0.0015331670900000003,0.11834172709999999,3.0831933629999995e-05,3.940953664e-06,0.00129764924,0.1159718274,3.0831933629999995e-05,3.940953664e-06,0.00160540687,0.1391960042,3.0831933629999995e-05,3.940953664e-06,2.502765679359436
155,1656250800,3.68983334e-05,3.68983444e-05,0.044222250399999975,26.658411422800004,0.052569948,0.00412540533,0.0083020477,0.00642883378,4.851106894e-05,0.0005125889495,12.284965099999999,69.7,7.667577959999998e-06,2.91460974e-06,1.24961874e-06,8.02663047e-07,6.19965003e-07,5.08338369e-07,4.3508759499999997e-07,3.67600872e-07,8.055590950000001e-07,1.9657693499999998e-07,2.88150447e-06,79.7485984,35.906897,8.41883082e-10,9.10337355,0.00150370668,0.110572183,0.00026433428418,2.8088458319999997e-05,0.00155339487,0.1357136289,0.00026433428418,2.8088458319999997e-05,0.0015095892699999998,0.338562417,0.00026433428418,2.8088458319999997e-05,0.0016988458299999998,0.2023507564,0.00026433428418,2.8088458319999997e-05,2.502878761291504
155,1656251400,3.60800393e-05,3.6080044e-05,-0.0080529365,2.0222012739,0.037261191000000006,0.00456839723,0.009325143000000001,0.007220554779999999,1.217144701e-05,0.0001018723456,20.0314689,69.2,7.45765023e-06,2.8126831299999998e-06,1.19497421e-06,8.0647404e-07,6.155351980000001e-07,5.06691577e-07,4.15960728e-07,3.6650168299999997e-07,7.9962389e-07,1.89319592e-07,2.87432103e-06,79.36802550000002,32.5273654,8.152256539999999e-10,9.0957403,0.0015042865999999998,0.109807919,6.69167971e-05,8.03956088e-06,0.00160680646,0.1280498159,6.69167971e-05,8.03956088e-06,0.00213906908,0.29371421900000005,6.69167971e-05,8.03956088e-06,0.001999676,0.23250928499999998,6.69167971e-05,8.03956088e-06,2.5028313636779784
155,1656252000,3.23259745e-05,3.2325992599999996e-05,0.20103292584000002,14.96037072306,0.039152203000000003,0.0042674339,0.008739323600000001,0.006768166639999999,1.3690490140000002e-05,0.0001292694151,15.3146852,58.9,4.671859309999999e-06,3.1423372200000003e-06,1.27108251e-06,8.47480707e-07,6.64626484e-07,6.28504438e-07,5.35256023e-07,4.1060888600000003e-07,9.21094365e-07,1.9475594100000002e-07,2.8752571199999997e-06,79.81566190000001,36.023790000000005,6.81803253e-10,9.118692499999998,0.00151969347,0.125489117,0.00010445240178999996,1.04990135e-05,0.0015911746300000002,0.1401769136,0.00010445240178999996,1.04990135e-05,0.0016966229,0.19418227000000002,0.00010445240178999996,1.04990135e-05,0.00183747568,0.18292892300000002,0.00010445240178999996,1.04990135e-05,2.5027508020401
155,1656252600,3.0426922899999996e-05,3.0426985699999995e-05,0.041159510430000004,4.0403996487,0.03968504570000001,0.0042237620600000005,0.0086512151,0.006672169760000001,1.0805807410000001e-05,8.985828309999999e-05,14.9318183,82.0,3.23431412e-06,2.29958724e-06,1.15193797e-06,8.730951479999999e-07,7.71763548e-07,1.150873086e-06,8.72938976e-07,5.62112198e-07,1.2096116210000002e-06,1.9319217400000002e-07,2.8939667600000003e-06,80.2325962,38.9517226,6.06394462e-10,9.135613449999997,0.0016032421200000001,0.15853321559999997,1.6082265340000002e-05,2.02198778e-06,0.00156639908,0.12120526760000001,1.6082265340000002e-05,2.02198778e-06,0.0015275511000000003,0.1177612036,1.6082265340000002e-05,2.02198778e-06,0.0016901595400000001,0.142968338,1.6082265340000002e-05,2.02198778e-06,2.502790427207947
155,1656253200,2.74548855e-05,2.74548948e-05,-0.14537663219,6.455641560800001,0.027009197599999996,0.00404279726,0.0083057818,0.00646142464,1.0544649909999999e-05,0.00010903098600000001,11.90034985,40.0,3.6999971900000003e-06,2.28557602e-06,1.13295533e-06,8.11620333e-07,6.34859317e-07,4.993794270000001e-07,4.2944094299999994e-07,3.6754307699999996e-07,8.095842599999999e-07,1.93963753e-07,2.8623119299999995e-06,82.21967250000002,39.6558883,5.46710211e-10,9.1521121,0.00150443932,0.11045186699999998,6.385999291999999e-05,6.865972519999999e-06,0.00154017414,0.1173244761,6.385999291999999e-05,6.865972519999999e-06,0.00143520383,0.1487817097,6.385999291999999e-05,6.865972519999999e-06,0.0016923502499999999,0.141806333,6.385999291999999e-05,6.865972519999999e-06,2.5027996778488157
155,1656253800,2.5915936099999997e-05,2.5915943100000003e-05,0.055869152700000015,0.97575217197,0.032143747,0.00404103711,0.00830613625,0.00648075508,3.15393373e-06,3.05540979e-05,12.0681817,35.2,2.78823957e-06,2.20739452e-06,1.1716042900000002e-06,8.064948220000001e-07,6.54998989e-07,6.180027150000001e-07,4.51463596e-07,3.69073172e-07,8.125225299999999e-07,1.9743619500000004e-07,2.8805604399999996e-06,82.52638670000002,40.9578408,4.950801280000001e-10,9.162280350000001,0.0015339995800000002,0.1177023261,8.11440301e-06,1.31273604e-06,0.00154050634,0.115674146,8.11440301e-06,1.31273604e-06,0.00143056577,0.0996699568,8.11440301e-06,1.31273604e-06,0.00167645108,0.13804123699999998,8.11440301e-06,1.31273604e-06,2.5027555227279663
155,1656254400,3.66535102e-05,3.6653527e-05,-0.062242388819999994,12.57611394657,0.0412536422,0.00419988585,0.008499893,0.0065895615099999996,2.8157325399999994e-05,0.0002417463949,13.346153699999999,47.5,7.284817659999999e-06,3.26038224e-06,1.21627004e-06,8.12470986e-07,6.04326178e-07,4.971524860000001e-07,4.3029906e-07,3.58798615e-07,8.050692549999999e-07,1.9270599e-07,2.86432081e-06,80.4225048,36.794044,8.408069819999999e-10,9.112564099999998,0.00149158786,0.10877718300000001,0.0001445169929,1.8015298e-05,0.0015707803999999998,0.1356550936,0.0001445169929,1.8015298e-05,0.0016540461100000002,0.3007905446,0.0001445169929,1.8015298e-05,0.0017806238599999999,0.2361080351,0.0001445169929,1.8015298e-05,2.50275661945343
155,1656255000,2.65088195e-05,2.65088247e-05,0.00129083439,-0.0041900439999999995,0.0211819893,0.00411127838,0.00847674615,0.006587543950000001,2.46076589e-06,1.95748269e-05,13.0437064,31.1,3.157344350000001e-06,2.33114877e-06,1.20530073e-06,7.876711059999999e-07,6.23961713e-07,4.909137440000001e-07,4.17440837e-07,3.72264683e-07,8.03400693e-07,1.95434233e-07,2.86949285e-06,82.27441990000001,39.6416339,5.167500119999999e-10,9.15591015,0.0014961623799999999,0.1083268476,8.18935714e-06,1.4448812899999998e-06,0.00157519684,0.11995697059999999,8.18935714e-06,1.4448812899999998e-06,0.00152408102,0.1135545674,8.18935714e-06,1.4448812899999998e-06,0.0017749355199999997,0.15023261699999998,8.18935714e-06,1.4448812899999998e-06,2.502800130844116
155,1656255600,2.7564227600000003e-05,2.75642334e-05,0.01703781517,0.08596081226999999,0.024676669000000002,0.004180443010000001,0.0086189166,0.006719862509999999,2.98673878e-06,2.4162460000000002e-05,14.391608299999998,41.8,3.61513185e-06,2.40157758e-06,1.17066305e-06,8.03393607e-07,6.22402112e-07,4.99420286e-07,4.2958794999999995e-07,3.6900575699999995e-07,8.14515623e-07,1.9352438999999997e-07,2.8627731900000003e-06,81.84228379999999,38.4051521,5.46872111e-10,9.149561299999998,0.0015101655,0.110614148,1.3429443149999999e-05,1.91232442e-06,0.0015709026099999998,0.1196663066,1.3429443149999999e-05,1.91232442e-06,0.0016280588000000002,0.13256877299999997,1.3429443149999999e-05,1.91232442e-06,0.00179191408,0.159049375,1.3429443149999999e-05,1.91232442e-06,2.5029260873794557
155,1656256200,3.94540907e-05,3.9454107400000005e-05,0.2267282211999999,19.8878833519,0.0509837357,0.0043588237,0.0087867098,0.006783307829999999,3.527628257e-05,0.00034669341370000006,15.687062800000001,58.1,8.48293374e-06,3.3324363299999995e-06,1.30716199e-06,8.28120087e-07,6.07897891e-07,5.055254929999999e-07,4.08418936e-07,3.6521120999999997e-07,8.267023670000001e-07,1.89855686e-07,2.87259147e-06,78.9988576,34.0650814,9.215273499999998e-10,9.0896747,0.00150514767,0.111852064,0.00014094316645,1.695716702e-05,0.0016209256899999997,0.155829821,0.00014094316645,1.695716702e-05,0.00175782645,0.30294385800000007,0.00014094316645,1.695716702e-05,0.0019270611199999998,0.29026966,0.00014094316645,1.695716702e-05,2.502631688117981
155,1656256800,2.9697153399999995e-05,2.96971697e-05,0.23624000020000002,2.87947662307,0.0386118231,0.00426567718,0.0088037466,0.00681141517,4.1721744699999996e-06,3.15626119e-05,15.438811300000001,45.5,4.0184266e-06,2.61885066e-06,1.24597785e-06,8.841743099999999e-07,6.58822347e-07,5.35491873e-07,4.696284460000001e-07,3.9494262300000005e-07,8.72810443e-07,2.02926965e-07,2.94645414e-06,80.958623,37.4918821,6.00275329e-10,9.1391683,0.00152252123,0.11702271289999999,1.645583652e-05,2.37969957e-06,0.00159410158,0.1284091868,1.645583652e-05,2.37969957e-06,0.0016970398999999997,0.1477241139,1.645583652e-05,2.37969957e-06,0.0018733563499999998,0.17709686200000002,1.645583652e-05,2.37969957e-06,2.5028131723403932
155,1656257400,4.57962315e-05,4.57962657e-05,-0.12137660721999999,6.782854251399999,0.04287927279999999,0.0046987094699999996,0.0095437623,0.00725286221,2.9247837099999998e-05,0.0002264037829,20.2360142,67.2,1.137370365e-05,3.6981030400000007e-06,1.2278366700000002e-06,8.24297385e-07,6.029704799999999e-07,5.062682399999999e-07,4.20354654e-07,3.62869591e-07,8.033937410000001e-07,1.95805282e-07,2.88233815e-06,77.9715719,31.4076294,1.129524116e-09,9.06391195,0.0015036134799999998,0.11053549150000001,0.00017829465915000003,1.9661743210000003e-05,0.0016521822999999998,0.14375683160000002,0.00017829465915000003,1.9661743210000003e-05,0.0021927832299999997,0.4794888070000001,0.00017829465915000003,1.9661743210000003e-05,0.0021346641999999997,0.30880798,0.00017829465915000003,1.9661743210000003e-05,2.5027348041534423
155,1656258000,2.6959910800000003e-05,2.69599189e-05,-0.009241586164199999,0.03134419326,0.0218999784,0.00413884368,0.008529429500000001,0.006639862889999999,2.7048431800000003e-06,2.13822008e-05,13.277972,34.6,3.42288234e-06,2.34249994e-06,1.1656832399999999e-06,8.04876149e-07,6.01319538e-07,5.08738553e-07,4.19615341e-07,3.62130373e-07,7.978839829999999e-07,1.96573838e-07,2.8577299e-06,82.1538004,39.0779219,5.295976669999999e-10,9.1538587,0.0014841213500000003,0.10690268519999999,9.40741892e-06,1.5543215599999997e-06,0.0015443730000000001,0.1162729254,9.40741892e-06,1.5543215599999997e-06,0.0015862914499999998,0.12272948099999999,9.40741892e-06,1.5543215599999997e-06,0.00180448231,0.15932456,9.40741892e-06,1.5543215599999997e-06,2.5028490304946898
155,1656258600,3.73916656e-05,3.739167469999999e-05,0.0802456552,8.8216133111,0.039422643300000004,0.00439140433,0.008922684750000002,0.0069067200200000015,3.308095729e-05,0.000344484374,16.472027949999998,65.9,8.15777732e-06,2.7900905999999995e-06,1.1669664e-06,8.39583652e-07,6.09230977e-07,4.980255929999999e-07,4.1896682700000003e-07,3.62916407e-07,8.051183170000001e-07,1.95511246e-07,2.85154126e-06,79.73826249999999,34.400442999999996,8.634614550000001e-10,9.1004502,0.00149560138,0.10850438300000001,0.0001895899227,2.0401804830000002e-05,0.0015897124300000003,0.129388978,0.0001895899227,2.0401804830000002e-05,0.0018473357100000005,0.32540887649999994,0.0001895899227,2.0401804830000002e-05,0.0019576423099999995,0.239368245,0.0001895899227,2.0401804830000002e-05,2.5028223991394043
155,1656259200,4.892584500000001e-05,4.89258688e-05,-0.015641798229999997,18.6263407127,0.053916673299999995,0.004404350909999999,0.008844478999999999,0.006839837579999999,6.996323649000001e-05,0.0007275295929999999,16.263986199999998,65.0,1.2496448400000002e-05,4.06315218e-06,1.2776615e-06,8.169317479999999e-07,6.24782888e-07,5.076563039999999e-07,4.26335336e-07,3.62695463e-07,8.105340999999999e-07,1.99167359e-07,2.87746775e-06,78.6833231,33.8809361,1.235100151e-09,9.0743942,0.0015144481499999999,0.1117578413,0.00026098832989,2.7338949680000002e-05,0.00158760544,0.13204860849999997,0.00026098832989,2.7338949680000002e-05,0.00186428527,0.39237040749999996,0.00026098832989,2.7338949680000002e-05,0.00193951716,0.49423530800000004,0.00026098832989,2.7338949680000002e-05,2.5028203964233398
155,1656259800,0.0002439010775,0.0002439010914,-1.1961269468,49.835865343399995,0.12095380029999998,0.0059830049,0.011690308850000001,0.008635284659999999,0.00076133804839,0.00790442724,33.2307692,113.0,9.820742882e-05,1.4230729539999997e-05,2.33903384e-06,1.201886361e-06,7.252051150000001e-07,5.429565570000001e-07,4.37275247e-07,3.7414511100000005e-07,8.1693878e-07,1.96365696e-07,2.8781056699999996e-06,69.6846836,24.482199700000002,7.686937176000001e-09,8.839400550000002,0.0015791046100000002,0.15364578769999998,0.0030696509900600003,0.00032293967151,0.0019019900599999996,0.288362015,0.0030696509900600003,0.00032293967151,0.00334546868,3.449901225,0.0030696509900600003,0.00032293967151,0.0029401583500000003,2.8110579930000004,0.0030696509900600003,0.00032293967151,2.5029072046279905
155,1656260400,5.1769506700000004e-05,5.1769524e-05,-0.13100839120000002,26.7243870462,0.062369599600000006,0.004589249710000001,0.009117810850000001,0.006964890539999999,7.289352784e-05,0.0007416007418,17.8374127,85.5,1.3473110589999997e-05,4.230680460000001e-06,1.48347801e-06,9.024842329999999e-07,6.4331647e-07,4.985892600000001e-07,4.20421088e-07,3.77064874e-07,8.035563699999999e-07,1.9707406e-07,2.8548655500000006e-06,76.2640555,29.029613400000006,1.30996851e-09,9.030767200000001,0.0015176058199999998,0.1216156652,0.00024798653420000005,3.200945113e-05,0.00166523549,0.19226970260000004,0.00024798653420000005,3.200945113e-05,0.00201635731,0.5316658609999999,0.00024798653420000005,3.200945113e-05,0.0020596033199999997,0.36643453500000006,0.00024798653420000005,3.200945113e-05,2.5027302503585815
155,1656261000,2.65470919e-05,2.6547101900000003e-05,0.0162313145,0.0882068421,0.0250235484,0.0041034711299999995,0.008460780650000001,0.00657821782,2.6947398700000002e-06,2.36491889e-05,13.0122378,35.1,3.23465683e-06,2.2546393999999998e-06,1.18343064e-06,8.027694600000001e-07,6.16137366e-07,4.88683683e-07,4.3728256e-07,3.6811378300000004e-07,8.009624369999999e-07,1.9477558900000001e-07,2.89201719e-06,82.33306610000001,39.7614392,5.171118519999999e-10,9.15622745,0.00148640546,0.1079343106,1.034957778e-05,1.58367354e-06,0.00154683035,0.11734575880000002,1.034957778e-05,1.58367354e-06,0.00153631384,0.11579223139999999,1.034957778e-05,1.58367354e-06,0.0017529956499999998,0.15073436499999998,1.034957778e-05,1.58367354e-06,2.5027026653289797
155,1656261600,3.9109710799999996e-05,3.9109724e-05,0.22397601599999994,29.248252771800004,0.06383556709999999,0.00423699792,0.0085525828,0.00662605567,4.543755679e-05,0.00044516394220000003,13.858391700000002,58.8,8.15280864e-06,3.3534117199999997e-06,1.33225722e-06,8.34741368e-07,6.532668109999999e-07,5.30460057e-07,4.2656035699999995e-07,3.74873845e-07,8.132337630000001e-07,1.99272387e-07,2.8837884499999996e-06,79.2214582,34.8706646,9.06682487e-10,9.0934613,0.00149764174,0.1101931019,0.00036095523753000005,3.7161224510000006e-05,0.0015752350000000001,0.16125763599999998,0.00036095523753000005,3.7161224510000006e-05,0.00170449847,0.4004780433,0.00036095523753000005,3.7161224510000006e-05,0.0017610269300000001,0.175109172,0.00036095523753000005,3.7161224510000006e-05,2.5028109788894652
155,1656262200,0.0010054365091,0.0010054365445,-2.2499446876,93.64099097420001,0.24659607519999996,0.00767746433,0.01433614735,0.00922426151,0.00335861878399,0.035669230906499996,31.9930071,125.8,0.00042968682352,5.6778279339999995e-05,6.94633447e-06,2.4087996119999996e-06,1.2110865260000002e-06,7.4643719e-07,5.41739759e-07,4.3329117399999995e-07,8.751548080000001e-07,1.96238421e-07,2.8940322300000004e-06,63.107281999999984,23.714789339999996,3.3224790714000005e-08,8.62417697,0.00170407185,0.31638042820000006,0.01622416085803,0.0016869001393499997,0.0022644863899999998,1.5334602384999998,0.01622416085803,0.0016869001393499997,0.004550494029999999,17.432990720499998,0.01622416085803,0.0016869001393499997,0.00402487061,9.17472538,0.01622416085803,0.0016869001393499997,2.5028351068496706
155,1656262800,3.11411307e-05,3.11411416e-05,0.15495800289999997,7.905781854600001,0.037055528000000004,0.00426298908,0.008699079549999999,0.0067802164,1.5595840789999996e-05,0.00015954649000000004,15.2290212,52.4,4.995088489999999e-06,2.8197649199999995e-06,1.1646428700000001e-06,7.93466451e-07,6.22500644e-07,5.15420286e-07,4.1786909199999996e-07,3.70591709e-07,7.982302620000001e-07,1.98287674e-07,2.8745246899999997e-06,80.67994739999999,36.094854600000005,6.57026414e-10,9.1259733,0.00150100894,0.1093485759,5.407699323000001e-05,6.35091072e-06,0.0015874026,0.1269389275,5.407699323000001e-05,6.35091072e-06,0.0017549652200000002,0.192689076,5.407699323000001e-05,6.35091072e-06,0.0018539937300000003,0.194875976,5.407699323000001e-05,6.35091072e-06,2.5027695178985594
155,1656263400,8.09008666e-05,8.090088170000001e-05,-0.014656001100000005,5.5414572805999995,0.05976397709999999,0.00551750359,0.011674229500000001,0.008393107189999999,4.9420857010000005e-05,0.0003641076936,30.860139699999998,106.5,2.291122531e-05,8.55813108e-06,1.97212754e-06,1.036761003e-06,6.953513200000001e-07,5.351426690000001e-07,4.44623807e-07,3.78148373e-07,8.256514310000001e-07,1.98981072e-07,2.89409476e-06,74.15460890000001,27.404442269999997,2.25448396e-09,8.977524050000001,0.0015783827,0.13166251899999998,0.0001511178636,2.198633308e-05,0.00188693895,0.30090739850000003,0.0001511178636,2.198633308e-05,0.00283919906,0.8012776656,0.0001511178636,2.198633308e-05,0.0026909958600000003,0.807831088,0.0001511178636,2.198633308e-05,2.5028156995773316
155,1656264000,2.64971698e-05,2.64971761e-05,-0.004768613849999999,0.09184640200000001,0.0224551269,0.0040980189900000005,0.008447382949999999,0.006579900009999999,2.78510425e-06,2.5084245299999997e-05,12.8181818,33.2,3.0957106099999996e-06,2.3788423000000005e-06,1.1765531e-06,8.09874878e-07,6.13423925e-07,5.244294050000001e-07,4.25027153e-07,3.641587220000001e-07,8.039775820000002e-07,1.9399008899999998e-07,2.8625101300000002e-06,82.23085749999998,39.6826334,5.14856602e-10,9.15729915,0.0014999688,0.10924595909999998,1.0312155039999999e-05,1.52406427e-06,0.0015685155199999998,0.1197481904,1.0312155039999999e-05,1.52406427e-06,0.00150180733,0.1109051401,1.0312155039999999e-05,1.52406427e-06,0.00175725751,0.150615258,1.0312155039999999e-05,1.52406427e-06,2.5027218103408813
155,1656264600,3.13585176e-05,3.13585291e-05,-0.01101374448,2.5591944897000003,0.037624865900000005,0.004262529650000001,0.0087161793,0.006725984659999999,9.62385042e-06,6.84089889e-05,15.12237765,59.5,5.2145348e-06,2.6113740999999997e-06,1.2126126400000002e-06,8.361383040000001e-07,6.165945270000001e-07,5.132449950000001e-07,4.22795807e-07,3.72698304e-07,8.10657336e-07,1.98621772e-07,2.86990662e-06,80.73402659999999,36.590775300000004,6.66308832e-10,9.126731549999999,0.00150968506,0.11035720460000001,4.395612905e-05,5.927671859999999e-06,0.0015990601100000002,0.12797538539999997,4.395612905e-05,5.927671859999999e-06,0.00168026033,0.18784915739999997,4.395612905e-05,5.927671859999999e-06,0.00184603697,0.20202442299999998,4.395612905e-05,5.927671859999999e-06,2.5027584552764894
155,1656265200,2.74661951e-05,2.74662172e-05,0.0010745008799999997,0.286747450847,0.0242939418,0.00415763272,0.00857897735,0.006665965930000001,3.905162820000001e-06,3.8347351700000005e-05,13.907342599999998,44.4,3.6448362299999997e-06,2.36921031e-06,1.1679487e-06,7.981004909999999e-07,6.172414160000001e-07,5.04078296e-07,4.15557887e-07,3.6818313099999993e-07,8.07645377e-07,1.94914936e-07,2.84518161e-06,81.9009006,38.332220899999996,5.461885080000001e-10,9.148467499999999,0.00148909484,0.1077738385,1.74911369e-05,2.3364685199999997e-06,0.0015743281099999998,0.12012697300000001,1.74911369e-05,2.3364685199999997e-06,0.0016383783699999998,0.137081815,1.74911369e-05,2.3364685199999997e-06,0.00177670942,0.153793553,1.74911369e-05,2.3364685199999997e-06,2.5027738332748415
155,1656265800,3.0053456899999997e-05,3.0053464900000006e-05,0.099536089563,1.8157892545999998,0.040091291300000005,0.00422698626,0.0087270341,0.006704926089999999,7.384750780000001e-06,6.67263212e-05,15.113636249999999,52.8,4.33697382e-06,2.7095342399999998e-06,1.2323830600000002e-06,8.49597304e-07,6.50074845e-07,5.01894037e-07,4.30674255e-07,3.72582364e-07,8.20697045e-07,1.98604596e-07,2.9236576300000003e-06,81.4553519,38.3697469,6.213936689999999e-10,9.138551099999999,0.00152776021,0.11507241239999999,1.959483816e-05,3.05452866e-06,0.0016072237199999998,0.131743195,1.959483816e-05,3.05452866e-06,0.0016275443899999998,0.159784001,1.959483816e-05,3.05452866e-06,0.00177731226,0.180447359,1.959483816e-05,3.05452866e-06,2.5026349306106566
155,1656266400,2.8827300300000002e-05,2.8827308900000004e-05,-0.014492687429999998,0.3056878958,0.0241753007,0.00423498358,0.008768184200000001,0.00678727928,4.4193301599999995e-06,3.83723258e-05,15.7307695,48.5,4.029988670000001e-06,2.5817148400000002e-06,1.18741043e-06,8.10442596e-07,6.43259754e-07,4.98060733e-07,4.1591141000000006e-07,3.67382819e-07,8.09122477e-07,1.98186583e-07,2.8720607200000002e-06,81.398902,37.6377681,5.859369029999999e-10,9.14021405,0.0015073723399999998,0.11013850659999999,1.542440177e-05,2.44591949e-06,0.0015928081599999998,0.1255812211,1.542440177e-05,2.44591949e-06,0.00162700619,0.147676639,1.542440177e-05,2.44591949e-06,0.00185065942,0.173112578,1.542440177e-05,2.44591949e-06,2.5027971506118774
155,1656267000,3.181691179999999e-05,3.1816923100000005e-05,-0.12982348107,3.07679384077,0.028581550700000003,0.004184844240000001,0.00853015025,0.00658510633,1.3453141749999997e-05,0.00012471640780000002,13.935314599999998,47.1,5.29740882e-06,2.74970854e-06,1.25321577e-06,7.88839333e-07,6.51562822e-07,5.030598840000001e-07,4.33794509e-07,3.6418353900000005e-07,7.994660239999999e-07,1.9573408e-07,2.87141053e-06,81.3480215,38.4723915,6.855795389999999e-10,9.13242575,0.00151688273,0.11302878270000001,4.949229963999999e-05,6.93967815e-06,0.0015755345900000002,0.1228900949,4.949229963999999e-05,6.93967815e-06,0.00158347346,0.21257042900000003,4.949229963999999e-05,6.93967815e-06,0.0017525191899999998,0.19340807100000001,4.949229963999999e-05,6.93967815e-06,2.5028607130050657
155,1656267600,3.44478409e-05,3.44478622e-05,0.12162056751999999,3.1235569178,0.0430356437,0.00444284677,0.0092389412,0.00699018726,1.087764141e-05,8.550058455e-05,18.729020900000002,66.4,5.9234100100000004e-06,3.29126945e-06,1.30839954e-06,8.703181260000001e-07,6.330047469999999e-07,5.03590446e-07,4.1967552e-07,3.7357498e-07,8.06341447e-07,1.9809548999999995e-07,2.8960490100000004e-06,79.7031982,34.6040191,7.57383627e-10,9.1078996,0.0015236885899999996,0.1146523363,4.4889570410000006e-05,5.75336928e-06,0.0016558804399999997,0.14597955850000002,4.4889570410000006e-05,5.75336928e-06,0.00180973652,0.21587718899999997,4.4889570410000006e-05,5.75336928e-06,0.0019400360700000002,0.23775943549999998,4.4889570410000006e-05,5.75336928e-06,2.5027260303497316
155,1656268200,2.51836357e-05,2.5183638499999996e-05,0.01948092535,1.5751237625549999,0.0311928379,0.00396799307,0.00816750525,0.00635619529,4.889738750000001e-06,5.001342960000001e-05,10.75,32.6,2.5918872e-06,2.23336244e-06,1.17760077e-06,7.937418840000001e-07,6.205951060000001e-07,5.0148234e-07,4.16230333e-07,3.6829202e-07,8.17269942e-07,1.9770950500000002e-07,2.87348826e-06,83.03955520000001,41.8312357,4.76404825e-10,9.1676029,0.00149489182,0.1100945475,1.5936682290000002e-05,1.9374224399999995e-06,0.00154531737,0.118986695,1.5936682290000002e-05,1.9374224399999995e-06,0.00134328808,0.09279497490000001,1.5936682290000002e-05,1.9374224399999995e-06,0.00161410976,0.130825133,1.5936682290000002e-05,1.9374224399999995e-06,2.502705383300781
155,1656268800,2.5301421300000004e-05,2.5301427200000002e-05,-0.007945658612000006,0.74082468016,0.026734478,0.00397393208,0.00818591805,0.006368689530000001,3.64335422e-06,3.5031596e-05,11.5104894,39.8,2.73941702e-06,2.22074825e-06,1.1480614699999999e-06,8.07962065e-07,5.90928404e-07,5.090074530000001e-07,4.14697155e-07,3.56653402e-07,8.136595880000001e-07,1.9175182999999997e-07,2.85774758e-06,83.1147369,41.546745400000006,4.82497895e-10,9.166128350000001,0.0015009376099999999,0.10919729149999999,1.7747563730000002e-05,2.2347952600000004e-06,0.0015267139999999998,0.11466718280000002,1.7747563730000002e-05,2.2347952600000004e-06,0.00138542442,0.1034777421,1.7747563730000002e-05,2.2347952600000004e-06,0.0016274284,0.132805402,1.7747563730000002e-05,2.2347952600000004e-06,2.5027734994888307
155,1656269400,2.73349139e-05,2.7334921999999998e-05,0.20184242511,10.0502758009,0.03565406719999999,0.00400106128,0.0081572268,0.006377919550000001,9.672395569999999e-06,0.0001002079797,11.333916149999999,46.9,3.2754501199999997e-06,2.56970116e-06,1.21712047e-06,8.214473239999999e-07,6.356770119999999e-07,5.095346840000001e-07,4.1795945600000006e-07,3.7272993799999996e-07,7.925107490000001e-07,1.9421252799999998e-07,2.86097005e-06,82.2388401,40.1614555,5.41713124e-10,9.15472025,0.0014896157699999999,0.10856996199999999,6.099474379e-05,6.113664450000001e-06,0.00151699212,0.11858136589999999,6.099474379e-05,6.113664450000001e-06,0.00137172914,0.12400376879999997,6.099474379e-05,6.113664450000001e-06,0.0016772586200000002,0.16015426959999998,6.099474379e-05,6.113664450000001e-06,2.5027624130249024
155,1656270000,3.20863273e-05,3.20863301e-05,-0.07189118760000003,5.482873280500001,0.0395533416,0.004198960890000001,0.008529022649999999,0.0066017622400000005,1.3801127690000001e-05,0.00011339484350000002,14.29195805,65.7,5.21948554e-06,2.9746982099999997e-06,1.19883217e-06,8.409981150000001e-07,6.09979584e-07,5.23799057e-07,4.32232554e-07,3.8013687400000006e-07,8.03333369e-07,1.9825626900000002e-07,2.86123418e-06,80.65453089999998,36.886449999999996,6.885581810000001e-10,9.123686500000002,0.00151583377,0.11264378540000002,5.120110453e-05,6.925201085000001e-06,0.0015935703799999999,0.1295872146,5.120110453e-05,6.925201085000001e-06,0.00151319185,0.18247357320000002,5.120110453e-05,6.925201085000001e-06,0.0018204356299999999,0.22568223060000006,5.120110453e-05,6.925201085000001e-06,2.5027501344680787
155,1656270600,2.5048657999999998e-05,2.50486668e-05,0.07767857170700002,2.6366797957,0.0291939699,0.003933886320000001,0.008110927799999999,0.006304901359999999,4.03920266e-06,3.6954694899999995e-05,10.6363637,39.1,2.53777194e-06,2.25565164e-06,1.1463733900000002e-06,8.11207344e-07,6.13957887e-07,4.77102646e-07,4.299366049999999e-07,3.6666707499999996e-07,8.241121759999999e-07,1.9762789199999998e-07,2.8637590099999998e-06,83.14731320000001,42.018504300000004,4.740083360000001e-10,9.1689973,0.0014957292400000002,0.1093427961,1.6771127599999996e-05,1.9633432e-06,0.0015294279999999998,0.11551543239999999,1.6771127599999996e-05,1.9633432e-06,0.0012750706500000001,0.08639601820000001,1.6771127599999996e-05,1.9633432e-06,0.0016113878700000001,0.1386504684,1.6771127599999996e-05,1.9633432e-06,2.502769947052002
155,1656271200,2.80985655e-05,2.8098569700000002e-05,-0.0214754796,3.2578908464999996,0.0328940448,0.00406808169,0.00833251995,0.00645502783,1.098520776e-05,0.0001133511733,12.4912588,53.5,3.9193761800000005e-06,2.38998975e-06,1.15444069e-06,7.932768679999998e-07,6.26183058e-07,5.01102114e-07,4.2293146699999996e-07,3.8073856e-07,7.981704699999999e-07,1.9996629500000002e-07,2.86298501e-06,81.974909,39.0571575,5.66870326e-10,9.1479913,0.00149609946,0.10908003200000001,2.597510506e-05,3.4223583950000004e-06,0.0015597856,0.12119267450000001,2.597510506e-05,3.4223583950000004e-06,0.00141440238,0.1218029083,2.597510506e-05,3.4223583950000004e-06,0.0017120394900000003,0.18467811159999997,2.597510506e-05,3.4223583950000004e-06,2.502824330329895
155,1656271800,6.37271526e-05,6.37271681e-05,-0.33679383459,20.351020221549998,0.06147652799999999,0.0044667249899999996,0.00881994765,0.0067875203,0.00012476980591999998,0.0012605081902,16.138111799999997,85.3,1.60364385e-05,7.634689569999998e-06,1.5157526199999998e-06,8.501579800000001e-07,6.315945979999999e-07,4.99272201e-07,4.2362732700000003e-07,3.8262980199999995e-07,8.02509943e-07,1.9690922600000003e-07,2.88994428e-06,77.2259613,32.20282396,1.7113258150000002e-09,9.0396965,0.00151600078,0.1165084156,0.00047307730923,5.359038693999999e-05,0.0016471828300000002,0.205946657,0.00047307730923,5.359038693999999e-05,0.00183261869,0.7240494085,0.00047307730923,5.359038693999999e-05,0.0019785130299999998,0.507153695,0.00047307730923,5.359038693999999e-05,2.5027819156646727
155,1656272400,3.0759292100000005e-05,3.07593074e-05,-0.04905765572,1.6756086407999997,0.028791889100000002,0.00421761997,0.00870405405,0.006701336600000001,7.91810728e-06,6.531085519999999e-05,14.874126,50.6,4.71254662e-06,2.8331692599999997e-06,1.2226903899999998e-06,8.160977349999999e-07,6.10296604e-07,5.01928953e-07,4.1968650899999996e-07,3.7791802000000006e-07,8.090386920000001e-07,1.94478356e-07,2.88171362e-06,81.142791,38.045936999999995,6.48234154e-10,9.133975000000001,0.00149608787,0.10876696099999998,3.5198613259999996e-05,4.6976781099999995e-06,0.00158659175,0.1291217155,3.5198613259999996e-05,4.6976781099999995e-06,0.0015927775499999998,0.1813814848,3.5198613259999996e-05,4.6976781099999995e-06,0.0017988397800000003,0.19159013589999996,3.5198613259999996e-05,4.6976781099999995e-06,2.502825379371643
155,1656273000,2.73494881e-05,2.73494936e-05,0.08422109164,1.0209859846999998,0.0293047636,0.00414825259,0.0085608567,0.00665095565,3.2618693600000003e-06,2.8300311500000002e-05,13.937062950000001,37.1,3.36211516e-06,2.50924133e-06,1.20135164e-06,7.962472929999999e-07,6.212352399999999e-07,4.98858971e-07,4.28087689e-07,3.6983779600000003e-07,8.12735439e-07,1.9304227599999998e-07,2.8818849e-06,81.87278870000002,38.723241099999996,5.40109371e-10,9.149150250000002,0.0014965735500000001,0.10957020199999998,1.0084251169999999e-05,1.7774682899999999e-06,0.0015851529199999998,0.12258245590000001,1.0084251169999999e-05,1.7774682899999999e-06,0.0015462877000000002,0.12112521859999999,1.0084251169999999e-05,1.7774682899999999e-06,0.0017907421699999999,0.159127564,1.0084251169999999e-05,1.7774682899999999e-06,2.502774143218994
155,1656273600,2.99710968e-05,2.9971103900000004e-05,0.11808986807499997,3.2740401240000003,0.0359039552,0.004246477959999999,0.0087725947,0.00675716348,8.78662787e-06,8.46430626e-05,15.8006993,61.4,4.461160969999999e-06,2.6862760299999997e-06,1.2129330700000002e-06,8.176939150000001e-07,6.288718919999999e-07,5.16189511e-07,4.23425006e-07,3.69240586e-07,8.00149267e-07,1.9374683699999999e-07,2.8757696300000002e-06,80.773492,36.1821694,6.1930757e-10,9.1304993,0.00150927599,0.11082025979999999,3.387155428e-05,4.159045619999999e-06,0.0015926316200000003,0.1275267521,3.387155428e-05,4.159045619999999e-06,0.0017043151,0.17136978799999997,3.387155428e-05,4.159045619999999e-06,0.0018254508399999998,0.17918565560000002,3.387155428e-05,4.159045619999999e-06,2.5027013063430785
155,1656274200,2.4436789200000003e-05,2.44367994e-05,-0.007691999149999998,0.24523613031,0.024471646199999995,0.0039359702299999995,0.00810594375,0.0063097872900000004,2.5431080999999996e-06,2.3648920400000004e-05,10.924825199999999,33.0,2.4580295599999997e-06,2.07337193e-06,1.1312307499999998e-06,7.98279734e-07,6.24362124e-07,4.95480023e-07,4.1900846400000003e-07,3.6441262100000005e-07,8.17433239e-07,1.9495701999999998e-07,2.84177094e-06,83.3323981,42.463974099999994,4.5616059499999997e-10,9.174149750000002,0.0015012775499999998,0.10866791540000001,8.80563549e-06,1.32856595e-06,0.00151879989,0.112943879,8.80563549e-06,1.32856595e-06,0.00131611594,0.0877705885,8.80563549e-06,1.32856595e-06,0.00159063314,0.12340755190000001,8.80563549e-06,1.32856595e-06,2.5027974605560304
155,1656274800,2.6677856899999995e-05,2.6677860900000003e-05,-0.07009493089999999,1.2301304918000002,0.0245044447,0.0040516805999999995,0.008322463899999999,0.00647305485,5.077008640000001e-06,4.57397666e-05,12.6066433,45.1,3.3231441099999997e-06,2.2406412900000003e-06,1.17882115e-06,7.890396989999999e-07,6.141952050000001e-07,5.113153150000001e-07,4.424553990000001e-07,3.7052083399999997e-07,8.167577950000001e-07,1.9939101799999997e-07,2.85257565e-06,82.35914149999999,39.791978799999995,5.217115550000001e-10,9.156484149999999,0.0015067453700000001,0.10961990690000001,2.0355955399999996e-05,2.6996020499999996e-06,0.00152825392,0.1145587871,2.0355955399999996e-05,2.6996020499999996e-06,0.00145819454,0.12138042750000003,2.0355955399999996e-05,2.6996020499999996e-06,0.00167922934,0.15075934740000002,2.0355955399999996e-05,2.6996020499999996e-06,2.502862787246704
155,1656275400,2.42750057e-05,2.4275012299999995e-05,0.008170468714000002,0.11016077240000002,0.023424885099999997,0.003923831229999999,0.008127306599999998,0.006312217639999999,2.1932604399999995e-06,2.016904285e-05,10.5751748,31.1,2.3699755099999996e-06,2.07520571e-06,1.1603955200000002e-06,7.875897250000001e-07,6.055263710000001e-07,4.94180815e-07,4.23728209e-07,3.49890246e-07,8.02667937e-07,1.95573628e-07,2.87275564e-06,83.60567879999999,42.8628605,4.5112074199999996e-10,9.17631535,0.00148838231,0.10757430819999998,7.28685407e-06,1.166194834e-06,0.00153353624,0.11419781799999999,7.28685407e-06,1.166194834e-06,0.0013072343,0.084055646,7.28685407e-06,1.166194834e-06,0.0015891558,0.122503272,7.28685407e-06,1.166194834e-06,2.5028149604797365
155,1656276000,2.5475966199999998e-05,2.5475972799999998e-05,0.19750317629400008,4.01783312265,0.028130201,0.003956298719999999,0.00811681495,0.006337114819999999,5.11610924e-06,4.9235627249999986e-05,11.1783218,40.2,2.7639255899999998e-06,2.23709664e-06,1.13585718e-06,7.864195629999999e-07,6.3018287e-07,5.05211969e-07,4.31619113e-07,3.8199419000000005e-07,8.14886994e-07,1.9596491199999997e-07,2.85467322e-06,82.9604778,41.6389623,4.86553567e-10,9.1658394,0.0014970087800000001,0.1096352751,3.485886818999999e-05,3.8113439209999994e-06,0.00151563687,0.11161803159999999,3.485886818999999e-05,3.8113439209999994e-06,0.00133963376,0.109718574,3.485886818999999e-05,3.8113439209999994e-06,0.00160584763,0.1309051566,3.485886818999999e-05,3.8113439209999994e-06,2.5026695251464846
155,1656276600,4.7477020600000004e-05,4.74770286e-05,0.16856879974,14.1539671123,0.0529398901,0.00433766974,0.008690959000000002,0.00664262353,6.241280199000002e-05,0.0006211395323,14.648601600000001,60.6,1.2725111639999999e-05,3.1438408399999994e-06,1.2493474400000002e-06,8.28047644e-07,6.25458207e-07,5.163013640000001e-07,4.20921295e-07,3.6379116399999994e-07,8.09308216e-07,1.9655484500000002e-07,2.8597385499999998e-06,79.4344106,35.9484783,1.198003716e-09,9.0823194,0.0015071343600000001,0.11135005419999999,0.00030472277620000005,3.714567060999999e-05,0.0015696818800000002,0.12533354400000002,0.00030472277620000005,3.714567060999999e-05,0.0017406135100000001,0.5409550569999999,0.00030472277620000005,3.714567060999999e-05,0.00183871551,0.31269831959999994,0.00030472277620000005,3.714567060999999e-05,2.5029272556304933
155,1656277200,4.20208422e-05,4.20208682e-05,-0.08493669088000001,3.26877195643,0.038046617000000005,0.00471738687,0.009889361699999998,0.0074337983600000004,1.7645804130000002e-05,0.0001530392528,21.0821677,80.4,9.177748230000001e-06,3.78742634e-06,1.4071959300000003e-06,8.264743800000001e-07,6.382931219999999e-07,5.170797169999999e-07,4.22742244e-07,3.66874581e-07,8.03623802e-07,1.95650657e-07,2.86718822e-06,78.19639339999999,32.148392199999996,1.0003185090000002e-09,9.07459505,0.0015284717300000001,0.11483464209999998,5.305633248000001e-05,8.301408470000002e-06,0.0017003443800000001,0.15417437799999995,5.305633248000001e-05,8.301408470000002e-06,0.0021440498600000003,0.3555943586,5.305633248000001e-05,8.301408470000002e-06,0.0021284515200000005,0.309538836,5.305633248000001e-05,8.301408470000002e-06,2.5025708436965943
155,1656277800,2.8674985599999998e-05,2.8674988499999998e-05,0.7561214681699999,26.714777730299993,0.051503693299999986,0.004174083990000001,0.008591770799999999,0.006652566590000001,6.809029520000001e-06,6.8510925e-05,14.0279719,40.1,3.6845222300000004e-06,2.56615551e-06,1.2516566999999999e-06,8.58866062e-07,6.60514461e-07,5.278489099999999e-07,4.5349545399999995e-07,3.84686803e-07,8.342216919999999e-07,1.9722635299999998e-07,2.9182286e-06,81.30911280000001,38.021090400000006,5.71510439e-10,9.1449522,0.00150622298,0.11347223009999999,2.019808977e-05,2.53454976e-06,0.00157470122,0.13014569280000002,2.019808977e-05,2.53454976e-06,0.0016091856199999996,0.1337639299,2.019808977e-05,2.53454976e-06,0.0018164322500000003,0.166297084,2.019808977e-05,2.53454976e-06,2.502734637260437
155,1656278400,3.26684382e-05,3.2668453899999997e-05,-0.0359978001,2.400293053704,0.0326434425,0.00445225404,0.0091914703,0.007096628759999999,7.953868280000001e-06,7.24735704e-05,18.012238,60.6,5.54303202e-06,2.9345023799999998e-06,1.2091541899999998e-06,8.371799170000001e-07,6.156957e-07,5.10001644e-07,4.14698733e-07,3.8795644899999997e-07,8.103505150000001e-07,1.9869900599999997e-07,2.8728023299999996e-06,79.86784850000001,33.963808799999995,7.01977418e-10,9.1120068,0.0015068832000000002,0.1097738106,7.25062278e-05,7.58098759e-06,0.00161773978,0.1292923675,7.25062278e-05,7.58098759e-06,0.00191879622,0.21601936700000005,7.25062278e-05,7.58098759e-06,0.00201205639,0.20836992199999999,7.25062278e-05,7.58098759e-06,2.502780389785767
155,1656279000,2.59241392e-05,2.5924147299999995e-05,0.005421301807,0.0495466099,0.0242657519,0.00406024456,0.008368761450000001,0.0065206375999999995,2.42580326e-06,2.1092752299999996e-05,12.4562937,33.6,3.0086752200000004e-06,2.29252167e-06,1.12166386e-06,7.803662649999999e-07,6.23413569e-07,4.867252370000001e-07,4.2485454900000003e-07,3.70932438e-07,8.079582160000001e-07,1.95434511e-07,2.8492877500000002e-06,82.5596859,40.2763054,5.00214525e-10,9.161915700000002,0.0014810885100000001,0.10660728160000002,7.206297860000001e-06,1.3021395300000002e-06,0.0015458550800000002,0.11615120849999998,7.206297860000001e-06,1.3021395300000002e-06,0.00151462275,0.11000686810000002,7.206297860000001e-06,1.3021395300000002e-06,0.00170985524,0.142333109,7.206297860000001e-06,1.3021395300000002e-06,2.5027947425842285
155,1656279600,2.9659983300000002e-05,2.9659992600000002e-05,-0.013355133615,1.73712792568,0.025345540899999998,0.00430400283,0.008846166999999999,0.0068966394299999996,6.62804629e-06,6.45997242e-05,15.631119100000001,44.5,4.37774389e-06,2.65946974e-06,1.19845177e-06,8.17778569e-07,6.11887901e-07,4.956690359999999e-07,4.11571973e-07,3.6137402100000004e-07,8.223047579999999e-07,1.9791262400000002e-07,2.87568762e-06,80.9640474,36.194256499999995,6.100634170000001e-10,9.132859550000001,0.00150321473,0.11010302009999999,1.9176107309999998e-05,2.9372645499999993e-06,0.00158613711,0.1215999799,1.9176107309999998e-05,2.9372645499999993e-06,0.00180429095,0.16822372999999996,1.9176107309999998e-05,2.9372645499999993e-06,0.0018873356299999998,0.180485875,1.9176107309999998e-05,2.9372645499999993e-06,2.502821207046509
155,1656280200,6.222398639999999e-05,6.222400809999999e-05,0.02161795481000004,9.041446991429998,0.049711227499999996,0.00468613718,0.01009992155,0.00718131677,8.166466485000001e-05,0.0008434895661000001,17.84090925,67.1,1.895625919e-05,4.18773722e-06,1.33447497e-06,8.3146987e-07,6.31281589e-07,5.060756709999999e-07,4.15075758e-07,3.69252675e-07,8.078496049999999e-07,1.97743308e-07,2.87472878e-06,78.7459152,34.88243184,1.6854252450000003e-09,9.0661074,0.00151741867,0.11338619050000001,0.00044469529934999997,4.3465760939999994e-05,0.0016550735099999999,0.16170965259999998,0.00044469529934999997,4.3465760939999994e-05,0.0020602994499999997,0.676766124,0.00044469529934999997,4.3465760939999994e-05,0.00208123588,0.5599641670000001,0.00044469529934999997,4.3465760939999994e-05,2.5063573360443114
155,1656280800,0.000134318696,0.0001343187456,-0.040149486000000026,28.520925590440005,0.091481426,0.00533425114,0.01063714345,0.007888399030000002,0.00023750808762999998,0.002117175871,23.5699303,80.6,4.243847672e-05,1.551579152e-05,2.1259783199999998e-06,1.1153343640000003e-06,7.33724539e-07,5.22267392e-07,4.3754492699999996e-07,3.66078549e-07,8.23304093e-07,1.9384167100000002e-07,2.88695973e-06,74.6731642,30.9473029,4.049973451999999e-09,8.970457960000001,0.00157033242,0.14685314740000002,0.0007373980531,7.520448576e-05,0.00180905719,0.3078740414,0.0007373980531,7.520448576e-05,0.0025146263700000005,1.2665638944000002,0.0007373980531,7.520448576e-05,0.0026140153000000005,1.8404806689999997,0.0007373980531,7.520448576e-05,2.4991719484329225
155,1656281400,2.7404084299999995e-05,2.74040983e-05,0.23093388831000006,3.3865941847300007,0.041699264,0.0041295709600000004,0.0085195741,0.0066165409,4.08824944e-06,3.7844128e-05,13.631119000000002,39.0,3.3127034900000002e-06,2.4560515399999996e-06,1.2138385099999999e-06,8.21864448e-07,6.44450093e-07,5.20485812e-07,4.4635164e-07,3.73943945e-07,8.42417549e-07,1.92158936e-07,2.87773265e-06,81.629142,38.885205199999994,5.38777723e-10,9.1503148,0.00151033089,0.1148577022,9.43583563e-06,1.7024450799999998e-06,0.00158604256,0.1237664863,9.43583563e-06,1.7024450799999998e-06,0.0016005545400000001,0.1272118423,9.43583563e-06,1.7024450799999998e-06,0.00172503803,0.148375538,9.43583563e-06,1.7024450799999998e-06,2.502741241455078
155,1656282000,2.9718228000000003e-05,2.97182422e-05,0.0059245817200000005,1.8103889898000003,0.032239146,0.00428069178,0.0087599385,0.006815678180000001,6.3750188499999995e-06,6.168265179999998e-05,15.564685299999999,50.7,4.32196939e-06,2.69163974e-06,1.22138708e-06,8.04995747e-07,6.417459650000001e-07,5.03027933e-07,4.17294536e-07,3.70736091e-07,8.26008756e-07,1.9490949400000003e-07,2.8653062700000004e-06,80.7813668,36.433918600000005,6.10756755e-10,9.132657900000002,0.00150388517,0.10979055099999999,2.1489972140000004e-05,2.8230196699999995e-06,0.00161673895,0.1328648246,2.1489972140000004e-05,2.8230196699999995e-06,0.0017507396599999998,0.160007615,2.1489972140000004e-05,2.8230196699999995e-06,0.00185446718,0.177882127,2.1489972140000004e-05,2.8230196699999995e-06,2.502780818939209
155,1656282600,2.7552869900000005e-05,2.7552877e-05,0.0009465764100000006,0.05221308774,0.022273503700000002,0.004178731959999999,0.0086289335,0.006700537990000001,2.90824098e-06,2.40417965e-05,14.204545300000001,40.1,3.66586793e-06,2.38539256e-06,1.14076925e-06,7.97481662e-07,6.32223544e-07,5.02212696e-07,4.1921905299999997e-07,3.7005945899999996e-07,8.06912756e-07,1.9658385000000002e-07,2.8595291199999997e-06,81.85960299999999,38.364056399999996,5.477130639999999e-10,9.1484293,0.00150969869,0.1108987277,1.525290076e-05,2.06632545e-06,0.00156167189,0.11787811960000001,1.525290076e-05,2.06632545e-06,0.00168242363,0.1400486005,1.525290076e-05,2.06632545e-06,0.0017844247400000002,0.15334253800000003,1.525290076e-05,2.06632545e-06,2.5027589797973633
155,1656283200,2.7851457699999996e-05,2.7851465899999998e-05,0.009701434399999999,0.287058816,0.0244733971,0.00418891547,0.00860438045,0.00670881366,4.06258454e-06,3.81284125e-05,14.1223779,48.0,3.6396935800000005e-06,2.50540296e-06,1.2025789099999999e-06,7.80316669e-07,6.171064420000001e-07,5.090372189999999e-07,4.30361833e-07,3.71633057e-07,8.103332639999999e-07,1.9494062299999998e-07,2.86428738e-06,81.6854255,38.0999722,5.569012589999999e-10,9.145591249999999,0.0014979632999999998,0.10926424280000002,1.4847936409999999e-05,2.08774801e-06,0.00157704615,0.1197302205,1.4847936409999999e-05,2.08774801e-06,0.00164739975,0.13630470349999999,1.4847936409999999e-05,2.08774801e-06,0.0018114104800000003,0.16357768699999997,1.4847936409999999e-05,2.08774801e-06,2.5027610063552856
155,1656283800,2.8421287e-05,2.84213039e-05,0.05347067329999999,0.87793497625,0.032971585000000005,0.00420746175,0.008694853800000001,0.006732492830000001,4.2688998e-06,3.7632815599999994e-05,14.643356399999998,47.3,3.87751904e-06,2.5394770899999997e-06,1.20851553e-06,7.8787255e-07,6.35287933e-07,4.96360125e-07,4.29279993e-07,3.67044019e-07,8.03939334e-07,1.95150378e-07,2.87014339e-06,81.3362785,37.5595651,5.72558568e-10,9.142134799999997,0.00149649392,0.10976674239999999,1.840510145e-05,2.4687571099999996e-06,0.0015890018400000002,0.123992463,1.840510145e-05,2.4687571099999996e-06,0.0016802155200000002,0.1433053034,1.840510145e-05,2.4687571099999996e-06,0.00181008198,0.167043995,1.840510145e-05,2.4687571099999996e-06,2.502794313430786
155,1656284400,7.470942389999999e-05,7.470944119999999e-05,-0.6129802873499999,31.942011496599996,0.06913220009999999,0.00488043776,0.0097851259,0.00736223521,0.00013570243134999999,0.0013878115444999999,22.0000001,96.4,2.352128281e-05,5.48252232e-06,1.5285665399999998e-06,9.188608599999999e-07,6.566138219999999e-07,5.2213291e-07,4.42070968e-07,3.81108081e-07,8.25113638e-07,1.98153026e-07,2.87823857e-06,75.1147184,28.843158800000005,2.063454263e-09,8.999328100000001,0.00154514078,0.12395175300000001,0.0012941014616,0.00012388341484999998,0.0017161367300000002,0.17347698900000003,0.0012941014616,0.00012388341484999998,0.00231540847,1.1749968769999999,0.0012941014616,0.00012388341484999998,0.00220546508,0.39259299699999994,0.0012941014616,0.00012388341484999998,2.5030132293701173
155,1656285000,3.3592884099999996e-05,3.3592892900000004e-05,1.03268792812,23.7515650071,0.06573212219999999,0.00439770466,0.008991626349999999,0.006958397590000001,1.2047184939999999e-05,0.00010972618839999999,17.5104895,58.3,5.242024520000001e-06,3.01839269e-06,1.29600044e-06,9.178405440000001e-07,7.02457035e-07,5.51441854e-07,4.79451352e-07,4.24970107e-07,8.94789901e-07,2.0367598e-07,3.06526242e-06,79.8249396,35.0630649,7.091384650000001e-10,9.1177523,0.00152890287,0.12332244340000001,3.582837663e-05,4.82068539e-06,0.0016372614200000004,0.1400068075,3.582837663e-05,4.82068539e-06,0.0018627169700000002,0.203921953,3.582837663e-05,4.82068539e-06,0.0019502753299999998,0.20190472599999998,3.582837663e-05,4.82068539e-06,2.5023945808410644
155,1656285600,3.0916239999999997e-05,3.091625649999999e-05,0.46734649379999993,10.5871450615,0.056463551199999996,0.00434438134,0.00890906555,0.0069453949000000004,7.249477260000001e-06,7.07705075e-05,16.6713288,43.9,4.41975115e-06,2.69565845e-06,1.27094684e-06,8.835751140000001e-07,6.72746995e-07,5.457291410000001e-07,4.5821202300000006e-07,4.0192805999999995e-07,9.113957600000002e-07,1.9963089800000002e-07,2.99845942e-06,80.3689753,36.2384555,6.32075949e-10,9.131360599999999,0.00153035548,0.1209479,1.971813895e-05,2.63007141e-06,0.0016204286300000002,0.130455057,1.971813895e-05,2.63007141e-06,0.00180152534,0.164206252,1.971813895e-05,2.63007141e-06,0.0019099585000000002,0.184155841,1.971813895e-05,2.63007141e-06,2.502836322784424
155,1656286200,2.6773196200000002e-05,2.6773201400000002e-05,0.44038337067000005,13.454451597199997,0.0411263296,0.00408606923,0.0083889087,0.00654151355,3.78768331e-06,3.5600866500000005e-05,12.8111886,38.3,3.11891831e-06,2.3349938299999995e-06,1.20373145e-06,8.263938669999999e-07,6.34924142e-07,5.213107660000001e-07,4.36625625e-07,3.84329788e-07,8.213622939999999e-07,1.9146830500000003e-07,2.91246597e-06,82.2201944,39.8333991,5.194732449999999e-10,9.157069850000001,0.00150819702,0.1135351948,1.059317082e-05,1.65762605e-06,0.00156862261,0.119281949,1.059317082e-05,1.65762605e-06,0.00152142099,0.11511840489999998,1.059317082e-05,1.65762605e-06,0.0017287531299999999,0.14683721300000002,1.059317082e-05,1.65762605e-06,2.5027875185012816
155,1656286800,6.155406749999999e-05,6.155407189999999e-05,0.1193972308,24.921721415919997,0.066212186,0.00425489697,0.00851587285,0.006579185380000001,0.00016716642177,0.0017810355062,13.3846155,56.1,1.766357271e-05,5.1810053399999995e-06,1.2824501899999997e-06,8.132579419999999e-07,6.27927342e-07,5.231953869999999e-07,4.2012641899999997e-07,3.6609344599999997e-07,8.18615647e-07,1.95963076e-07,2.8847561299999998e-06,79.10503999999999,36.5034012,1.657009962e-09,9.072732599999998,0.00151044728,0.11389137000000002,0.00035252362808,4.4502662690000004e-05,0.00157376504,0.18422137130000002,0.00035252362808,4.4502662690000004e-05,0.0016721308899999999,0.5761239360000001,0.00035252362808,4.4502662690000004e-05,0.0018519653,0.618311778,0.00035252362808,4.4502662690000004e-05,2.502759575843811
155,1656287400,2.9180029399999994e-05,2.9180046600000004e-05,-0.14894846764,6.20370222099,0.0283500724,0.00418932058,0.008604895599999999,0.006683926200000001,9.25637684e-06,9.10402964e-05,14.076923100000002,46.5,4.08026217e-06,2.6311360000000002e-06,1.27793723e-06,7.877364609999999e-07,6.339826789999999e-07,5.010172e-07,4.1917434100000004e-07,3.79735703e-07,8.09289527e-07,1.96343201e-07,2.87329465e-06,81.18685450000001,37.4486831,5.94712519e-10,9.1382199,0.0015078741,0.11218131300000003,6.599301600000001e-05,6.915870280000001e-06,0.00156409807,0.12383431439999999,6.599301600000001e-05,6.915870280000001e-06,0.0016455713900000001,0.163571699,6.599301600000001e-05,6.915870280000001e-06,0.0017979384099999999,0.16656392560000002,6.599301600000001e-05,6.915870280000001e-06,2.5027865886688234
155,1656288000,3.0455571600000004e-05,3.04555796e-05,0.0080267658116,1.1735678849800002,0.0303373976,0.0043268573000000005,0.008904944199999999,0.00687616231,6.65520614e-06,6.056777080000001e-05,16.2395101,57.4,4.44088085e-06,2.6274959200000003e-06,1.20247198e-06,8.030384629999998e-07,6.43169029e-07,6.44797335e-07,4.68625667e-07,3.9126936799999997e-07,9.243035939999999e-07,1.9301913300000002e-07,2.88868352e-06,80.40115320000001,36.2234441,6.26889131e-10,9.1292231,0.00153959309,0.12138726549999998,2.4749857219999997e-05,3.2793435699999995e-06,0.00158293532,0.1225173085,2.4749857219999997e-05,3.2793435699999995e-06,0.0017672915400000003,0.1660662596,2.4749857219999997e-05,3.2793435699999995e-06,0.0018703349600000003,0.180239734,2.4749857219999997e-05,3.2793435699999995e-06,2.50271852016449
155,1656288600,2.82108339e-05,2.821084e-05,0.005128145823999999,0.03749769394,0.022717988,0.004230117110000001,0.00872107125,0.006792089749999999,2.9381311800000003e-06,2.34415372e-05,15.0541957,37.4,3.821892319999999e-06,2.48972983e-06,1.21166776e-06,8.10808677e-07,6.254526570000001e-07,5.03238516e-07,4.20595593e-07,3.66819193e-07,7.93808293e-07,1.9431974199999997e-07,2.866934e-06,81.50415799999999,37.620432400000006,5.67280024e-10,9.14268145,0.0015237439700000002,0.1127379425,9.855263090000001e-06,1.7555453199999996e-06,0.00157340357,0.12039643560000002,9.855263090000001e-06,1.7555453199999996e-06,0.00170128543,0.14115848250000002,9.855263090000001e-06,1.7555453199999996e-06,0.00183822391,0.166651091,9.855263090000001e-06,1.7555453199999996e-06,2.502846693992615
155,1656289200,2.56440287e-05,2.56440406e-05,0.020403728255400003,0.14545030178,0.022411503000000003,0.00403243526,0.0083210429,0.00648337808,2.52678249e-06,2.3205651600000003e-05,11.923077,35.3,2.8140191500000003e-06,2.29558369e-06,1.1614373699999998e-06,7.837837459999999e-07,6.25277444e-07,5.05771336e-07,4.2092352599999997e-07,3.63067207e-07,8.103068689999999e-07,1.9709921199999996e-07,2.844643e-06,82.67037350000001,40.7197158,4.92258813e-10,9.1625573,0.00150188589,0.109435719,1.1453940729999999e-05,1.59179465e-06,0.0015311510899999998,0.11406183559999998,1.1453940729999999e-05,1.59179465e-06,0.00143346889,0.1018041233,1.1453940729999999e-05,1.59179465e-06,0.0017096041,0.142460017,1.1453940729999999e-05,1.59179465e-06,2.5028387546539306
155,1656289800,2.6537664299999998e-05,2.6537675099999998e-05,-0.01889850944,0.22901437899999996,0.021847391700000003,0.0040875663299999995,0.008408202100000001,0.00654989639,3.4030445600000006e-06,2.59873778e-05,12.956293800000001,39.8,2.91549103e-06,2.21669129e-06,1.14028833e-06,8.264644579999999e-07,6.45922314e-07,6.36501992e-07,4.57842719e-07,4.0016427800000006e-07,9.619610800000001e-07,1.94887073e-07,2.8725485900000003e-06,82.24721459999999,40.6322182,5.10706511e-10,9.159441750000001,0.00153039274,0.11768697650000001,7.99415381e-06,1.35350393e-06,0.00153108585,0.11435604349999999,7.99415381e-06,1.35350393e-06,0.0014684285799999998,0.1053582209,7.99415381e-06,1.35350393e-06,0.0017039537399999999,0.1409943862,7.99415381e-06,1.35350393e-06,2.5027506589889525
155,1656290400,3.13190639e-05,3.13190712e-05,0.21790775558000006,12.76617786446,0.052764004399999995,0.0041944159799999995,0.008587311,0.00663307959,1.681526744e-05,0.00016405929380000002,13.562936800000003,61.2,5.06096438e-06,2.77000785e-06,1.19632211e-06,7.98297109e-07,6.39744425e-07,4.897202600000001e-07,4.36681439e-07,3.7400365799999997e-07,8.06281893e-07,1.9744585199999997e-07,2.8900190499999997e-06,80.58371079999999,36.257939900000004,6.619945569999999e-10,9.1262368,0.0014952334,0.108996654,0.00010546875901999998,1.0612858359999999e-05,0.0015672718599999999,0.1270014586,0.00010546875901999998,1.0612858359999999e-05,0.00161115709,0.19468534249999997,0.00010546875901999998,1.0612858359999999e-05,0.0018184946699999999,0.19441230299999995,0.00010546875901999998,1.0612858359999999e-05,2.5026063442230226
155,1656291000,3.0780182400000004e-05,3.07801886e-05,0.317842631903,12.869353327000002,0.0438133569,0.0041379521,0.00849022925,0.00658525499,1.9094144559999998e-05,0.00019899275840000002,13.4737763,54.3,4.905799729999999e-06,2.5510047000000003e-06,1.2283300600000002e-06,8.37754505e-07,6.388977539999999e-07,5.13830998e-07,4.35212849e-07,3.69949083e-07,8.20253628e-07,1.9249727099999996e-07,2.89643369e-06,81.0144825,37.5339224,6.46615362e-10,9.13272295,0.0015130967300000001,0.11283518239999998,0.00014353825311,1.4044960129999995e-05,0.0015620987599999998,0.1214641672,0.00014353825311,1.4044960129999995e-05,0.00155638812,0.19703092449999998,0.00014353825311,1.4044960129999995e-05,0.0017549794,0.178366788,0.00014353825311,1.4044960129999995e-05,2.502783918380737
155,1656291600,3.677914489999999e-05,3.677915060000001e-05,-0.07479573679999998,5.0995534543,0.0446153388,0.00447216847,0.00915223835,0.006984213710000001,1.732862592e-05,0.00015875573540000002,18.587412300000004,79.9,6.881557879999999e-06,3.4327243000000002e-06,1.3258903700000003e-06,8.98882938e-07,6.423065020000001e-07,5.275800790000001e-07,4.23934477e-07,3.7505806400000004e-07,8.11238159e-07,1.9414559200000003e-07,2.8762208e-06,78.8867305,33.396200400000005,8.291854259999999e-10,9.09338495,0.0015280407,0.11530224740000002,9.37428624e-05,9.84054466e-06,0.001655532,0.14840834449999998,9.37428624e-05,9.84054466e-06,0.0019013920100000002,0.2681782114,9.37428624e-05,9.84054466e-06,0.00195500428,0.25167483700000004,9.37428624e-05,9.84054466e-06,2.5027493238449097
155,1656292200,2.8018760100000002e-05,2.80187682e-05,0.047608137913,0.9273080459499999,0.029360522699999995,0.0041778955400000005,0.0085855927,0.006677067940000001,4.19490395e-06,3.7190430800000004e-05,14.0069928,43.9,3.7804055399999996e-06,2.44431902e-06,1.1919328700000002e-06,7.793442170000001e-07,6.246441679999999e-07,5.06697092e-07,4.2268235600000005e-07,3.6858715700000006e-07,8.24210847e-07,1.9142082800000002e-07,2.87508091e-06,81.557804,38.2201748,5.606532459999999e-10,9.1442638,0.00150122637,0.1092718206,2.3824851790000002e-05,3.1465235769999997e-06,0.00158229988,0.12353027540000001,2.3824851790000002e-05,3.1465235769999997e-06,0.0016204115500000002,0.14430280050000002,2.3824851790000002e-05,3.1465235769999997e-06,0.00176584462,0.155231972,2.3824851790000002e-05,3.1465235769999997e-06,2.5027750015258787
155,1656292800,2.8701843300000006e-05,2.8701881899999996e-05,-0.06165540707,0.6949549196600001,0.024248946699999996,0.004202245,0.0086599292,0.006703325969999998,4.66192481e-06,3.3268700300000004e-05,14.118881300000002,44.0,4.0264346399999996e-06,2.5888270100000005e-06,1.21188285e-06,7.862205720000001e-07,6.11197365e-07,4.964854440000001e-07,4.09943031e-07,3.64344855e-07,8.005716580000001e-07,1.94225499e-07,2.8607183500000003e-06,81.39873100000001,37.482106099999996,5.833482009999999e-10,9.1402068,0.0014841830100000002,0.1073978006,1.65019334e-05,2.5394658600000002e-06,0.0015832247100000002,0.1248731104,1.65019334e-05,2.5394658600000002e-06,0.0016284743799999998,0.1463033251,1.65019334e-05,2.5394658600000002e-06,0.0018156056200000002,0.17495052900000002,1.65019334e-05,2.5394658600000002e-06,2.5029091596603394
155,1656293400,3.20272211e-05,3.20272327e-05,0.53818594175,16.4271349125,0.0428383142,0.0041293159099999996,0.008435048950000001,0.006537185529999999,2.777140963e-05,0.00028888083889999996,12.8006994,44.1,5.17669808e-06,2.8575793000000003e-06,1.31914409e-06,8.27218622e-07,6.249884130000001e-07,5.145339559999999e-07,4.3791835899999997e-07,3.5596695e-07,8.212061460000001e-07,2.01332274e-07,2.8769629899999995e-06,80.8409664,37.7231095,6.82647732e-10,9.129769,0.00151238918,0.11467193229999999,0.00010219393884000001,1.3152691899999998e-05,0.00156645391,0.1246283915,0.00010219393884000001,1.3152691899999998e-05,0.0015581813100000001,0.23838103139999997,0.00010219393884000001,1.3152691899999998e-05,0.0017123356899999998,0.1685771054,0.00010219393884000001,1.3152691899999998e-05,2.502538251876831
155,1656294000,3.08448103e-05,3.0844818e-05,0.18947589720000002,19.73906998518,0.040311023999999994,0.00397533553,0.008129437950000002,0.0063097788200000005,2.6796188340000007e-05,0.00028328737109999997,10.4125875,41.8,4.5361750199999995e-06,3.00118118e-06,1.2900310999999999e-06,8.13052071e-07,6.149830280000001e-07,5.265638220000001e-07,4.17990147e-07,3.6503583100000006e-07,8.029224029999999e-07,1.9480437e-07,2.85963094e-06,81.5927005,39.83694799999999,6.530137970000001e-10,9.1381624,0.00150932326,0.1117276081,0.00012104186531999999,1.1871978587e-05,0.00154176874,0.14022863400000002,0.00012104186531999999,1.1871978587e-05,0.00132051588,0.1639570895,0.00012104186531999999,1.1871978587e-05,0.0016344968500000001,0.1998249499,0.00012104186531999999,1.1871978587e-05,2.5029018402099608
155,1656294600,2.4557477300000002e-05,2.4557486800000005e-05,-0.023622437,0.97387810943,0.024616464299999998,0.0039175934100000006,0.008069298300000001,0.006281945280000001,4.48888985e-06,4.49165485e-05,10.5332168,29.4,2.53109051e-06,2.0964766499999995e-06,1.0959524899999998e-06,8.10434838e-07,6.10789363e-07,4.98784127e-07,4.2393699799999993e-07,3.63850734e-07,8.028942640000001e-07,1.9684023800000002e-07,2.8476388999999997e-06,83.448981,42.4522865,4.603389820000001e-10,9.173637099999999,0.00149640014,0.1083568452,1.7445720110000004e-05,2.0948088350000002e-06,0.0015106580399999998,0.110219131,1.7445720110000004e-05,2.0948088350000002e-06,0.0012811191900000002,0.0869982219,1.7445720110000004e-05,2.0948088350000002e-06,0.0015990461799999997,0.13282142199999997,1.7445720110000004e-05,2.0948088350000002e-06,2.50281445980072
155,1656295200,2.6208740999999997e-05,2.62087593e-05,0.09622672169999999,1.9369141404999997,0.03278899040000001,0.004007708300000001,0.008235849100000001,0.006391360950000001,4.3693580300000005e-06,4.1926400400000005e-05,11.7482518,37.8,3.03020315e-06,2.26477215e-06,1.16704615e-06,8.090904670000001e-07,6.187380929999999e-07,5.27979115e-07,4.2194702399999994e-07,3.77606412e-07,8.208527170000001e-07,1.9113341299999998e-07,2.87493481e-06,82.49158040000002,40.862255000000005,5.07412815e-10,9.1606072,0.00151534727,0.11201885019999999,1.42092422e-05,1.9066155140000003e-06,0.0015282782900000002,0.11638971340000001,1.42092422e-05,1.9066155140000003e-06,0.00139087277,0.10414920400000001,1.42092422e-05,1.9066155140000003e-06,0.00163690561,0.14262100900000002,1.42092422e-05,1.9066155140000003e-06,2.5027926921844483
155,1656295800,2.41753506e-05,2.41753819e-05,-0.054711876000000007,0.64552625685,0.023833491499999998,0.0039054144,0.008030170400000002,0.00626429835,2.77177785e-06,2.5547397100000002e-05,10.3374126,26.9,2.23233254e-06,2.1198097899999997e-06,1.12981187e-06,8.024896579999999e-07,6.25039751e-07,5.14905655e-07,3.9973034500000003e-07,3.88541564e-07,8.036696620000001e-07,1.97617494e-07,2.87368304e-06,83.5182646,43.202743100000006,4.4669292800000007e-10,9.17780735,0.00150225559,0.10960872940000002,9.10445805e-06,1.353686553e-06,0.00151058916,0.11109621849999998,9.10445805e-06,1.353686553e-06,0.00124068214,0.07959898639999999,9.10445805e-06,1.353686553e-06,0.0015822639700000002,0.1234221805,9.10445805e-06,1.353686553e-06,2.502897763252258
155,1656296400,2.4937212500000003e-05,2.4937224399999998e-05,0.18497616804,3.3128267277,0.0420570755,0.00393253874,0.008043922650000002,0.0062737743,4.42135063e-06,4.1656416800000007e-05,10.43007,33.8,2.47090484e-06,2.16662913e-06,1.1702445499999999e-06,7.891455310000001e-07,6.18164613e-07,5.187908149999999e-07,4.4131298200000004e-07,3.7227623599999995e-07,8.2391671e-07,1.95912264e-07,2.9012953599999998e-06,83.33471390000001,42.59070439999999,4.670424240000001e-10,9.1746966,0.0014882974,0.10828275710000002,1.831038508e-05,2.1260005719999996e-06,0.00154026196,0.120032183,1.831038508e-05,2.1260005719999996e-06,0.0012660330100000001,0.0868067305,1.831038508e-05,2.1260005719999996e-06,0.0015950719200000002,0.1271067909,1.831038508e-05,2.1260005719999996e-06,2.5028412342071533
155,1656297000,2.6886983400000002e-05,2.68869878e-05,0.580520451585,20.2238989232,0.0504143848,0.0039862978,0.00817739255,0.006320926540000001,1.129800132e-05,0.0001104228055,11.26048955,51.0,3.15058422e-06,2.3544600000000002e-06,1.1837646399999998e-06,8.569378109999999e-07,6.724563919999999e-07,5.22160858e-07,4.44415544e-07,3.7467405100000004e-07,8.347322560000001e-07,1.94114822e-07,2.85511308e-06,82.10504,40.17378239999999,5.251338060000001e-10,9.15476065,0.0015119754899999998,0.11438109240000001,4.435201422e-05,4.6576110140000005e-06,0.0015328903100000001,0.11802507339999999,4.435201422e-05,4.6576110140000005e-06,0.0013420376,0.1172886659,4.435201422e-05,4.6576110140000005e-06,0.00164054119,0.14864235390000002,4.435201422e-05,4.6576110140000005e-06,2.5028099536895754
155,1656297600,2.49112486e-05,2.49112557e-05,0.03024699812400001,0.3805087521,0.0241985765,0.00396049534,0.0081732346,0.00633448108,3.0061428e-06,2.7480200699999996e-05,11.047202850000001,36.6,2.6420083e-06,2.14769418e-06,1.117300596e-06,7.838139470000001e-07,6.263593299999999e-07,5.083761820000001e-07,4.26178343e-07,3.59861316e-07,8.020803989999999e-07,1.9636289299999998e-07,2.8455432599999995e-06,83.0517884,41.755510699999995,4.698642810000001e-10,9.17003665,0.0014913949400000002,0.1077244798,1.4984780320000002e-05,1.9271279099999995e-06,0.00153135161,0.1135863316,1.4984780320000002e-05,1.9271279099999995e-06,0.0013466921799999997,0.0949808355,1.4984780320000002e-05,1.9271279099999995e-06,0.00161591311,0.130990113,1.4984780320000002e-05,1.9271279099999995e-06,2.502779793739319
155,1656298200,2.37796748e-05,2.37796816e-05,0.01877338697,0.09399475935000001,0.0234171524,0.0038859477799999993,0.008009442500000002,0.0062463906199999985,2.12389839e-06,1.8592113e-05,10.1783216,25.9,2.0985475999999998e-06,2.0450428600000004e-06,1.1383678399999998e-06,8.2808115e-07,6.15324759e-07,4.87947688e-07,4.260363019999999e-07,3.77638647e-07,8.06277048e-07,1.9638893200000002e-07,2.8701483e-06,83.91254670000001,43.8115537,4.35934955e-10,9.18129205,0.0015026975699999998,0.10940249979999998,6.98195845e-06,1.0821164460000001e-06,0.00151658725,0.1112793008,6.98195845e-06,1.0821164460000001e-06,0.00122651504,0.07473128009999999,6.98195845e-06,1.0821164460000001e-06,0.00154491531,0.1175999892,6.98195845e-06,1.0821164460000001e-06,2.502815294265747
155,1656298800,2.55958376e-05,2.5595847799999998e-05,0.5135899805099999,12.6986885124,0.044852201200000004,0.00396397413,0.008136397200000001,0.006349989710000001,4.40638281e-06,4.1266036599999996e-05,10.8723774,32.1,2.5248442700000002e-06,2.3105648999999997e-06,1.20916887e-06,8.341624290000001e-07,6.52647931e-07,5.27961203e-07,4.35357502e-07,3.77606925e-07,8.42105781e-07,1.9602958500000002e-07,2.88744891e-06,82.7150089,41.7007659,4.849861729999999e-10,9.16573085,0.00151270015,0.11426969310000001,1.06781664e-05,1.446378423e-06,0.00153845364,0.12608810600000003,1.06781664e-05,1.446378423e-06,0.0013147652500000002,0.0876084724,1.06781664e-05,1.446378423e-06,0.0016204667200000003,0.13467869100000002,1.06781664e-05,1.446378423e-06,2.5027668476104736
155,1656299400,2.42913012e-05,2.4291311600000002e-05,0.014723326819999999,0.042074578099999996,0.0204010923,0.00393033288,0.008107513600000001,0.00629638672,2.2699298999999997e-06,2.0202079300000005e-05,10.562937000000002,29.5,2.25793021e-06,1.97247954e-06,1.1594329799999999e-06,8.24548267e-07,6.73067796e-07,5.673709209999999e-07,4.3534118e-07,3.79254477e-07,8.21957759e-07,1.97451158e-07,2.8567378699999996e-06,83.4555546,43.181302599999995,4.4933949399999995e-10,9.176762100000001,0.0015229709500000001,0.1153978215,5.30139878e-06,9.28615861e-07,0.0015186472999999998,0.11161902539999999,5.30139878e-06,9.28615861e-07,0.0012578401,0.076995916,5.30139878e-06,9.28615861e-07,0.00157722868,0.12121043660000001,5.30139878e-06,9.28615861e-07,2.5028031349182127
155,1656300000,2.5911544399999998e-05,2.59115497e-05,0.0099512039,0.5936404544,0.0251822744,0.00401236576,0.008275149249999999,0.006423784269999999,4.327878740000001e-06,3.78626567e-05,11.8723777,48.8,2.66954096e-06,2.18029993e-06,1.1270599399999997e-06,8.624509899999999e-07,7.00299384e-07,6.338352649999999e-07,4.78022506e-07,3.79185378e-07,8.69386094e-07,1.95116069e-07,2.8605137299999996e-06,82.55516550000002,41.3611364,4.93608939e-10,9.16338885,0.00152801266,0.1220469434,1.169986655e-05,1.63955011e-06,0.00151993965,0.1129212574,1.169986655e-05,1.63955011e-06,0.00136469914,0.0962619914,1.169986655e-05,1.63955011e-06,0.00164821377,0.133898442,1.169986655e-05,1.63955011e-06,2.502763509750366
155,1656300600,2.45403162e-05,2.45403198e-05,0.32328648532000004,5.243408865400001,0.03906923059999999,0.0038982478200000003,0.00804950285,0.006232623670000001,3.9781317e-06,3.91179754e-05,10.1066432,26.1,2.2022395899999997e-06,2.0614273299999997e-06,1.21561932e-06,8.42466222e-07,6.40642598e-07,5.33517337e-07,4.47680083e-07,3.80546342e-07,8.373220149999998e-07,1.9875321299999998e-07,2.9099029400000004e-06,83.5198345,43.4906534,4.53122403e-10,9.17760395,0.0015086943600000002,0.1144937302,5.62454316e-06,9.778587590000002e-07,0.00152754817,0.11964228969999999,5.62454316e-06,9.778587590000002e-07,0.00123433424,0.07517698379999999,5.62454316e-06,9.778587590000002e-07,0.00157508874,0.12065266979999997,5.62454316e-06,9.778587590000002e-07,2.502768039703369
155,1656301200,4.04826808e-05,4.04826918e-05,0.8536266145000001,28.198617940350005,0.066466231,0.004128339579999999,0.008353219,0.006482497869999999,7.149133741e-05,0.0007590940139,12.4423078,39.1,9.383009629999999e-06,2.97068398e-06,1.1732392900000003e-06,8.296921939999999e-07,6.347193430000001e-07,5.256033649999999e-07,4.2751108e-07,3.79830587e-07,8.212188040000001e-07,2.02058324e-07,2.8936827299999997e-06,80.3799279,37.84502199999999,9.6480665e-10,9.1086942,0.0015217304099999999,0.1142484604,0.00033176584332,3.1985385077000004e-05,0.00153885545,0.14087908389999998,0.00033176584332,3.1985385077000004e-05,0.0015287407899999999,0.32389756010000004,0.00033176584332,3.1985385077000004e-05,0.00172947365,0.30936898909999994,0.00033176584332,3.1985385077000004e-05,2.5027921915054323
155,1656301800,2.6829481600000002e-05,2.6829489599999997e-05,-0.09225026904999999,1.87108019384,0.0258255475,0.00404570113,0.0083288642,0.006443666899999999,6.6646352900000004e-06,6.91652087e-05,12.150349600000002,40.5,3.2647006300000006e-06,2.36492513e-06,1.20059472e-06,8.29467095e-07,6.27997734e-07,5.002303669999999e-07,4.13831279e-07,3.7132963299999997e-07,7.980599160000001e-07,1.9495098899999997e-07,2.84853469e-06,82.28409760000001,40.1521678,5.270658679999999e-10,9.156743100000002,0.00151781221,0.11163879800000001,2.8815634310000003e-05,3.3323641689999996e-06,0.00154428459,0.11750796940000001,2.8815634310000003e-05,3.3323641689999996e-06,0.00139580568,0.11749628190000001,2.8815634310000003e-05,3.3323641689999996e-06,0.0017001233599999999,0.1562868578,2.8815634310000003e-05,3.3323641689999996e-06,2.502782106399536
155,1656302400,2.6285564e-05,2.62855821e-05,-0.0258140874,0.7884455181999999,0.0247527658,0.004042564980000001,0.0083270923,0.006437967900000001,4.592332070000001e-06,4.496235220000001e-05,12.64510495,43.8,3.1565050800000004e-06,2.2797953e-06,1.1633708800000002e-06,7.94296797e-07,6.14511374e-07,4.92272882e-07,4.0909036399999996e-07,3.6885973199999996e-07,8.162139579999999e-07,2.0149714500000002e-07,2.84629646e-06,82.51720250000001,40.257478500000005,5.110796670000001e-10,9.159217949999999,0.00149332591,0.1080353713,2.072113392e-05,2.483201046e-06,0.00154044452,0.1181005455,2.072113392e-05,2.483201046e-06,0.0014038564299999998,0.109002372,2.072113392e-05,2.483201046e-06,0.00170681406,0.1502432495,2.072113392e-05,2.483201046e-06,2.502767825126648
155,1656303000,2.4056572e-05,2.4056579200000002e-05,0.008439450359000001,0.043941366184000005,0.020471636199999997,0.003906363090000001,0.00807848155,0.006280131180000001,2.19822714e-06,1.9841513100000004e-05,10.513985799999999,31.6,2.29341522e-06,2.06541102e-06,1.13044874e-06,7.928392700000001e-07,6.005934720000001e-07,4.986980119999999e-07,4.40355242e-07,3.59974545e-07,8.01471756e-07,1.93270765e-07,2.8517814599999996e-06,83.652388,43.0555549,4.4625329499999993e-10,9.177717000000001,0.00150026701,0.10915746400000001,9.83294755e-06,1.35454776e-06,0.00150165186,0.10928158010000003,9.83294755e-06,1.35454776e-06,0.00127686252,0.0828081726,9.83294755e-06,1.35454776e-06,0.0015786421799999998,0.12334155,9.83294755e-06,1.35454776e-06,2.502767324447632
155,1656303600,3.33737251e-05,3.33737343e-05,0.007019948900000001,1.4003910874999996,0.0315624607,0.004315545799999999,0.008929912299999999,0.006786761499999999,1.036416476e-05,8.178577880000001e-05,16.2902098,59.1,5.89935835e-06,2.87331341e-06,1.2509993899999999e-06,8.19521507e-07,6.475030559999999e-07,5.17539604e-07,4.2443596500000014e-07,3.73179117e-07,8.09953713e-07,1.9605667300000002e-07,2.87484214e-06,80.9365775,37.780650699999995,7.324253149999999e-10,9.124463599999999,0.0015301765300000001,0.1142705979,3.0477026539999998e-05,4.9610935900000005e-06,0.0016087143599999999,0.1315878184,3.0477026539999998e-05,4.9610935900000005e-06,0.00164453624,0.20948127750000003,3.0477026539999998e-05,4.9610935900000005e-06,0.00186654887,0.2316369756,3.0477026539999998e-05,4.9610935900000005e-06,2.5027724266052247
155,1656304200,0.0001874001392,0.0001874001446,-1.2090596725,60.17243030026001,0.11320973220000001,0.00474674646,0.00866685535,0.0066203077099999995,0.0005390153644599999,0.0053761978922500005,15.0786714,95.2,7.436440463999998e-05,1.069060166e-05,1.80681406e-06,9.34945361e-07,7.023476269999999e-07,5.194727889999999e-07,4.29812054e-07,3.80484715e-07,8.10812299e-07,1.9965117599999997e-07,2.8605393200000003e-06,72.5219543,30.971843740000004,5.8316032210000004e-09,8.88743095,0.00151614084,0.1219383145,0.0032545328476000003,0.000330208166946,0.0016217341,0.25339600679999996,0.0032545328476000003,0.000330208166946,0.0021289641600000003,3.1234232859000004,0.0032545328476000003,0.000330208166946,0.0020547615800000003,1.5909187219,0.0032545328476000003,0.000330208166946,2.5027681589126587
155,1656304800,2.3931143600000003e-05,2.3931147e-05,0.0035916983000000005,0.15340403417499998,0.021337088999999997,0.0038862726299999997,0.00803925415,0.0062403508400000005,2.4940568900000005e-06,2.19182581e-05,10.2377623,30.1,2.1496604700000003e-06,1.98225569e-06,1.1086263e-06,7.806991569999999e-07,6.26332439e-07,6.033193450000001e-07,4.57410303e-07,3.7721969800000005e-07,8.389996330000001e-07,1.9409719000000002e-07,2.8468939e-06,83.69463640000001,43.7681111,4.39995334e-10,9.1786079,0.00150951828,0.1127703655,7.6239599299999995e-06,1.1463466250000002e-06,0.0014852521699999998,0.10653297639999999,7.6239599299999995e-06,1.1463466250000002e-06,0.00123374783,0.076538917,7.6239599299999995e-06,1.1463466250000002e-06,0.0015512775400000002,0.11709146209999999,7.6239599299999995e-06,1.1463466250000002e-06,2.5027857303619383
155,1656305400,0.00014624220640000002,0.0001462422115,-0.7220516193,40.9383202106,0.10220261549999998,0.00483149198,0.009292813,0.0069905515700000006,0.00046656146231000006,0.0048800906259,19.0699303,87.2,5.4124456069999995e-05,1.0470956719999999e-05,1.66659275e-06,1.0127736980000002e-06,6.5502227e-07,5.10604692e-07,4.38530315e-07,3.7930754499999996e-07,8.14227306e-07,1.9302932e-07,2.85549116e-06,74.3631679,30.947984,4.458591705e-09,8.95442355,0.0015298504900000001,0.13599017939999997,0.00299022076328,0.00029394130566,0.00167260778,0.2679489979,0.00299022076328,0.00029394130566,0.0022019240999999997,2.82037508,0.00299022076328,0.00029394130566,0.00216933294,0.6905760865000001,0.00299022076328,0.00029394130566,2.502918815612793
155,1656306000,2.6917236900000003e-05,2.6917244599999997e-05,-0.05763064322,1.9221876471000001,0.0249358873,0.00405338637,0.00833146785,0.00647899611,6.95090591e-06,7.131249189999999e-05,12.321678200000001,38.8,3.4864153700000003e-06,2.2962491499999995e-06,1.121535454e-06,7.98868283e-07,6.126403870000001e-07,4.98570797e-07,4.16364138e-07,3.64914917e-07,8.03104143e-07,1.9608763600000003e-07,2.86373065e-06,82.37103859999999,39.99275680000001,5.31962394e-10,9.1552731,0.00148876606,0.1066652929,3.610354696e-05,3.983981872999999e-06,0.0015310571,0.11506285540000001,3.610354696e-05,3.983981872999999e-06,0.0014715502300000002,0.12989717750000002,3.610354696e-05,3.983981872999999e-06,0.0017047435699999998,0.15256368059999997,3.610354696e-05,3.983981872999999e-06,2.5027427196502687
155,1656306600,2.5936464666666666e-05,2.5936478444444443e-05,0.019664274500000002,0.360379729,0.026127333444444446,0.004047613333333334,0.00834599888888889,0.0064988172,2.933145111111111e-06,2.5814472777777777e-05,12.426184888888887,33.22222222222222,2.9352382444444446e-06,2.2708105555555556e-06,1.1584169999999998e-06,8.026575577777777e-07,6.220349477777777e-07,4.998921344444445e-07,4.3295979111111115e-07,3.644448722222222e-07,8.066963122222223e-07,1.9925994777777778e-07,2.8756927444444443e-06,82.67757322222221,40.61344011111111,4.982040233333335e-10,9.162114055555556,0.0015035914111111112,0.10953457444444445,9.313492600000001e-06,1.4594095000000001e-06,0.0015555123666666666,0.11915032644444445,9.313492600000001e-06,1.4594095000000001e-06,0.0014568849777777779,0.10576259111111112,9.313492600000001e-06,1.4594095000000001e-06,0.0016764937111111112,0.1396176266666667,9.313492600000001e-06,1.4594095000000001e-06,2.5027509530385337
155,1656307200,2.5941635500000003e-05,2.59416436e-05,0.005031331300000001,0.1196738501,0.0256121977,0.00405468058,0.00838994345,0.00651527195,2.54668038e-06,2.09960045e-05,12.2307693,32.1,2.9972443799999995e-06,2.23244374e-06,1.1273077899999999e-06,7.74395218e-07,6.21989254e-07,5.155038930000001e-07,4.3367506800000006e-07,3.6699375399999994e-07,8.20826442e-07,1.9849197899999998e-07,2.8818558100000003e-06,82.5862622,40.548307,4.985351789999999e-10,9.1616937,0.00150171995,0.1103064885,9.646940929999999e-06,1.50705514e-06,0.0015334131600000002,0.11386689190000002,9.646940929999999e-06,1.50705514e-06,0.00149147497,0.11012922580000002,9.646940929999999e-06,1.50705514e-06,0.00169249346,0.1386276576,9.646940929999999e-06,1.50705514e-06,2.5027833938598634
155,1656307800,2.6100332200000002e-05,2.61003557e-05,0.01973192866,0.07602139490000001,0.0246210514,0.00407837945,0.008429897099999998,0.006549984719999999,2.37430662e-06,1.97595387e-05,12.5157343,30.4,2.9557396700000005e-06,2.31646041e-06,1.1688565899999998e-06,7.902036909999999e-07,6.289564060000001e-07,5.05970609e-07,4.1985456899999994e-07,3.79711261e-07,8.12118905e-07,1.9384032999999997e-07,2.8783913000000005e-06,82.4737349,40.364684700000005,5.02558937e-10,9.16120905,0.0015009478199999998,0.1090576328,8.46884994e-06,1.4670969700000001e-06,0.0015731054500000001,0.11917713459999998,8.46884994e-06,1.4670969700000001e-06,0.00149546903,0.1097217294,8.46884994e-06,1.4670969700000001e-06,0.00170377653,0.141269597,8.46884994e-06,1.4670969700000001e-06,2.5027699947357176
155,1656308400,2.60446001e-05,2.60446137e-05,0.12682071776200002,2.54015010785,0.0380773817,0.0040564816800000006,0.0083386078,0.00649671292,3.0052207099999996e-06,2.8121123e-05,12.110140000000001,32.6,2.96259393e-06,2.2337987e-06,1.18756022e-06,8.229843979999999e-07,6.346811520000001e-07,4.93703907e-07,4.30964148e-07,3.7829405399999997e-07,8.17530547e-07,1.92655304e-07,2.8674514599999998e-06,82.4167846,40.344043400000004,5.02314654e-10,9.16010115,0.00149861032,0.109882952,8.34132713e-06,1.36848885e-06,0.0015630905,0.1189067771,8.34132713e-06,1.36848885e-06,0.0014827519300000002,0.1073133815,8.34132713e-06,1.36848885e-06,0.0016867762500000002,0.14148315500000003,8.34132713e-06,1.36848885e-06,2.502782106399536
155,1656309000,2.6532018100000004e-05,2.65320291e-05,0.01957845498,0.38391060143000005,0.0247673377,0.00408832877,0.008418677900000001,0.00656185141,3.66960572e-06,3.26807817e-05,12.5437063,40.1,3.24818504e-06,2.25861044e-06,1.1551280499999999e-06,7.90956467e-07,6.259440249999999e-07,5.065739269999999e-07,4.316920190000001e-07,3.6012092999999996e-07,8.242778450000001e-07,1.89277288e-07,2.87515453e-06,82.29052800000001,39.7207588,5.169119949999999e-10,9.15740745,0.00150061804,0.10948921,1.534676212e-05,2.04195275e-06,0.0015544653600000002,0.11620408369999999,1.534676212e-05,2.04195275e-06,0.00149975879,0.11412768799999999,1.534676212e-05,2.04195275e-06,0.0017456295600000002,0.15142651699999998,1.534676212e-05,2.04195275e-06,2.502781629562378
155,1656309600,2.7527750199999997e-05,2.7527860299999996e-05,0.013559779020000001,2.18397253627,0.030929410900000003,0.00411141145,0.0084160532,0.006580405219999999,3.927257589999999e-06,3.67438139e-05,13.00349635,41.0,3.5037048899999998e-06,2.4809115899999993e-06,1.1721620600000002e-06,8.109584100000001e-07,6.298494430000001e-07,4.972538830000001e-07,4.17695762e-07,3.58351104e-07,8.19623721e-07,1.9713284700000002e-07,2.87616684e-06,81.8268229,38.9941189,5.46255794e-10,9.149816249999999,0.00150704026,0.1106549868,1.5026760529999998e-05,2.22602293e-06,0.0015600031,0.1197953955,1.5026760529999998e-05,2.22602293e-06,0.00151622961,0.1258219021,1.5026760529999998e-05,2.22602293e-06,0.0017162523399999997,0.146333799,1.5026760529999998e-05,2.22602293e-06,2.5028155565261843
155,1656310200,6.294864439999999e-05,6.294867960000001e-05,0.36687424390000006,4.881708553399999,0.060299422600000006,0.00539517604,0.01098723785,0.008280538819999999,2.9523177550000007e-05,0.00020824517770000003,31.057692100000004,98.5,1.763693828e-05,5.44451381e-06,1.55159321e-06,9.14797016e-07,6.684621930000001e-07,5.326884309999999e-07,4.3678734800000005e-07,3.7759749399999996e-07,8.253407920000001e-07,1.9344599000000004e-07,2.8920189800000002e-06,75.12665439999999,28.470164899999997,1.6724030670000001e-09,9.005864399999998,0.0015730907400000002,0.1227593973,0.00011442361252,1.552522329e-05,0.0018315429900000002,0.189550452,0.00011442361252,1.552522329e-05,0.0027007446399999998,0.6101965054,0.00011442361252,1.552522329e-05,0.00262895081,0.580840351,0.00011442361252,1.552522329e-05,2.5027732610702516
155,1656310800,2.57953614e-05,2.57953749e-05,0.09410349744600002,1.8770182801600004,0.0319638671,0.004039474370000001,0.0082914236,0.00647672276,2.5191922199999997e-06,2.14010253e-05,11.979021,29.0,2.8347679700000004e-06,2.26075188e-06,1.1661903600000001e-06,8.210480559999999e-07,6.16656e-07,5.11276502e-07,4.3025465500000003e-07,3.65833761e-07,8.112395850000001e-07,1.9370284100000003e-07,2.8859016800000004e-06,82.60736580000001,40.8280148,4.931752250000001e-10,9.164883499999998,0.0015001609499999998,0.1107924525,7.080420180000001e-06,1.244541264e-06,0.00155557565,0.11711097460000001,7.080420180000001e-06,1.244541264e-06,0.0014406699,0.1002370486,7.080420180000001e-06,1.244541264e-06,0.0017011699199999998,0.14160925,7.080420180000001e-06,1.244541264e-06,2.502765941619873
155,1656311400,2.91780651e-05,2.91780896e-05,0.05735524342,3.664316504100001,0.0352728184,0.00418543086,0.008579667,0.006634858990000001,1.066791751e-05,0.0001096114992,14.0472031,65.9,4.01565375e-06,2.56101963e-06,1.2011536e-06,8.36151852e-07,6.338925569999999e-07,6.01756779e-07,4.56533144e-07,3.7717060399999995e-07,8.414648369999999e-07,2.0271508500000002e-07,2.8614747100000004e-06,81.0642188,37.378508700000005,5.918533219999999e-10,9.1374854,0.0015212844,0.11579027499999998,3.754246592e-05,4.5207591399999996e-06,0.0015956057700000001,0.1253971166,3.754246592e-05,4.5207591399999996e-06,0.0015909761100000002,0.1492361376,3.754246592e-05,4.5207591399999996e-06,0.00177321705,0.171411137,3.754246592e-05,4.5207591399999996e-06,2.5027788162231444
155,1656312000,2.9267269200000002e-05,2.9267276399999998e-05,-0.010846737819999999,1.13346714935,0.028382889099999996,0.00422855836,0.008676578350000002,0.006734704370000001,6.31076603e-06,5.0203799299999994e-05,14.952797100000002,63.7,4.27966395e-06,2.60185557e-06,1.1805342100000002e-06,8.182843900000001e-07,6.08750874e-07,5.02073202e-07,4.1411125699999995e-07,3.66665438e-07,8.05530505e-07,1.9465098499999999e-07,2.86144442e-06,81.12573640000001,36.67129760000001,5.997083990000001e-10,9.1350181,0.0015075693600000001,0.11005389299999999,4.03887535e-05,4.72253432e-06,0.0015952115,0.1251568571,4.03887535e-05,4.72253432e-06,0.00169631815,0.171709257,4.03887535e-05,4.72253432e-06,0.0017965047999999998,0.163149894,4.03887535e-05,4.72253432e-06,2.5028145790100096
155,1656312600,3.07674828e-05,3.0767501899999994e-05,-0.000371141400000001,0.33392561540000004,0.026931383799999997,0.00439204882,0.0090348638,0.00703619617,4.50500562e-06,3.49307701e-05,17.277972,59.3,4.71794224e-06,2.8010353699999997e-06,1.2120851699999998e-06,8.12305658e-07,6.338019200000001e-07,5.159848599999999e-07,4.44459556e-07,3.7794468700000007e-07,8.08315158e-07,1.95213514e-07,2.8646232099999998e-06,80.46090760000001,35.244223,6.42246266e-10,9.1259953,0.00151847385,0.1122277204,1.906031862e-05,2.9017407099999998e-06,0.0016163357899999999,0.12881280139999998,1.906031862e-05,2.9017407099999998e-06,0.00186041701,0.1771373585,1.906031862e-05,2.9017407099999998e-06,0.0019621311800000004,0.19340690200000002,1.906031862e-05,2.9017407099999998e-06,2.5027201652526854
155,1656313200,3.2719700099999996e-05,3.2719714e-05,-0.03432357615,4.0576610483,0.0373224036,0.00437436704,0.008945926600000001,0.00690096391,1.196669825e-05,9.70267205e-05,16.8846157,67.9,5.7535985900000005e-06,2.7463341e-06,1.21673014e-06,8.281566260000002e-07,6.22118437e-07,5.09803446e-07,4.2665744299999997e-07,3.7169347199999996e-07,8.18338631e-07,1.94792727e-07,2.87157576e-06,79.91278580000001,34.1629574,7.0405225e-10,9.1136767,0.00152204502,0.11233607699999999,5.4335461900000006e-05,7.279049540000001e-06,0.0015903219700000003,0.1265075946,5.4335461900000006e-05,7.279049540000001e-06,0.00183811862,0.22572215999999998,5.4335461900000006e-05,7.279049540000001e-06,0.00191934767,0.202194971,5.4335461900000006e-05,7.279049540000001e-06,2.5027955293655397
155,1656313800,3.02342322e-05,3.0234252999999998e-05,-0.01969643913,0.5672790514500001,0.0236945499,0.00435667961,0.0090283559,0.006995441699999999,4.13758227e-06,3.0364587899999996e-05,16.93007,48.3,4.6470219700000004e-06,2.64740194e-06,1.24605301e-06,8.153089360000001e-07,6.007837510000001e-07,5.02526339e-07,4.1784138999999995e-07,3.59897157e-07,8.118310469999999e-07,1.94747122e-07,2.8736356799999997e-06,80.53214840000001,35.3683669,6.271671730000001e-10,9.1274282,0.0015084951600000001,0.1099520916,2.1690782399999996e-05,3.00992071e-06,0.0016236511699999998,0.1282897691,2.1690782399999996e-05,3.00992071e-06,0.00187475366,0.175868961,2.1690782399999996e-05,3.00992071e-06,0.00192231889,0.18299717399999998,2.1690782399999996e-05,3.00992071e-06,2.5027666330337524
155,1656314400,3.03291546e-05,3.0329164099999994e-05,0.01365152917,2.98943162572,0.0332324428,0.0042719525299999995,0.0087480528,0.00679720531,1.0694985689999999e-05,0.0001096277422,15.283217000000002,60.3,4.838321859999999e-06,2.55815608e-06,1.1656272600000001e-06,8.03801283e-07,6.15865542e-07,5.16926144e-07,4.35497789e-07,3.6789816700000003e-07,8.02494276e-07,1.9521836e-07,2.8647051799999996e-06,80.7705804,35.7484336,6.33118943e-10,9.127206150000001,0.00151446022,0.11168256930000002,4.81221174e-05,6.246483630000001e-06,0.00159899871,0.124918143,4.81221174e-05,6.246483630000001e-06,0.00169444341,0.18394823389999998,4.81221174e-05,6.246483630000001e-06,0.00185883565,0.18082909100000003,4.81221174e-05,6.246483630000001e-06,2.5028990745544433
155,1656315000,2.9681158300000003e-05,2.9681171200000004e-05,0.0030942646799999992,0.28708067859999997,0.0246746096,0.004325064869999999,0.008903538150000001,0.00689899897,4.31867339e-06,3.7477948600000003e-05,16.291958,48.1,4.44095117e-06,2.58778165e-06,1.20726489e-06,8.05285528e-07,6.21411432e-07,4.90646071e-07,4.29500399e-07,3.69549539e-07,8.067740840000001e-07,1.9330091599999998e-07,2.8880084200000006e-06,80.891504,36.184060599999995,6.103426630000001e-10,9.132810500000001,0.00150868606,0.11032354,2.1443138e-05,2.8819333899999997e-06,0.00159419861,0.12449869029999998,2.1443138e-05,2.8819333899999997e-06,0.00178528022,0.16518808440000002,2.1443138e-05,2.8819333899999997e-06,0.00190886766,0.180205349,2.1443138e-05,2.8819333899999997e-06,2.502811598777771
155,1656315600,4.8135561699999995e-05,4.81355831e-05,0.08382026507,13.729107618599997,0.04515906979999999,0.0050427885900000005,0.01030683925,0.00797578942,4.545079381e-05,0.0004676897074,27.8059438,80.9,1.080080963e-05,4.90497866e-06,1.5944469900000003e-06,9.125788690000001e-07,6.51652708e-07,5.259017549999999e-07,4.3122099e-07,3.776590180000001e-07,8.3008873e-07,1.9149701499999999e-07,2.84690241e-06,75.48115100000001,26.813419000000003,1.180635195e-09,9.03028735,0.0015432306399999999,0.115953835,0.00014058897045,1.63194857e-05,0.0018002193199999998,0.17606168800000002,0.00014058897045,1.63194857e-05,0.00247203535,0.421404492,0.00014058897045,1.63194857e-05,0.00247743055,0.393983373,0.00014058897045,1.63194857e-05,2.5027020931243897
155,1656316200,3.17874064e-05,3.17874603e-05,0.19012244943999998,2.2926169803,0.0334432739,0.00442172222,0.00916559335,0.00707944297,5.062807009999999e-06,4.2235598500000005e-05,17.994754899999997,51.5,4.83572177e-06,2.9262626699999997e-06,1.3145991699999998e-06,8.67506462e-07,6.482920699999999e-07,5.352535469999999e-07,4.40594449e-07,3.9195955799999996e-07,8.30946531e-07,2.00420846e-07,2.90216309e-06,79.8525382,34.9763495,6.663301100000001e-10,9.121683200000001,0.0015348653200000003,0.1176641816,2.170559225e-05,2.9642978499999998e-06,0.0016328027300000002,0.133845036,2.170559225e-05,2.9642978499999998e-06,0.00186355547,0.179145061,2.170559225e-05,2.9642978499999998e-06,0.00199678563,0.20277520500000001,2.170559225e-05,2.9642978499999998e-06,2.502982997894287
155,1656316800,3.58938348e-05,3.58938671e-05,0.004679078900000006,0.9941730984000001,0.0345597169,0.0045389442599999994,0.0093749645,0.007213513079999999,8.768189259999999e-06,7.335615409999999e-05,19.5891609,73.8,6.890508040000001e-06,3.0863117499999996e-06,1.3198177899999998e-06,8.17821694e-07,6.377934869999999e-07,5.155674480000001e-07,4.30389279e-07,3.79368853e-07,8.07453375e-07,1.9528476e-07,2.86658534e-06,79.64392339999999,34.860049,8.08767256e-10,9.1061366,0.00152216191,0.11352132649999999,3.908544057e-05,5.32199547e-06,0.00163501383,0.137272153,3.908544057e-05,5.32199547e-06,0.0019640049499999998,0.26153081240000003,3.908544057e-05,5.32199547e-06,0.0020394325,0.241640108,3.908544057e-05,5.32199547e-06,2.502811861038208
155,1656317400,2.90568351e-05,2.90568636e-05,0.0058156395400000005,2.54830949119,0.0321244684,0.00418614782,0.00856534685,0.006651148569999999,7.730336120000001e-06,7.15055904e-05,14.169580400000001,57.9,4.37179342e-06,2.46201188e-06,1.15472709e-06,8.03477047e-07,6.040487939999999e-07,4.81379877e-07,4.3239474199999997e-07,3.5980192299999997e-07,8.110774989999999e-07,1.95464809e-07,2.85217639e-06,81.23860699999997,36.9840764,5.95033004e-10,9.137976700000001,0.0014945266999999997,0.1081728746,5.420677475e-05,6.02633243e-06,0.0015697042500000002,0.12056833609999999,5.420677475e-05,6.02633243e-06,0.0016289094899999998,0.1683420276,5.420677475e-05,6.02633243e-06,0.0017823970899999999,0.16665592,5.420677475e-05,6.02633243e-06,2.5026974201202394
155,1656318000,2.6386450200000005e-05,2.6386458e-05,-0.0003772103700000015,0.05399526689999999,0.020742136900000003,0.004091016049999999,0.008439928750000002,0.006559727829999999,2.4642048000000005e-06,2.00054715e-05,12.954545499999998,32.4,3.162011e-06,2.29971228e-06,1.167643e-06,7.789109570000001e-07,6.30331034e-07,4.982909069999999e-07,4.184220500000001e-07,3.8034864300000004e-07,7.907146950000001e-07,1.99608148e-07,2.8671047e-06,82.45067,39.9294861,5.127676329999999e-10,9.157483500000001,0.0015090076400000002,0.1104687559,8.342000019999999e-06,1.52751063e-06,0.0015502299099999998,0.11682803049999999,8.342000019999999e-06,1.52751063e-06,0.00151108395,0.113489172,8.342000019999999e-06,1.52751063e-06,0.0017325802499999997,0.147137185,8.342000019999999e-06,1.52751063e-06,2.5026858329772947
155,1656318600,3.06573868e-05,3.06574005e-05,-0.1252767862,3.7002057692999997,0.0323830671,0.00428189678,0.0088104226,0.006836956760000001,1.084805858e-05,0.00010733014619999999,15.409090899999999,55.6,4.87455238e-06,2.6332205599999997e-06,1.1680547500000003e-06,8.33527574e-07,6.29377745e-07,4.954555719999999e-07,4.22720143e-07,3.6599193100000003e-07,8.230645979999998e-07,1.9361501899999997e-07,2.88905163e-06,80.5662292,35.809968,6.409512389999999e-10,9.1263898,0.00152014884,0.112595892,5.5843202869999995e-05,6.64726439e-06,0.0015762324800000001,0.12101837,5.5843202869999995e-05,6.64726439e-06,0.0017268985200000002,0.1874515934,5.5843202869999995e-05,6.64726439e-06,0.00187737758,0.187421184,5.5843202869999995e-05,6.64726439e-06,2.502786087989807
155,1656319200,2.8117420499999996e-05,2.81174368e-05,-0.01100958628,0.13200116623,0.0223828307,0.004212010310000001,0.008681552649999999,0.00673453344,3.40340668e-06,2.86121341e-05,14.816433800000002,39.9,3.8104770499999997e-06,2.43065328e-06,1.1990438100000002e-06,8.06923854e-07,6.13954734e-07,5.21084292e-07,4.2783270200000005e-07,3.67661424e-07,8.20190001e-07,1.9588891500000002e-07,2.8649518699999998e-06,81.449476,37.7317995,5.63360148e-10,9.1437928,0.0015008044300000001,0.1096270098,1.3938532400000001e-05,2.1812766699999996e-06,0.0015901793,0.1234793532,1.3938532400000001e-05,2.1812766699999996e-06,0.00164982743,0.13948870759999998,1.3938532400000001e-05,2.1812766699999996e-06,0.0018220606599999999,0.16418250299999998,1.3938532400000001e-05,2.1812766699999996e-06,2.5026039600372316
155,1656319800,2.9260841800000005e-05,2.9260862099999997e-05,-0.008254031200000003,0.9003255812000001,0.0260341507,0.004273865610000001,0.0088191598,0.00683638994,5.21643844e-06,4.9543412700000005e-05,15.5559441,50.3,4.2821834e-06,2.5068181400000004e-06,1.2011882400000002e-06,8.08524622e-07,6.18527436e-07,5.06772574e-07,4.40233477e-07,3.7613937099999997e-07,8.190061440000001e-07,1.9392863699999997e-07,2.87703154e-06,80.9927126,36.573501699999994,5.95678344e-10,9.136174800000001,0.0015073201799999999,0.11046548680000001,2.44141942e-05,3.14324746e-06,0.00158902044,0.1225172949,2.44141942e-05,3.14324746e-06,0.0017596520800000001,0.1620586746,2.44141942e-05,3.14324746e-06,0.00185045408,0.17284927,2.44141942e-05,3.14324746e-06,2.50278263092041
155,1656320400,4.365915310000001e-05,4.3659166599999994e-05,0.2160288743,72.14542974089998,0.0856423057,0.00449645251,0.009035544349999999,0.006978827550000001,4.275523053999999e-05,0.000414186533,17.391608400000003,74.3,9.89054102e-06,3.5314552499999996e-06,1.37419872e-06,8.64939224e-07,6.61175611e-07,5.506328080000001e-07,4.7249985600000004e-07,3.9175934e-07,8.80453901e-07,2.02731702e-07,3.0091619600000004e-06,77.66519439999999,31.111900499999997,1.0324856579999998e-09,9.069785900000001,0.0014966951,0.11577193960000001,0.00020505760020000002,2.147843077e-05,0.00164421816,0.15748164999999997,0.00020505760020000002,2.147843077e-05,0.00194609161,0.351100749,0.00020505760020000002,2.147843077e-05,0.00201446423,0.335443206,0.00020505760020000002,2.147843077e-05,2.5027769804000854
155,1656321000,4.0557050500000006e-05,4.05570632e-05,0.034666597018,7.9447918937000015,0.0438330409,0.00451583942,0.00911968035,0.007015630409999999,2.6555705539999998e-05,0.0002354656033,17.923076799999997,65.9,8.614797200000001e-06,3.73853491e-06,1.27473758e-06,8.228178669999999e-07,6.440575520000001e-07,5.096371380000001e-07,4.32900128e-07,3.5629741199999996e-07,8.135690329999999e-07,1.93580428e-07,2.8775421199999995e-06,78.4786509,32.627219100000005,9.566189719999998e-10,9.0809141,0.00151897516,0.11441558200000002,0.00022835299623999994,2.2769120029999996e-05,0.0016221304600000004,0.14093112179999998,0.00022835299623999994,2.2769120029999996e-05,0.0019718237400000002,0.37182644099999995,0.00022835299623999994,2.2769120029999996e-05,0.00200557118,0.26530183100000004,0.00022835299623999994,2.2769120029999996e-05,2.5028974771499635
155,1656321600,2.98973773e-05,2.9897396100000003e-05,-0.107228554012,2.3001060946500003,0.0281521911,0.0042831182,0.0088301948,0.006844042860000001,7.834566779999998e-06,7.43919951e-05,15.482517400000003,54.5,4.57018307e-06,2.6015719700000004e-06,1.1712094399999998e-06,8.173594409999999e-07,6.31232458e-07,5.008342860000001e-07,4.3028380399999994e-07,3.62263661e-07,8.02767866e-07,1.95315844e-07,2.8655687e-06,80.7910071,35.96365999999999,6.16921349e-10,9.1318466,0.0015129043899999998,0.11169569310000001,4.262180135e-05,4.832247e-06,0.0015843926200000001,0.12206373649999999,4.262180135e-05,4.832247e-06,0.00175215391,0.171504046,4.262180135e-05,4.832247e-06,0.0018779261499999999,0.182325366,4.262180135e-05,4.832247e-06,2.5027727603912355
155,1656322200,2.65794387e-05,2.65794464e-05,-0.009601095700000001,0.1885691182,0.0229131377,0.004101190199999999,0.008437534799999999,0.00657185007,3.0660575299999996e-06,2.85794776e-05,12.737762149999998,41.0,3.1963039399999997e-06,2.3907556e-06,1.13809902e-06,8.058720410000001e-07,6.134209199999999e-07,4.94828075e-07,4.3614124099999994e-07,3.61902333e-07,8.018917000000001e-07,1.9788189100000003e-07,2.85256882e-06,82.1964645,39.512528599999996,5.187269380000001e-10,9.154748549999999,0.0015022716099999998,0.1094204316,1.165382763e-05,1.73064184e-06,0.00154541281,0.1167076381,1.165382763e-05,1.73064184e-06,0.00148844653,0.11183607260000002,1.165382763e-05,1.73064184e-06,0.001778735,0.156231828,1.165382763e-05,1.73064184e-06,2.5027908086776733
155,1656322800,2.7972801999999996e-05,2.7972814199999996e-05,-0.052773864149999995,2.2781510468400006,0.033597013599999996,0.004144249519999999,0.0085075964,0.006596283530000001,6.5176299e-06,6.55601112e-05,13.360139899999998,51.0,3.8536385399999995e-06,2.4445866599999997e-06,1.12951607e-06,7.69373682e-07,6.186561959999999e-07,5.109382730000001e-07,4.1947810000000004e-07,3.69251938e-07,8.119907539999999e-07,1.9485814599999998e-07,2.8640314800000003e-06,81.6905678,38.08822500000001,5.610208460000001e-10,9.145741999999998,0.0014868635599999999,0.107224786,3.385587083e-05,3.72306566e-06,0.00156182815,0.1198095199,3.385587083e-05,3.72306566e-06,0.0015612705799999999,0.1352259085,3.385587083e-05,3.72306566e-06,0.00180006173,0.17068661499999999,3.385587083e-05,3.72306566e-06,2.5028201818466185
155,1656323400,2.8817016600000002e-05,2.8817034399999995e-05,-0.09553495736300002,4.133537456899999,0.0399958059,0.004178826870000001,0.0085964301,0.006661780049999999,8.65141169e-06,8.722773669999999e-05,13.917832100000002,58.0,3.9624943600000005e-06,2.57423055e-06,1.16021573e-06,8.50302239e-07,6.407730219999999e-07,5.04707505e-07,4.26149116e-07,3.70039982e-07,8.42827831e-07,1.9442368399999999e-07,2.88226046e-06,81.2054604,37.8036698,5.82965592e-10,9.1410727,0.00151173778,0.11221400420000001,4.013043878e-05,5.11155382e-06,0.0015748513999999999,0.1228444654,4.013043878e-05,5.11155382e-06,0.0016204845199999998,0.1615248339,4.013043878e-05,5.11155382e-06,0.0017605206299999999,0.156819506,4.013043878e-05,5.11155382e-06,2.5027474403381347
155,1656324000,4.1222997199999996e-05,4.1223010799999995e-05,-0.24429138885,9.7361956353,0.052087050600000004,0.004416565240000001,0.008941825749999998,0.00688277032,3.294293525e-05,0.00029171312229999997,16.7884618,70.9,8.87023449e-06,3.47869988e-06,1.3228963199999999e-06,8.777501440000001e-07,6.828869469999999e-07,5.665646829999999e-07,4.5442677799999993e-07,4.0430878899999995e-07,8.710160990000001e-07,1.9976698500000002e-07,2.88286075e-06,78.7189199,34.1901903,9.72658707e-10,9.0905051,0.0015356413700000002,0.12020208599999997,0.00020653985085999997,2.1795464190000003e-05,0.0016511683999999999,0.145737221,0.00020653985085999997,2.1795464190000003e-05,0.0018360866900000005,0.3485539556,0.00020653985085999997,2.1795464190000003e-05,0.00191172724,0.28939707300000006,0.00020653985085999997,2.1795464190000003e-05,2.5028940439224243
155,1656324600,0.00022092730530000006,0.0002209273207,0.37400079227000005,35.409705261,0.1350929287,0.00508999557,0.009430663149999999,0.0071247592599999994,0.00073528410835,0.007676376174800001,19.395104999999997,91.0,7.985699813000001e-05,2.052336368e-05,2.86178537e-06,1.158635488e-06,7.56446061e-07,5.76596267e-07,4.48583101e-07,3.8420110700000006e-07,8.203514640000001e-07,1.9475199200000002e-07,2.8818542399999995e-06,73.1900766,29.3039362,6.925467296e-09,8.92930478,0.00153165731,0.15348233650000004,0.0037429898949200005,0.00038000240475999993,0.0017734368299999997,0.671467477,0.0037429898949200005,0.00038000240475999993,0.0024889713600000003,4.245702054000001,0.0037429898949200005,0.00038000240475999993,0.00227288676,0.9747994210000002,0.0037429898949200005,0.00038000240475999993,2.5026708364486696
155,1656325200,2.7870917500000002e-05,2.7870925899999997e-05,-0.10779340323000004,6.0450059349,0.0329411089,0.00406460705,0.0083146584,0.00646767322,8.82345898e-06,8.16985932e-05,12.389860299999999,51.3,3.77090929e-06,2.45537833e-06,1.16017287e-06,7.769131740000001e-07,6.1969639e-07,5.0458055e-07,4.22942812e-07,3.70022638e-07,7.966460249999999e-07,1.94524648e-07,2.86360095e-06,81.898037,38.7256053,5.58574277e-10,9.147698100000001,0.0014917022200000001,0.1083886645,9.012020654999999e-05,9.024660913e-06,0.0015483073499999998,0.12090919900000001,9.012020654999999e-05,9.024660913e-06,0.00144746476,0.1550386429,9.012020654999999e-05,9.024660913e-06,0.0017044477499999998,0.14718990199999998,9.012020654999999e-05,9.024660913e-06,2.5025869369506837
155,1656325800,3.13173151e-05,3.1317324599999994e-05,0.13557142949999995,4.364996907749999,0.039827530900000005,0.00410989812,0.0083336129,0.00643473341,1.5999026249999997e-05,0.00014696962005,12.774475599999999,51.5,5.17517448e-06,2.6318740799999997e-06,1.19311171e-06,8.351037410000001e-07,6.24248514e-07,4.93961726e-07,4.251193840000001e-07,3.80481784e-07,8.266817130000001e-07,1.97268672e-07,2.87559966e-06,81.5061791,39.1731926,6.694409979999999e-10,9.13700425,0.0014969023600000003,0.10894596640000001,5.166982141000001e-05,7.323226543999999e-06,0.0015780830400000001,0.12711815859999998,5.166982141000001e-05,7.323226543999999e-06,0.00140578946,0.17933184949999997,5.166982141000001e-05,7.323226543999999e-06,0.0017210598099999998,0.21077584159999999,5.166982141000001e-05,7.323226543999999e-06,2.5028508424758913
155,1656326400,3.15211771e-05,3.15211856e-05,-0.3728369544,13.472659345900002,0.0375152484,0.004049555769999999,0.008235333050000002,0.0063556006,2.589603428e-05,0.00026468695185000006,11.6625876,71.1,5.44872786e-06,2.3776000300000002e-06,1.1744924800000002e-06,8.018438220000001e-07,6.207748190000001e-07,5.531933969999999e-07,4.25056343e-07,3.81395432e-07,8.930236360000002e-07,1.9808843900000002e-07,2.8862577e-06,81.27073890000001,38.5687561,6.721549899999999e-10,9.1341304,0.00151545705,0.1129906986,0.00018147819981,1.8461613549999996e-05,0.0015415706500000001,0.12011457240000001,0.00018147819981,1.8461613549999996e-05,0.00139605797,0.24176303510000002,0.00018147819981,1.8461613549999996e-05,0.0016226848799999998,0.1523946079,0.00018147819981,1.8461613549999996e-05,2.505584454536438
155,1656327000,4.63356164e-05,4.63356513e-05,-0.022718947199999985,5.33172154525,0.0351384456,0.00480268519,0.01004866725,0.00762320468,1.888144111e-05,0.0001589052258,23.358391700000002,80.3,1.054928223e-05,4.44389298e-06,1.4722621099999998e-06,8.78317469e-07,6.33116745e-07,5.32161587e-07,4.4221026899999996e-07,3.7069080799999996e-07,7.959548820000001e-07,1.95641349e-07,2.85426528e-06,78.66119499999999,34.5101521,1.145033036e-09,9.0763878,0.0015447500099999999,0.11777942950000002,7.043098834e-05,9.708330905000001e-06,0.00176512199,0.1757297074,7.043098834e-05,9.708330905000001e-06,0.0020619379699999994,0.41358332650000007,7.043098834e-05,9.708330905000001e-06,0.00213801478,0.3482615574,7.043098834e-05,9.708330905000001e-06,2.5000096559524536
155,1656327600,2.43452306e-05,2.4345237e-05,-0.0089361357,0.07366142113,0.0205084933,0.00392942239,0.0080996125,0.006295118620000001,2.3076017999999995e-06,2.1963200699999998e-05,10.6486014,28.3,2.31485613e-06,2.14047001e-06,1.13360101e-06,7.9732928e-07,6.17564442e-07,4.993456290000001e-07,4.2395975e-07,3.6187627199999993e-07,8.329602490000001e-07,1.9429354700000003e-07,2.8562652999999996e-06,83.4472514,42.8842443,4.51805999e-10,9.176235649999999,0.00149327712,0.1085259229,8.859644609999999e-06,1.2975251550000002e-06,0.00151808896,0.1122728891,8.859644609999999e-06,1.2975251550000002e-06,0.0012683973100000002,0.08208270009999999,8.859644609999999e-06,1.2975251550000002e-06,0.0016033162599999999,0.12473735940000001,8.859644609999999e-06,1.2975251550000002e-06,2.502790641784668
155,1656328200,3.12110715e-05,3.12110797e-05,0.20975069499999993,20.9805611971,0.0628822064,0.00404293161,0.00816834175,0.00631422682,2.3146613350000002e-05,0.0002204507704,11.4125875,65.7,5.14648831e-06,2.56933586e-06,1.22101359e-06,8.228890409999999e-07,6.44475481e-07,5.10060576e-07,4.38608683e-07,3.67421228e-07,8.151027520000001e-07,1.9510358099999996e-07,2.87492422e-06,81.0169531,37.785463699999994,6.624046300000001e-10,9.1302487,0.0015155809600000002,0.1121715531,0.00018551040223,1.921324506e-05,0.0015591619,0.12701350299999997,0.00018551040223,1.921324506e-05,0.00138485265,0.2410706365,0.00018551040223,1.921324506e-05,0.00162803638,0.143476432,0.00018551040223,1.921324506e-05,2.502793622016907
155,1656328800,2.7597967999999998e-05,2.7597979800000005e-05,-0.419230376622,14.0155892579,0.0363429234,0.00398394878,0.0081560794,0.006322660890000001,1.2667488310000002e-05,0.00012954394049999999,11.195804299999999,54.1,3.6085640799999994e-06,2.36828054e-06,1.17646147e-06,8.169961000000001e-07,6.161958720000001e-07,5.17441322e-07,4.2816445500000006e-07,3.77843992e-07,8.184027629999999e-07,1.9920320200000003e-07,2.87139196e-06,82.3264075,40.4364003,5.487299580000001e-10,9.155217400000002,0.00150049002,0.11009342500000001,0.00011642979678000002,1.1427921415e-05,0.00154524289,0.12118333519999999,0.00011642979678000002,1.1427921415e-05,0.00134768426,0.1592111954,0.00011642979678000002,1.1427921415e-05,0.00158457005,0.12957254310000002,0.00011642979678000002,1.1427921415e-05,2.502797555923462
155,1656329400,7.49455389e-05,7.49457445e-05,-0.13217462886000003,8.0802571341,0.05237049109999999,0.0047617831999999995,0.00952490021,0.007092668840000001,9.43095244e-05,0.0008543783056000001,18.6765735,67.4,2.4270920150000004e-05,5.11460014e-06,1.39120094e-06,8.69612534e-07,6.43416829e-07,5.04580613e-07,4.4078886199999997e-07,3.64992318e-07,8.0961788e-07,1.9792938199999998e-07,2.86522487e-06,78.03727890000002,35.91930399,2.1092289120000004e-09,9.0392465,0.0015197769599999999,0.1149002224,0.00039970790053999995,5.1629251695999996e-05,0.0016603469400000002,0.1695078732,0.00039970790053999995,5.1629251695999996e-05,0.00199797111,0.9050542304,0.00039970790053999995,5.1629251695999996e-05,0.0021376770999999998,0.6690405711999999,0.00039970790053999995,5.1629251695999996e-05,2.503109312057495
155,1656330000,3.204664200000001e-05,3.20466581e-05,-0.07898041669999999,8.2620407965,0.0413546405,0.00414847049,0.00844232285,0.00648293122,2.0545914199999997e-05,0.00021486535340000003,13.3636363,68.6,5.44209846e-06,2.72098305e-06,1.2436446800000001e-06,8.139650010000001e-07,6.094358939999999e-07,4.976187520000001e-07,4.3379403e-07,3.76391615e-07,8.13188551e-07,1.92021703e-07,2.88009931e-06,80.7765484,37.3107275,6.878497759999999e-10,9.12681675,0.00150940994,0.1114621196,8.343202981e-05,1.0273311114999998e-05,0.00157337664,0.127447949,8.343202981e-05,1.0273311114999998e-05,0.0014686740099999999,0.2157865486,8.343202981e-05,1.0273311114999998e-05,0.0017568380600000003,0.193884507,8.343202981e-05,1.0273311114999998e-05,2.5024680614471437
155,1656330600,3.1283984000000004e-05,3.12840151e-05,-0.04524553630000001,3.6675864383,0.0470734177,0.00417156664,0.0085181025,0.006547963550000001,1.2847300849999995e-05,0.0001091099878,14.047202899999998,76.6,4.82765788e-06,2.71384735e-06,1.22094785e-06,8.117061579999999e-07,6.58120437e-07,5.726324340000001e-07,4.55784096e-07,3.93098844e-07,8.720725850000002e-07,1.9645076299999995e-07,2.91961245e-06,80.93708649999999,37.6879656,6.553500310000001e-10,9.133680850000001,0.0015281855399999998,0.11880055540000001,4.8166157030000005e-05,6.0710173099999995e-06,0.0015660349799999998,0.12508972340000002,4.8166157030000005e-05,6.0710173099999995e-06,0.00152697491,0.17346684149999997,4.8166157030000005e-05,6.0710173099999995e-06,0.00170398262,0.201544495,4.8166157030000005e-05,6.0710173099999995e-06,2.502907371520996
155,1656331200,2.61655176e-05,2.6165521499999998e-05,0.013250278679999996,3.8598744677,0.037524647700000004,0.00397309174,0.00814644355,0.006321479069999999,7.785956989999999e-06,7.895599665e-05,11.1993008,46.0,3.15516447e-06,2.1242654300000003e-06,1.1246470699999999e-06,8.185976270000001e-07,6.15296115e-07,5.15985175e-07,4.3013337399999996e-07,3.77935245e-07,8.17924514e-07,1.9894704300000004e-07,2.9036589300000006e-06,82.822699,41.1246819,5.04010416e-10,9.164158650000001,0.0015071471400000002,0.1113133274,5.8320912659999994e-05,5.998667726999999e-06,0.00151094202,0.11232059489999999,5.8320912659999994e-05,5.998667726999999e-06,0.0013342891499999998,0.12568993209999998,5.8320912659999994e-05,5.998667726999999e-06,0.0016003571899999998,0.1284487326,5.8320912659999994e-05,5.998667726999999e-06,2.502664852142334
155,1656331800,2.6090489200000004e-05,2.60904965e-05,-0.06928048689699999,2.1774085636,0.029442145900000005,0.003972412850000001,0.0081462643,0.00632232647,6.8733331300000004e-06,6.55374551e-05,11.08041925,53.2,3.1572316099999997e-06,2.23376407e-06,1.11849599e-06,8.00092922e-07,6.05049962e-07,5.01035306e-07,4.19425287e-07,3.58275306e-07,8.017011640000001e-07,1.9774531e-07,2.85238431e-06,82.9120154,41.10029519999999,5.065233560000001e-10,9.163037,0.0014922735499999999,0.1081635889,3.872828101e-05,4.222409694e-06,0.00152590142,0.1152715935,3.872828101e-05,4.222409694e-06,0.0013348415299999999,0.11444561210000001,3.872828101e-05,4.222409694e-06,0.00162816267,0.1422552965,3.872828101e-05,4.222409694e-06,2.5027509450912477
155,1656332400,2.49014536e-05,2.4901462e-05,0.10653558439999997,4.0099953595999995,0.04015346820000001,0.00393091423,0.0080876208,0.00628861493,4.42041843e-06,4.412699465e-05,10.923077099999999,45.0,2.51764237e-06,2.15224766e-06,1.1302627300000001e-06,7.983834999999999e-07,6.22787702e-07,5.127806820000001e-07,4.1855327399999996e-07,3.76459266e-07,8.23353103e-07,1.97125569e-07,2.90100138e-06,83.3272607,42.517528600000006,4.66704144e-10,9.172716300000001,0.00148638527,0.10790877460000001,1.6904240129999997e-05,2.0823622119999995e-06,0.0015370264499999999,0.11564337129999999,1.6904240129999997e-05,2.0823622119999995e-06,0.00128088451,0.08985365990000001,1.6904240129999997e-05,2.0823622119999995e-06,0.0015747974299999998,0.12795145880000003,1.6904240129999997e-05,2.0823622119999995e-06,2.50279016494751
155,1656333000,2.8144088e-05,2.81440951e-05,0.18931047235000004,15.495543620000001,0.037271329199999995,0.0039382086200000005,0.00805707755,0.0062788702,1.9263734289999998e-05,0.0002041383246,10.4125876,31.4,3.4926205100000003e-06,2.70585401e-06,1.2561213299999998e-06,8.242882490000001e-07,6.257796510000001e-07,5.04899178e-07,4.3534942899999993e-07,3.70039966e-07,8.00055118e-07,1.9287868e-07,2.8640246300000002e-06,82.25752810000002,41.1370406,5.676074280000001e-10,9.1520954,0.00150215888,0.1101936483,6.682770599e-05,7.781362461e-06,0.00152356886,0.143834132,6.682770599e-05,7.781362461e-06,0.00128345858,0.1465946151,6.682770599e-05,7.781362461e-06,0.00158012459,0.1386691779,6.682770599e-05,7.781362461e-06,2.502783989906311
155,1656333600,0.00012539372580000003,0.0001253937334,0.43734416736999987,39.2220487046,0.11887129530000003,0.0043673491,0.00841537215,0.006474120910000001,0.00034424146898000003,0.0035843965977999997,13.006993300000001,67.2,4.254617215e-05,1.183751319e-05,1.40889733e-06,1.0064534190000001e-06,6.62120281e-07,5.27829591e-07,4.3718819299999997e-07,3.7469543699999995e-07,8.160722489999999e-07,1.9423925900000004e-07,2.88550877e-06,76.7353132,34.661220959999994,3.767541234999999e-09,9.0041922,0.00151043129,0.12998305240000002,0.00108587700467,0.000133546153145,0.00158201821,0.25129080200000004,0.00108587700467,0.000133546153145,0.00168247646,1.5301697452999998,0.00108587700467,0.000133546153145,0.0018839017399999998,1.4044459633999997,0.00108587700467,0.000133546153145,2.502810525894165
155,1656334200,4.552392930000001e-05,4.5523972700000005e-05,0.1544553901,18.861203483229996,0.0513063384,0.00429936896,0.00859572505,0.00655498756,4.723713383999999e-05,0.0004270970987500001,14.150349600000002,67.5,1.13030129e-05,3.4057755799999996e-06,1.2180939e-06,8.163180820000001e-07,6.46056765e-07,5.62175584e-07,4.81821212e-07,3.79369626e-07,8.597590050000001e-07,1.9680390600000002e-07,2.89267664e-06,79.5607901,36.9835105,1.126082255e-09,9.089112199999999,0.0015183366900000002,0.1150354393,0.00049594148956,4.8415257575e-05,0.0015726355500000001,0.133441244,0.00049594148956,4.8415257575e-05,0.00159799848,0.5477730535,0.00049594148956,4.8415257575e-05,0.0017708150899999997,0.2262051922,0.00049594148956,4.8415257575e-05,2.502755904197693
155,1656334800,2.6217111699999998e-05,2.6217116899999998e-05,0.03814790966,1.14470490792,0.027761577599999997,0.00401296078,0.008257840999999998,0.006387948450000002,5.78326234e-06,5.177005999999999e-05,12.0,55.6,2.9241877400000003e-06,2.22875511e-06,1.1050540800000003e-06,8.04334168e-07,6.44612784e-07,5.89666899e-07,4.423267729999999e-07,3.99980181e-07,8.842359879999999e-07,1.93748392e-07,2.8915173e-06,82.65161,41.087037800000004,5.03767231e-10,9.162301200000002,0.00152400212,0.11688334199999999,2.216139052e-05,2.75016529e-06,0.00150785342,0.110432095,2.216139052e-05,2.75016529e-06,0.0013459226399999999,0.1033588666,2.216139052e-05,2.75016529e-06,0.0016689722499999998,0.14475847800000002,2.216139052e-05,2.75016529e-06,2.5027846813201906
155,1656335400,3.41085394e-05,3.41085464e-05,-0.008385105199999996,12.123648360539999,0.049379076,0.00404246833,0.0081535102,0.00633194608,3.493883871e-05,0.0003641314007,11.244755399999999,55.6,6.36840365e-06,2.7038341199999995e-06,1.2619266900000002e-06,8.230774830000001e-07,6.350479870000001e-07,5.51233059e-07,4.41210644e-07,3.67805603e-07,8.33821551e-07,1.94230061e-07,2.8736298800000003e-06,81.466623,39.6334517,7.607202789999999e-10,9.12992035,0.00150905349,0.1128041155,0.00020748349437000002,1.9997057340000002e-05,0.00154971832,0.125947199,0.00020748349437000002,1.9997057340000002e-05,0.0013530175900000002,0.21799810540000003,0.00020748349437000002,1.9997057340000002e-05,0.00166636391,0.249285114,0.00020748349437000002,1.9997057340000002e-05,2.50276894569397
155,1656336000,0.0002115283412,0.000211528513,-0.0945740447,4.82328957923,0.0693106371,0.007516325069999999,0.016170490649999997,0.011427135100000001,0.00012194222314,0.0007884508205000002,45.031467899999996,113.9,7.149898665000001e-05,2.1950381860000002e-05,4.19116389e-06,1.653178937e-06,9.734687770000002e-07,6.625669199999999e-07,4.93758813e-07,3.99925444e-07,8.643405129999999e-07,1.9166076900000002e-07,2.88483063e-06,70.55216759999999,26.598060499999995,6.561613610000001e-09,8.881006039999999,0.00173294306,0.18825962499999999,0.00033608557661000005,5.962638534100001e-05,0.00241544111,0.5928185851000001,0.00033608557661000005,5.962638534100001e-05,0.004215422910000001,2.735504584,0.00033608557661000005,5.962638534100001e-05,0.00397034188,2.2284495916,0.00033608557661000005,5.962638534100001e-05,2.502878928184509
155,1656336600,0.0001723963485,0.0001723965958,-0.53234521535,29.4212304023,0.10009034089999999,0.00584041113,0.0116218645,0.0081345285,0.00026050795394999993,0.0022415940602,25.8356646,112.0,5.839654212000001e-05,1.783597527e-05,2.74920441e-06,1.19267517e-06,7.19388617e-07,5.52150778e-07,4.54202424e-07,3.8263434599999997e-07,8.138258220000001e-07,1.9779724400000005e-07,2.90391759e-06,71.56605679999998,27.641472,5.290690145e-09,8.88994285,0.00158347899,0.15072861990000003,0.0008558076586200001,0.00010952447279400001,0.0018714958899999998,0.3403141594,0.0008558076586200001,0.00010952447279400001,0.0029317645000000005,2.246876001,0.0008558076586200001,0.00010952447279400001,0.00287407503,1.9044449290000003,0.0008558076586200001,0.00010952447279400001,2.5028231143951416
155,1656337200,2.48750208e-05,2.4875030600000003e-05,0.025325308970000005,0.13707242094,0.0224161256,0.00396278604,0.008193739200000001,0.006366633590000001,2.40165963e-06,2.0876566600000003e-05,11.3006994,30.6,2.53513505e-06,2.23302344e-06,1.12650245e-06,8.082427509999999e-07,6.19088766e-07,4.88392415e-07,4.11300437e-07,3.59590805e-07,8.021688470000001e-07,1.9457008199999998e-07,2.8594476199999996e-06,83.332814,42.0501761,4.694431269999999e-10,9.1708003,0.00150497449,0.10980866809999998,1.1488606410000001e-05,1.577102581e-06,0.0015211017600000002,0.1125144946,1.1488606410000001e-05,1.577102581e-06,0.00135492216,0.094474691,1.1488606410000001e-05,1.577102581e-06,0.0016252619699999998,0.1292435425,1.1488606410000001e-05,1.577102581e-06,2.502700757980347
155,1656337800,2.59482529e-05,2.59482614e-05,0.09777993746000002,4.829648798619999,0.033749887400000005,0.003983928570000001,0.008222300200000001,0.00637972544,7.462005840000001e-06,7.844702219999999e-05,11.395104999999997,42.5,2.83911042e-06,2.34263277e-06,1.17400158e-06,8.11896001e-07,6.14809748e-07,5.04421655e-07,4.3033747e-07,3.7351605e-07,8.17094988e-07,1.95249201e-07,2.8708931700000003e-06,82.58884859999999,40.869349299999996,4.97915276e-10,9.162996449999998,0.00149374985,0.11039350730000001,2.327915036e-05,2.82687191e-06,0.0015441838399999999,0.1191130255,2.327915036e-05,2.82687191e-06,0.0013542589700000001,0.1059637156,2.327915036e-05,2.82687191e-06,0.0016267054,0.139194848,2.327915036e-05,2.82687191e-06,2.5028680324554444
155,1656338400,2.9389834700000002e-05,2.9389841e-05,-0.0711524467,1.1832514621999999,0.0287231065,0.004186533960000001,0.0086390072,0.00663472996,6.69408849e-06,5.4997807300000005e-05,14.452797200000001,57.5,4.464893889999999e-06,2.50449768e-06,1.17684723e-06,7.90635942e-07,6.057138560000001e-07,4.992093159999999e-07,4.1473729599999995e-07,3.62962624e-07,8.17152548e-07,1.9679437400000002e-07,2.8613815600000003e-06,81.4803658,37.917806899999995,6.071855459999999e-10,9.13909905,0.00149798367,0.1090406971,3.583600983e-05,4.302634310000001e-06,0.00155501305,0.119560988,3.583600983e-05,4.302634310000001e-06,0.0015994118599999998,0.1688007336,3.583600983e-05,4.302634310000001e-06,0.00178322375,0.176409422,3.583600983e-05,4.302634310000001e-06,2.5028413057327272
155,1656339000,4.6611468199999995e-05,4.6611476999999996e-05,0.036733100500000004,4.766985198,0.049035885800000005,0.00452050648,0.009434498999999999,0.0069675138700000016,3.330911282e-05,0.0002973948758,17.63811175,73.3,1.135405268e-05,3.92077695e-06,1.3340980900000001e-06,8.773299709999999e-07,6.271806140000001e-07,4.991388640000001e-07,4.2483814800000004e-07,3.7611189500000004e-07,8.04501767e-07,1.9532967499999998e-07,2.89226519e-06,79.62729809999999,36.314586999999996,1.163370976e-09,9.092242099999998,0.0015110040200000002,0.1145325894,0.00012314557466000002,1.7198957556e-05,0.0016384406599999999,0.1642932425,0.00012314557466000002,1.7198957556e-05,0.00193927853,0.508416278,0.00012314557466000002,1.7198957556e-05,0.0019228422700000001,0.2755566956,0.00012314557466000002,1.7198957556e-05,2.502745175361633
155,1656339600,2.72494916e-05,2.72496534e-05,-0.1221267144,1.4872099742300002,0.0251988926,0.00412086839,0.00849243655,0.006585415430000001,3.4089160199999998e-06,3.2594585999999996e-05,13.192307599999998,42.6,3.5270887499999997e-06,2.3820977100000004e-06,1.14899101e-06,8.00688507e-07,6.245204999999999e-07,4.88652867e-07,4.20593922e-07,3.64154409e-07,8.03982716e-07,1.89864164e-07,2.87411494e-06,81.9666486,38.843857,5.384740150000001e-10,9.1517702,0.0015005701499999997,0.10871239399999999,1.675806927e-05,2.3084424500000002e-06,0.00153961692,0.11529451649999997,1.675806927e-05,2.3084424500000002e-06,0.0015554705,0.1265514741,1.675806927e-05,2.3084424500000002e-06,0.0017575359700000002,0.15100994999999998,1.675806927e-05,2.3084424500000002e-06,2.502753973007202
155,1656340200,2.62804387e-05,2.6280448300000003e-05,0.00464318211,-0.0028495428800000013,0.0202443615,0.004088103710000001,0.008440428600000001,0.00657784062,2.37902618e-06,1.94328133e-05,12.8216782,32.6,3.0620885199999997e-06,2.34262059e-06,1.1701237099999999e-06,8.020181369999999e-07,6.08347597e-07,4.96894187e-07,4.1906127599999997e-07,3.60272017e-07,8.201251729999999e-07,1.9773929599999998e-07,2.8608215400000004e-06,82.35632260000001,40.00334840000001,5.08592199e-10,9.158646800000001,0.00150028983,0.1096172599,8.913391429999998e-06,1.45287725e-06,0.00156673357,0.11867391600000002,8.913391429999998e-06,1.45287725e-06,0.00149430253,0.10994626699999999,8.913391429999998e-06,1.45287725e-06,0.00173880599,0.145801226,8.913391429999998e-06,1.45287725e-06,2.5027655124664308
155,1656340800,2.8701282099999998e-05,2.8701296999999998e-05,-0.0025284705000000003,0.17086614507999998,0.025530668900000004,0.00425886452,0.00878258975,0.00682810723,3.28192614e-06,2.62256454e-05,15.61363655,40.0,4.06387937e-06,2.5045607099999993e-06,1.15498552e-06,8.371060690000001e-07,6.073682190000001e-07,5.09411971e-07,4.2952848899999993e-07,3.65152288e-07,8.122603260000001e-07,1.9137324899999998e-07,2.87494134e-06,81.2003668,37.0224972,5.8230928e-10,9.13776015,0.00151246597,0.11121904499999999,1.3167611039999998e-05,2.2111829799999998e-06,0.0015732408700000003,0.1214355544,1.3167611039999998e-05,2.2111829799999998e-06,0.00173337542,0.15165984,1.3167611039999998e-05,2.2111829799999998e-06,0.00185904472,0.168131145,1.3167611039999998e-05,2.2111829799999998e-06,2.5027411699295046
155,1656341400,2.77013274e-05,2.77013541e-05,-0.005780941700000001,0.11898090680000002,0.0226243216,0.00418704108,0.0086211263,0.00671578414,3.4870099399999995e-06,3.20864577e-05,14.382867100000002,40.0,3.73306864e-06,2.3927694799999996e-06,1.16672583e-06,8.00038902e-07,6.168278140000001e-07,4.99839952e-07,4.1752982699999996e-07,3.5960227e-07,8.170674400000001e-07,1.9456708099999997e-07,2.85243787e-06,81.6021114,37.9984847,5.52352213e-10,9.1467643,0.00150234971,0.10888904800000002,1.423965389e-05,2.16391722e-06,0.00156586279,0.1191083583,1.423965389e-05,2.16391722e-06,0.0016660897000000002,0.140776599,1.423965389e-05,2.16391722e-06,0.00178766611,0.156893078,1.423965389e-05,2.16391722e-06,2.502785587310791
155,1656342000,2.66482337e-05,2.6648241400000005e-05,-0.0005442302700000004,0.23588265495000002,0.025283905000000002,0.00410082648,0.008438778050000002,0.006560333900000001,3.07711963e-06,2.4913005199999997e-05,13.173076799999999,39.8,3.04730783e-06,2.2338184500000003e-06,1.176644e-06,8.204739219999999e-07,6.427740660000001e-07,5.605013069999999e-07,4.95523434e-07,3.84975501e-07,8.858266900000001e-07,1.97719258e-07,2.87846743e-06,82.26929419999999,40.247462,5.150734229999999e-10,9.1578111,0.0015222253700000001,0.11599965620000001,8.469068309999999e-06,1.42338202e-06,0.00154367599,0.1152376541,8.469068309999999e-06,1.42338202e-06,0.0014956634599999998,0.10973235499999998,8.469068309999999e-06,1.42338202e-06,0.00171563927,0.14448953299999998,8.469068309999999e-06,1.42338202e-06,2.5027668952941893
155,1656342600,7.30984223e-05,7.309843699999999e-05,0.0459729187,8.611799659849998,0.05652619280000001,0.00437535128,0.008507024850000001,0.00662414989,0.00012706402785,0.0010331142287,13.3181818,62.7,2.3735728109999995e-05,4.9803895899999995e-06,1.23486447e-06,8.32091244e-07,6.184978300000001e-07,4.90252315e-07,4.2166140100000003e-07,3.58351536e-07,8.042579559999999e-07,1.9886544700000003e-07,2.87423839e-06,79.199153,36.4764287,2.064801384e-09,9.06748355,0.00149815433,0.11335619460000002,0.00063107999784,7.171020678e-05,0.0016037463000000002,0.17884230780000002,0.00063107999784,7.171020678e-05,0.0017411223500000002,0.9399285496,0.00063107999784,7.171020678e-05,0.0019189869500000002,0.591030401,0.00063107999784,7.171020678e-05,2.502764630317688
155,1656343200,2.8781718200000002e-05,2.8781730599999998e-05,0.13695689095000002,2.2165768085,0.0366405971,0.00418165285,0.0085876012,0.0066653892800000005,7.0742884999999995e-06,6.0016229200000006e-05,14.1748252,51.7,3.9957406e-06,2.6403739800000002e-06,1.1517349499999999e-06,8.00222853e-07,6.21398196e-07,4.931482349999999e-07,4.27632487e-07,3.77202503e-07,8.062473300000001e-07,1.9725397399999999e-07,2.8797853899999997e-06,81.48012639999999,37.8372345,5.83915741e-10,9.1410645,0.00150528417,0.10937702469999999,2.3668216550000002e-05,3.3376440800000003e-06,0.00157428721,0.12282988560000001,2.3668216550000002e-05,3.3376440800000003e-06,0.0015890584199999998,0.14694453489999998,2.3668216550000002e-05,3.3376440800000003e-06,0.00182958941,0.17602933,2.3668216550000002e-05,3.3376440800000003e-06,2.5027911901474
155,1656343800,2.69394776e-05,2.69394901e-05,0.02213066998,0.021754635499999998,0.022428083900000003,0.00413959753,0.008556046999999999,0.0066445589900000004,2.6746261e-06,2.20801397e-05,13.430069900000001,34.3,3.35597431e-06,2.41635926e-06,1.1700169399999998e-06,7.833036440000001e-07,6.20153625e-07,5.06745895e-07,4.1854978500000007e-07,3.6102806e-07,7.81261404e-07,1.97076241e-07,2.8591581600000004e-06,82.00866189999999,38.9181881,5.30567644e-10,9.151553,0.0015058476200000002,0.10947803950000001,8.165355570000002e-06,1.5323368200000003e-06,0.0015634622300000002,0.1182355311,8.165355570000002e-06,1.5323368200000003e-06,0.0015851732599999999,0.12411347000000002,8.165355570000002e-06,1.5323368200000003e-06,0.0017719866599999999,0.152798016,8.165355570000002e-06,1.5323368200000003e-06,2.502779316902161
155,1656344400,2.6770371100000003e-05,2.6770375999999998e-05,0.01884088174,0.1336304681,0.0248478559,0.00411330571,0.00851509215,0.00661810694,2.7627037400000003e-06,2.2769466299999998e-05,13.2919579,37.5,3.31130694e-06,2.2871885600000003e-06,1.18698347e-06,7.957586160000001e-07,6.203869080000001e-07,5.216219120000001e-07,4.1935310000000003e-07,3.6709898499999997e-07,8.169763830000001e-07,1.9522444999999997e-07,2.8631603899999996e-06,82.1417055,39.358175,5.242329050000001e-10,9.153264599999998,0.0015072765999999999,0.11033922709999999,1.0754703820000001e-05,1.6598932559999999e-06,0.00156282388,0.11813813849999999,1.0754703820000001e-05,1.6598932559999999e-06,0.00156787099,0.121521341,1.0754703820000001e-05,1.6598932559999999e-06,0.0017402985999999995,0.148383956,1.0754703820000001e-05,1.6598932559999999e-06,2.502777123451233
155,1656345000,3.84657809e-05,3.84657967e-05,0.45213694805000004,20.146670676960003,0.0505220202,0.004261751749999999,0.008620497949999998,0.006721340639999999,4.752330863e-05,0.000500765771,14.2045455,46.1,7.740607170000001e-06,3.6218789e-06,1.24318398e-06,8.13304743e-07,6.317538429999999e-07,5.11519548e-07,4.2813959500000003e-07,3.7688184800000006e-07,8.082195720000001e-07,1.98902743e-07,2.8584771700000002e-06,79.8046686,35.9245208,8.92871123e-10,9.103917800000001,0.00151167949,0.11294581460000001,0.00021163000936,2.054065164e-05,0.00159994969,0.13886107279999998,0.00021163000936,2.054065164e-05,0.0016556283300000001,0.249978996,0.00021163000936,2.054065164e-05,0.0018914216,0.330135734,0.00021163000936,2.054065164e-05,2.5027957439422606
155,1656345600,2.8514849200000004e-05,2.85148663e-05,0.031712019952,0.48582661894,0.029393336000000003,0.00423994085,0.0087518387,0.00681008871,3.5894540400000003e-06,3.12624397e-05,15.3059441,39.8,3.88982744e-06,2.5697947400000003e-06,1.1873087500000002e-06,8.00218306e-07,6.158598570000001e-07,5.121884089999999e-07,4.2829211800000004e-07,3.6710822199999997e-07,8.27455811e-07,1.96952983e-07,2.86237566e-06,81.36747009999999,37.346857,5.74758714e-10,9.1417828,0.0014996380299999996,0.1091268921,1.1102062300000001e-05,1.97503484e-06,0.0015805773299999999,0.12280935960000001,1.1102062300000001e-05,1.97503484e-06,0.0017132913,0.14589651499999998,1.1102062300000001e-05,1.97503484e-06,0.00184643113,0.169693718,1.1102062300000001e-05,1.97503484e-06,2.502791500091553
155,1656346200,7.86813338e-05,7.86813382e-05,-0.36552679885000006,29.859422862059994,0.06363328199999999,0.004355434819999999,0.00863519795,0.0067180889,0.00023848923197000005,0.0025411598158000003,14.361888250000002,46.6,2.4900793259999997e-05,6.163322519999999e-06,1.53584447e-06,8.739792930000001e-07,6.28156729e-07,5.12253978e-07,4.5041958199999995e-07,3.7084270499999997e-07,8.21354693e-07,1.9903291099999997e-07,2.88454435e-06,78.2094531,35.595565199999996,2.2184540860000004e-09,9.053056999999999,0.00151411631,0.11642053590000001,0.0016136536344699998,0.00015511041670999997,0.00162427545,0.244823484,0.0016136536344699998,0.00015511041670999997,0.0017879254999999996,1.3478409189,0.0016136536344699998,0.00015511041670999997,0.0018499187899999998,0.26983005699999996,0.0016136536344699998,0.00015511041670999997,2.502783918380737
155,1656346800,2.68263792e-05,2.68263837e-05,0.018497159869999998,0.33262001292,0.0246910163,0.004115694750000001,0.00847843765,0.00661064388,3.7904273999999996e-06,3.50861545e-05,13.241259000000003,39.2,3.44161427e-06,2.3004671499999995e-06,1.15189449e-06,7.62746516e-07,6.148381600000001e-07,4.96751383e-07,4.19425463e-07,3.7008642200000004e-07,8.071740629999999e-07,1.97057294e-07,2.85103385e-06,82.21269379999998,39.2313669,5.273538380000001e-10,9.153194899999999,0.0014937435699999997,0.1077469634,1.45247624e-05,2.022066715e-06,0.0015488462499999999,0.1169222776,1.45247624e-05,2.022066715e-06,0.0015868134499999998,0.12709055800000002,1.45247624e-05,2.022066715e-06,0.00174499434,0.150266675,1.45247624e-05,2.022066715e-06,2.50281662940979
155,1656347400,3.10921175e-05,3.10921295e-05,-0.019352049200000013,3.8415124054000005,0.035068453299999996,0.004248236109999999,0.0086677404,0.006706518770000001,9.31192926e-06,7.215044840000001e-05,14.905594399999998,66.3,4.91556016e-06,2.79028795e-06,1.19055475e-06,8.323719699999999e-07,6.21253048e-07,5.152758910000001e-07,4.4643344299999995e-07,3.6545446400000003e-07,8.033748229999999e-07,1.9515987800000004e-07,2.8702922300000003e-06,80.4194909,36.0485612,6.535158559999999e-10,9.1244943,0.0015078301199999999,0.11162563159999998,3.433026785e-05,4.5540085600000005e-06,0.0015605186599999999,0.12586552620000002,3.433026785e-05,4.5540085600000005e-06,0.00164975549,0.17235657599999998,3.433026785e-05,4.5540085600000005e-06,0.00186540119,0.21238977,3.433026785e-05,4.5540085600000005e-06,2.5028720617294313
155,1656348000,2.95008865e-05,2.9500890899999998e-05,-0.0767717793,1.7838601456999998,0.03325383989999999,0.00424451979,0.008753240300000001,0.006748788780000001,7.61448678e-06,7.76167594e-05,15.2989511,70.1,4.31629355e-06,2.59884715e-06,1.174884e-06,8.375197680000001e-07,6.17387248e-07,5.07806484e-07,4.1896837599999993e-07,3.70824506e-07,8.24319686e-07,1.9641437600000004e-07,2.88704885e-06,81.0060071,36.4698481,6.040979489999999e-10,9.133441900000001,0.0015073674300000001,0.1108872188,3.502050275e-05,4.1867232599999985e-06,0.0015858258600000002,0.1231892395,3.502050275e-05,4.1867232599999985e-06,0.0016844154600000002,0.16296635099999998,3.502050275e-05,4.1867232599999985e-06,0.00183977034,0.177233324,3.502050275e-05,4.1867232599999985e-06,2.5028021335601807
155,1656348600,4.26900984e-05,4.26901134e-05,0.48199555139999994,17.892635596379996,0.0637615941,0.004265184600000001,0.008564139699999999,0.00663262946,5.28387282e-05,0.0005533026580999999,14.199300649999998,57.1,1.0273076209999999e-05,3.1205120399999997e-06,1.2016050500000002e-06,8.44852111e-07,6.16087406e-07,5.35407699e-07,4.47695757e-07,3.7156975200000004e-07,8.364036990000001e-07,1.93811934e-07,2.90393344e-06,79.7406218,36.50885985,1.035457853e-09,9.0995597,0.0015115182299999998,0.113390086,0.00028371357211,3.771366513e-05,0.00157722179,0.1362185114,0.00028371357211,3.771366513e-05,0.0017035755400000002,0.50850168,0.00028371357211,3.771366513e-05,0.0017744809400000003,0.18906079700000003,0.00028371357211,3.771366513e-05,2.5027382373809814
155,1656349200,6.680852369999999e-05,6.68093778e-05,0.9194366989,143.95311683858,0.12898216849999997,0.0043152183499999995,0.0086076759,0.00669407231,0.00015315125101,0.0016086853956,14.092724699999996,53.5,1.283234255e-05,3.54965695e-06,1.8446714300000004e-06,1.993923622e-06,1.514751047e-06,9.07920798e-07,1.6890576390000002e-06,5.892971260000001e-07,2.993872361e-06,3.9149887700000003e-07,5.09802574e-06,79.9315242,36.366392399999995,1.3914581140000001e-09,9.123034200000001,0.00155751077,0.3180024978999999,0.0005691873447000001,6.251246884000001e-05,0.0015937416999999999,0.1733018822,0.0005691873447000001,6.251246884000001e-05,0.00172244782,0.6362388199,0.0005691873447000001,6.251246884000001e-05,0.00187452478,0.231608254,0.0005691873447000001,6.251246884000001e-05,2.5027740001678467
155,1656349800,2.55966361e-05,2.5596652299999995e-05,0.002530071230000001,0.036303582269999995,0.0213788411,0.00403005873,0.008334260100000001,0.006465384520000001,2.30450659e-06,1.83473278e-05,12.124125800000002,28.8,2.7997314499999996e-06,2.25809772e-06,1.1399169199999998e-06,8.122148849999999e-07,6.3355247e-07,5.02897436e-07,4.2180544099999997e-07,3.65671383e-07,8.04624733e-07,1.9419560899999999e-07,2.86541302e-06,82.7750175,40.9244745,4.88441177e-10,9.164919200000002,0.00151158303,0.11074175949999998,7.288224580000001e-06,1.28606032e-06,0.00154894042,0.11624048349999998,7.288224580000001e-06,1.28606032e-06,0.0014529159200000002,0.10334832020000002,7.288224580000001e-06,1.28606032e-06,0.0016652500299999997,0.13484744199999998,7.288224580000001e-06,1.28606032e-06,2.5027745723724366
155,1656350400,2.58121081e-05,2.58121164e-05,0.21630958759999994,6.931754760000001,0.0397870962,0.004024729140000001,0.008272634999999999,0.006443509379999999,3.4431404299999996e-06,3.4100439600000006e-05,12.1730768,33.5,2.8635356800000005e-06,2.25633858e-06,1.1869944300000002e-06,7.97048941e-07,6.109099760000001e-07,5.07256568e-07,4.1812197500000006e-07,3.6637507e-07,8.14723702e-07,1.97952454e-07,2.8867064e-06,82.6289366,40.844702999999996,4.93725566e-10,9.1628258,0.00148457969,0.11016888340000001,1.32131079e-05,1.6973584600000001e-06,0.0015610736200000002,0.1179427171,1.32131079e-05,1.6973584600000001e-06,0.00140321295,0.10067779000000002,1.32131079e-05,1.6973584600000001e-06,0.0017066583199999998,0.14133602500000003,1.32131079e-05,1.6973584600000001e-06,2.502755308151245
155,1656351000,6.240209120000002e-05,6.24021113e-05,0.1522465158,15.9488076337,0.0683691162,0.0048741061900000006,0.0096844506,0.007261524850000001,5.443237866e-05,0.00041387676170000004,21.391608750000003,88.4,1.695203787e-05,5.786368060000001e-06,1.5889647900000001e-06,9.941766830000002e-07,6.53120833e-07,5.17900289e-07,4.366220410000001e-07,3.7764901399999997e-07,8.19151224e-07,1.98384713e-07,2.87652047e-06,76.1576868,30.8355248,1.6593859950000005e-09,9.0223202,0.00154748379,0.125306958,0.00016840969766999998,2.5904347194000002e-05,0.0016897613999999998,0.16082670459999998,0.00016840969766999998,2.5904347194000002e-05,0.00220394581,0.6528397574,0.00016840969766999998,2.5904347194000002e-05,0.0022181022700000002,0.574917176,0.00016840969766999998,2.5904347194000002e-05,2.503193187713623
155,1656351600,5.389270339999999e-05,5.38927453e-05,-0.048306624119999995,0.7221764956000001,0.0363426856,0.00560564478,0.01156136685,0.00886488937,1.3329426069999998e-05,9.16600046e-05,37.699301000000006,95.4,1.389539316e-05,4.752566879999999e-06,1.51928143e-06,9.039617829999999e-07,6.46397381e-07,5.17302744e-07,4.2445861400000003e-07,3.71314725e-07,8.22576219e-07,1.98113598e-07,2.89497776e-06,74.551874,25.1721792,1.365312865e-09,9.00370585,0.0015678783800000002,0.11966265699999998,5.339591060000001e-05,8.29347372e-06,0.0018979203900000002,0.18213946550000001,5.339591060000001e-05,8.29347372e-06,0.0029782842400000002,0.5101879329999999,5.339591060000001e-05,8.29347372e-06,0.0028185714499999997,0.4543197070000001,5.339591060000001e-05,8.29347372e-06,2.5023830413818358
155,1656352200,2.71739243e-05,2.7173931899999997e-05,0.042706723099999996,0.9283241489799998,0.0294660722,0.004120687099999999,0.0084537593,0.006578163100000001,4.62375735e-06,4.513745780000001e-05,13.1870629,46.2,3.3867436e-06,2.47596336e-06,1.15651597e-06,8.04840165e-07,5.78411817e-07,5.22604455e-07,4.2621895099999997e-07,3.7381953300000005e-07,8.064572380000001e-07,1.98948527e-07,2.8563987799999997e-06,81.947262,38.88339560000001,5.36315638e-10,9.1501556,0.00149159127,0.1080856259,2.271447857e-05,2.76615846e-06,0.0015701071300000002,0.120123681,2.271447857e-05,2.76615846e-06,0.00153198866,0.12270829189999999,2.271447857e-05,2.76615846e-06,0.00176615429,0.158830401,2.271447857e-05,2.76615846e-06,2.5028102159500123
155,1656352800,0.00014459877040000002,0.0001445988043,0.33480531593,36.4523871321,0.11329567609999999,0.00489360244,0.009219559450000001,0.0069392876400000015,0.00037850241919000006,0.0037317200862000003,17.972027899999997,83.6,4.575489743e-05,1.623351062e-05,3.0968057999999996e-06,1.2791810999999998e-06,7.361884890000001e-07,5.28485542e-07,4.2505006300000003e-07,3.71761917e-07,8.167380419999999e-07,1.92870338e-07,2.8637930100000003e-06,74.11716279999999,32.213290799999996,4.3488565070000006e-09,8.952459350000002,0.0015340812,0.1261372778,0.0016877293668600003,0.00017871902997000001,0.0017171288399999997,0.3746267495,0.0016877293668600003,0.00017871902997000001,0.00225120097,2.0738899454000004,0.0016877293668600003,0.00017871902997000001,0.0022181838,1.291720619,0.0016877293668600003,0.00017871902997000001,2.50268976688385
155,1656353400,2.8778339200000002e-05,2.8778355100000004e-05,0.0036428351400000004,0.025521034940000003,0.022596666999999997,0.00427919729,0.0088223364,0.006876428080000001,3.1656206600000002e-06,2.55977542e-05,15.234265800000003,39.3,3.988598270000001e-06,2.6637002000000003e-06,1.17879262e-06,8.220820009999999e-07,5.76653115e-07,5.025606950000001e-07,4.3806509100000004e-07,3.70815238e-07,7.99554682e-07,1.94551004e-07,2.85369673e-06,81.1186136,36.8211513,5.841577829999999e-10,9.13743225,0.0014948450400000001,0.10846322049999998,1.150609644e-05,1.9491725900000002e-06,0.0016100065600000001,0.125956668,1.150609644e-05,1.9491725900000002e-06,0.00173782242,0.149309796,1.150609644e-05,1.9491725900000002e-06,0.00187962417,0.172502727,1.150609644e-05,1.9491725900000002e-06,2.5027896881103517
155,1656354000,2.9195122999999997e-05,2.9195135100000005e-05,0.08445700565,1.0043968853999998,0.0334874017,0.004280462840000001,0.0088038583,0.00685145688,4.030861709999999e-06,3.5000621899999993e-05,15.6520981,47.4,4.07204072e-06,2.6286846e-06,1.21361329e-06,8.399254369999998e-07,6.09319801e-07,5.19511578e-07,4.2520750999999995e-07,3.68952353e-07,8.32741273e-07,1.97048543e-07,2.8904254e-06,81.074564,36.886892399999994,5.9306284e-10,9.137237900000002,0.00151972922,0.11268970149999999,1.1770739899999998e-05,2.06045227e-06,0.0016079101500000002,0.12627305,1.1770739899999998e-05,2.06045227e-06,0.00175191692,0.15306311239999998,1.1770739899999998e-05,2.06045227e-06,0.0018508982600000002,0.17252549199999997,1.1770739899999998e-05,2.06045227e-06,2.5026716709136965
155,1656354600,2.8364959699999996e-05,2.83649834e-05,0.004584670309999999,0.09154076025999999,0.024678102799999997,0.00424275862,0.0087378836,0.0068206647199999994,3.13226797e-06,2.69342312e-05,14.9213287,36.8,3.88674872e-06,2.54103752e-06,1.14545938e-06,8.077689449999999e-07,6.158048320000001e-07,5.095891490000001e-07,4.2480433299999993e-07,3.8339160100000003e-07,8.09537697e-07,1.9229610099999999e-07,2.8659598899999997e-06,81.27916250000001,37.367268100000004,5.704491779999999e-10,9.14139975,0.00150432073,0.1100931325,1.062184646e-05,1.8129858000000002e-06,0.0015811043199999999,0.1210996067,1.062184646e-05,1.8129858000000002e-06,0.00169448731,0.14049713400000002,1.062184646e-05,1.8129858000000002e-06,0.0018584982100000001,0.17145169,1.062184646e-05,1.8129858000000002e-06,2.5027794361114504
155,1656355200,3.09540572e-05,3.0954070999999996e-05,-0.14327703875,3.0550195709,0.027463041900000002,0.00430315905,0.0088532286,0.006848950580000001,9.06439448e-06,7.779017889999998e-05,15.487762200000002,49.2,4.87444284e-06,2.7214887699999994e-06,1.2865156000000004e-06,8.221945689999999e-07,6.31754814e-07,4.90458973e-07,4.1687053099999997e-07,3.67090353e-07,7.96397608e-07,1.94850916e-07,2.87470644e-06,80.6231684,35.8718662,6.51627259e-10,9.125612,0.0015279833800000001,0.113660672,4.736067856e-05,5.326052809999999e-06,0.00160680844,0.1270403645,4.736067856e-05,5.326052809999999e-06,0.00171807233,0.17256825,4.736067856e-05,5.326052809999999e-06,0.00191597362,0.20495560900000004,4.736067856e-05,5.326052809999999e-06,2.5027676820755005
155,1656355800,4.3624387e-05,4.36243954e-05,0.60757535858,13.7408799076,0.058839558800000004,0.004416042760000001,0.0088932544,0.006896628719999999,4.849216129e-05,0.0004994282116,15.979021200000002,51.1,9.912944220000003e-06,4.01560845e-06,1.24410918e-06,8.4428603e-07,6.202621429999999e-07,5.035100650000001e-07,4.21861628e-07,3.74248318e-07,7.95058854e-07,1.95975877e-07,2.8840566300000005e-06,79.2445316,34.8010094,1.061480488e-09,9.0900802,0.0015167587200000002,0.114056911,0.00017637823024999999,1.924652801e-05,0.0016169821100000003,0.1544190375,0.00017637823024999999,1.924652801e-05,0.0018520317300000002,0.346165676,0.00017637823024999999,1.924652801e-05,0.0019675989499999998,0.36497374000000005,0.00017637823024999999,1.924652801e-05,2.502755904197693
155,1656356400,0.000144289722,0.0001442898042,2.9594292381000002,196.78300039717,0.2381336309,0.00460548022,0.0086935296,0.00672099363,0.0003540660442,0.0035055590458,14.9196382,79.0,4.593532553e-05,7.423916489999999e-06,2.49369846e-06,1.6312715499999999e-06,1.2436621900000001e-06,1.2456875379999999e-06,9.686268970000002e-07,1.047468219e-06,2.8648811590000002e-06,2.53239981e-07,7.036943999999999e-06,76.5202378,32.83097935,3.7628587370000005e-09,9.0336236,0.00151626846,0.1379878634,0.0013358596973,0.00014141712988,0.0016798528600000002,0.3857402145,0.0013358596973,0.00014141712988,0.00201297903,1.6174438315000004,0.0013358596973,0.00014141712988,0.0020739331500000003,1.2254039429999999,0.0013358596973,0.00014141712988,2.5027748107910157
155,1656357000,2.4955292699999997e-05,2.49553032e-05,0.05537775669,0.7656582285100001,0.032170402800000004,0.003976865479999999,0.0081811269,0.00637356148,2.43955802e-06,2.33571923e-05,11.022727200000002,28.2,2.53804587e-06,2.18541018e-06,1.15642702e-06,8.0006544e-07,6.368886439999999e-07,5.077423970000001e-07,4.08567208e-07,3.5835605299999996e-07,8.2124712e-07,1.93723267e-07,2.8711397300000003e-06,83.17048250000002,42.0261458,4.702671459999999e-10,9.17063915,0.00149614489,0.10904641419999998,7.59828668e-06,1.230639046e-06,0.0015418432,0.1166673082,7.59828668e-06,1.230639046e-06,0.00135927096,0.09256660249999998,7.59828668e-06,1.230639046e-06,0.00161883697,0.12816339100000002,7.59828668e-06,1.230639046e-06,2.502596116065979
155,1656357600,2.4678493000000002e-05,2.4678498300000004e-05,0.098559538022,2.80296763645,0.037526549199999995,0.00390922892,0.00804311035,0.00627061723,4.35702291e-06,4.46238821e-05,10.316433550000001,37.5,2.41860674e-06,2.1508984900000003e-06,1.1233699299999997e-06,8.043924879999999e-07,6.207809299999999e-07,5.07811135e-07,4.3431270199999993e-07,3.59804318e-07,8.33283104e-07,1.96977137e-07,2.8889014800000003e-06,83.475365,42.831468099999995,4.60907393e-10,9.174150899999999,0.00149451488,0.10952092499999999,2.2739742610000003e-05,2.504110886e-06,0.00150817283,0.111900615,2.2739742610000003e-05,2.504110886e-06,0.0012279782900000002,0.0841993342,2.2739742610000003e-05,2.504110886e-06,0.0015914464,0.12977379139999998,2.2739742610000003e-05,2.504110886e-06,2.502840852737427
155,1656358200,2.46433881e-05,2.4643395599999998e-05,-0.0146732096,0.5485172532999999,0.023836390300000003,0.003929542199999999,0.0081010745,0.00631155155,3.8586219200000005e-06,3.84199528e-05,10.7062937,35.2,2.47772283e-06,2.12919019e-06,1.12885785e-06,8.12234484e-07,6.071843679999999e-07,5.13827476e-07,4.27209287e-07,3.61810967e-07,8.035152749999999e-07,1.9801952099999998e-07,2.86205106e-06,83.34413349999998,42.4017271,4.6181176200000005e-10,9.173556399999999,0.00150241821,0.10950787049999999,1.9832565689999996e-05,2.269670732e-06,0.00150704284,0.1108790564,1.9832565689999996e-05,2.269670732e-06,0.00127323682,0.0882940549,1.9832565689999996e-05,2.269670732e-06,0.0016103100499999998,0.130402322,1.9832565689999996e-05,2.269670732e-06,2.502772068977356
155,1656358800,2.6294670600000002e-05,2.6294678100000002e-05,0.3757730293,9.723355360700001,0.0345427754,0.00393865071,0.0080381944,0.0062746365,1.1194809239999999e-05,0.0001165826386,10.3339161,39.7,3.18765469e-06,2.2636845e-06,1.12349604e-06,7.852964850000001e-07,6.06843226e-07,5.10404674e-07,4.2533594100000007e-07,3.6488153099999996e-07,8.09617299e-07,1.99110352e-07,2.8709916400000003e-06,82.77204299999998,41.3944092,5.11003857e-10,9.163404600000002,0.00148991671,0.10781397239999999,9.368649767000002e-05,9.18355997e-06,0.00151050518,0.1120424171,9.368649767000002e-05,9.18355997e-06,0.00129382112,0.1330797507,9.368649767000002e-05,9.18355997e-06,0.0015862973200000002,0.131376615,9.368649767000002e-05,9.18355997e-06,2.5027797698974608
155,1656359400,0.00015755183579999998,0.00015755185010000002,-0.8875599940000001,57.677664913700006,0.10091487220000002,0.00445405749,0.0082951673,0.00641149356,0.00034497941757,0.0027720208243499998,12.4772727,69.1,5.7043972109999996e-05,1.2417785460000001e-05,2.29813914e-06,1.079321281e-06,6.978949e-07,5.32667275e-07,4.5611619100000004e-07,3.78329221e-07,8.09456173e-07,1.94915064e-07,2.86726795e-06,75.2423038,32.671446769999996,4.8119729629999994e-09,8.97713766,0.0015150829600000001,0.13227663370000003,0.002708582773660001,0.00026249663903600004,0.0016073563699999997,0.2727043052,0.002708582773660001,0.00026249663903600004,0.0017388195599999999,2.121097715,0.002708582773660001,0.00026249663903600004,0.0019483440099999998,1.7095411921,0.002708582773660001,0.00026249663903600004,2.5027912855148315
155,1656360000,3.77280094e-05,3.77280502e-05,-0.3674321690500001,34.029235451579,0.0686563711,0.00414181021,0.008298554699999999,0.00639621999,3.3174244790000015e-05,0.00033723848590000004,12.402097999999999,72.4,7.5678320699999994e-06,3.19372269e-06,1.34054343e-06,8.54938677e-07,6.64184926e-07,4.996585799999999e-07,4.3908034800000003e-07,3.7526101699999997e-07,8.160133929999999e-07,1.95561374e-07,2.9171300000000004e-06,79.0969691,34.9524636,8.576508419999999e-10,9.097804100000001,0.00151297223,0.1142251795,0.00018026195204,1.8392603262000002e-05,0.00155850437,0.1426318226,0.00018026195204,1.8392603262000002e-05,0.00149218966,0.27236373850000006,0.00018026195204,1.8392603262000002e-05,0.0017017694300000001,0.24023878299999998,0.00018026195204,1.8392603262000002e-05,2.5027214765548704
155,1656360600,2.3909481199999997e-05,2.39094916e-05,-0.0026350957154500005,0.05631005910000001,0.022927266199999997,0.00389444418,0.0080182737,0.00623067359,1.93618671e-06,1.62734733e-05,10.2342657,24.1,2.16247996e-06,2.0572925e-06,1.14018749e-06,7.799071159999999e-07,6.087864170000001e-07,5.019361949999999e-07,4.3417108500000005e-07,3.7610190799999997e-07,8.307357649999999e-07,1.95493182e-07,2.86758233e-06,83.6157782,43.6084221,4.39543473e-10,9.1787759,0.0014963581,0.10788457309999999,5.3368084400000004e-06,9.478350369999999e-07,0.00151986183,0.11289553749999999,5.3368084400000004e-06,9.478350369999999e-07,0.0012500210499999998,0.07661988150000001,5.3368084400000004e-06,9.478350369999999e-07,0.00156089993,0.11897814879999999,5.3368084400000004e-06,9.478350369999999e-07,2.5027867555618286
155,1656361200,3.6986017399999994e-05,3.69860273e-05,0.24519921438,26.779028007799997,0.0479035981,0.00401171352,0.0081597303,0.00633849679,3.743577641e-05,0.00037673117219999997,10.949300499999998,45.1,6.096787179999999e-06,4.06201744e-06,1.52726323e-06,9.355324520000002e-07,6.685944590000001e-07,5.14608723e-07,4.4676440899999996e-07,3.6683997e-07,8.216596490000001e-07,1.9678976200000001e-07,2.85610249e-06,80.69521799999998,39.349210799999994,8.389684940000001e-10,9.122771400000001,0.00150127997,0.12144344010000001,6.478529222e-05,6.62769937e-06,0.0015286986499999998,0.18073583000000001,6.478529222e-05,6.62769937e-06,0.0013434033599999998,0.1352936045,6.478529222e-05,6.62769937e-06,0.00169743535,0.35472417459999994,6.478529222e-05,6.62769937e-06,2.502834606170654
155,1656361800,2.4358772700000003e-05,2.4358778900000002e-05,0.03819612309999999,0.7355185812,0.0284264152,0.003918746369999999,0.0080458575,0.00626768961,2.92522421e-06,2.814583635e-05,10.4755245,30.8,2.31979285e-06,2.08871919e-06,1.1397573799999998e-06,8.348788140000001e-07,6.0197248e-07,5.06841223e-07,4.2392651e-07,3.67536362e-07,8.17162529e-07,1.95707979e-07,2.88305333e-06,83.7210121,43.1130921,4.51957104e-10,9.1775555,0.0015020466000000001,0.1097567164,1.186305748e-05,1.5220464299999999e-06,0.0015292797299999998,0.114313635,1.186305748e-05,1.5220464299999999e-06,0.0012531110400000002,0.08033486960000001,1.186305748e-05,1.5220464299999999e-06,0.0015749076299999998,0.12421295699999998,1.186305748e-05,1.5220464299999999e-06,2.5027695894241333
155,1656362400,2.36590443e-05,2.3659055600000002e-05,0.18045269651,3.4741708951,0.0328135786,0.00385406771,0.00791505442,0.00618233506,2.9357733399999998e-06,2.83399196e-05,9.5104894,26.0,2.10120813e-06,2.0314394500000003e-06,1.1456077200000001e-06,7.738988330000001e-07,6.348893419999999e-07,4.90514459e-07,4.22469473e-07,3.65683043e-07,8.01272776e-07,1.96043576e-07,2.8664397599999996e-06,83.846816,43.8685248,4.3417827000000004e-10,9.180254999999999,0.0014906802,0.1094291976,6.221657769999999e-06,9.9718241e-07,0.00150686892,0.1102310949,6.221657769999999e-06,9.9718241e-07,0.00121318693,0.0735166885,6.221657769999999e-06,9.9718241e-07,0.0015461178199999998,0.11920853360000001,6.221657769999999e-06,9.9718241e-07,2.5027151346206664
155,1656363000,2.86815398e-05,2.86815489e-05,1.28626157723,37.2699905107,0.052966461500000006,0.00394487047,0.00803616715,0.00623958446,1.964970221e-05,0.0001922299049,10.3601397,36.6,3.42776073e-06,2.5284428e-06,1.4046426e-06,9.285959480000002e-07,6.894407170000001e-07,5.38571307e-07,4.5873829900000007e-07,3.95388047e-07,8.550585890000001e-07,1.9468999099999997e-07,2.9193843500000006e-06,81.8727264,40.239446099999995,5.720906529999999e-10,9.1516987,0.00150119553,0.1194783616,4.334917852e-05,4.585059164e-06,0.0015359502699999997,0.133792929,4.334917852e-05,4.585059164e-06,0.00128407317,0.1076920897,4.334917852e-05,4.585059164e-06,0.0016054381499999999,0.1818023721,4.334917852e-05,4.585059164e-06,2.5027567386627196
155,1656363600,2.46509352e-05,2.4650942600000003e-05,0.61151551873,14.7893053208,0.037115016199999996,0.0038872864800000005,0.008001048899999998,0.0062215798600000006,3.44633915e-06,2.6147799299999996e-05,9.835664399999999,26.8,2.05680105e-06,2.1624114499999996e-06,1.1650696999999999e-06,8.71662351e-07,6.47046861e-07,5.4767599e-07,4.6266696e-07,4.1466388e-07,8.625330180000001e-07,1.96865976e-07,2.93789453e-06,83.384044,43.663487599999996,4.52272889e-10,9.178263849999999,0.00151530217,0.11771406740000001,6.921997250000001e-06,1.037114699e-06,0.0015338037400000003,0.1174598451,6.921997250000001e-06,1.037114699e-06,0.00118296909,0.0705710671,6.921997250000001e-06,1.037114699e-06,0.0015668772800000001,0.1209064345,6.921997250000001e-06,1.037114699e-06,2.502799081802368
155,1656364200,2.37214516e-05,2.3721464100000003e-05,0.006771393126000001,0.16613332725000002,0.022556696299999998,0.0038751204600000005,0.00797133345,0.0062120067200000005,2.50157432e-06,2.363570535e-05,10.048950999999999,37.9,2.11706026e-06,2.04795997e-06,1.1273059500000002e-06,7.793369299999999e-07,6.07046038e-07,5.06175922e-07,4.2476330199999996e-07,3.6289739299999997e-07,8.30447559e-07,1.9451082299999998e-07,2.8630855199999997e-06,83.7145208,43.7574312,4.34746781e-10,9.18062715,0.0014806250900000002,0.10706716220000001,6.69705529e-06,1.027802415e-06,0.00150715955,0.1105304734,6.69705529e-06,1.027802415e-06,0.0012163065,0.0736711181,6.69705529e-06,1.027802415e-06,0.00155315704,0.11990565,6.69705529e-06,1.027802415e-06,2.50273711681366
155,1656364800,6.54680726e-05,6.54680888e-05,-0.20329098099999995,16.8656987595,0.06409767450000001,0.00518830543,0.01057641,0.00800067212,5.8615088399999994e-05,0.0005352071157999999,27.447552199999997,88.8,1.731214249e-05,6.602803930000001e-06,1.8094458900000004e-06,1.0269709859999999e-06,6.74799188e-07,5.541805440000001e-07,4.4643843699999996e-07,3.95915981e-07,8.340474199999999e-07,1.90908562e-07,2.8863421300000004e-06,75.28258620000001,30.7634658,1.7491074639999998e-09,9.00823085,0.00157988845,0.1275919315,0.00017593676557000002,2.1965222117e-05,0.0018654233699999998,0.22854939999999999,0.00017593676557000002,2.1965222117e-05,0.00242680391,0.6295817680000001,0.00017593676557000002,2.1965222117e-05,0.0024410432200000004,0.6118481769999999,0.00017593676557000002,2.1965222117e-05,2.5034480571746824
155,1656365400,4.98607889e-05,4.986083520000001e-05,-0.42771023143000014,11.491414083513002,0.0436335394,0.004600226860000001,0.009270268,0.00708900366,4.0043556170000004e-05,0.0002624528151,19.5524476,75.2,1.229757719e-05,4.415163139999999e-06,1.52012494e-06,8.78340239e-07,6.40651745e-07,5.334835150000001e-07,4.21061536e-07,3.73033286e-07,8.01469542e-07,1.96534533e-07,2.85294898e-06,77.74730299999999,33.003481550000004,1.258520713e-09,9.059879800000001,0.0015392439699999998,0.11806903440000001,0.00034270249996,3.4857032374e-05,0.0016714229899999998,0.1721566295,0.00034270249996,3.4857032374e-05,0.00198183814,0.524025391,0.00034270249996,3.4857032374e-05,0.00204149189,0.342904967,0.00034270249996,3.4857032374e-05,2.5021689176559447
155,1656366000,2.50096191e-05,2.5009624799999997e-05,-0.018153263750000002,0.625996831925,0.0238968521,0.00395243414,0.0081242712,0.0063074149300000005,4.08020289e-06,3.8751339700000004e-05,11.13811175,43.8,2.6102403699999997e-06,2.19064488e-06,1.1378996799999998e-06,7.96402699e-07,6.128622780000001e-07,4.96799642e-07,4.32126966e-07,3.6414102e-07,8.085024479999998e-07,1.9470557899999998e-07,2.8604208199999995e-06,83.1971111,41.90613810000001,4.73414818e-10,9.1685646,0.0014962540100000002,0.108483044,1.9762417869999997e-05,2.4327234939999995e-06,0.00154304306,0.11500803550000001,1.9762417869999997e-05,2.4327234939999995e-06,0.0013194124300000003,0.0952204531,1.9762417869999997e-05,2.4327234939999995e-06,0.00160946882,0.13095190090000003,1.9762417869999997e-05,2.4327234939999995e-06,2.5027976989746095
155,1656366600,2.4378589100000002e-05,2.4378601299999998e-05,0.01955459734,0.9454862763499999,0.023930225399999998,0.0039154355799999995,0.0080360591,0.00628957415,3.9957678e-06,3.967070655e-05,10.223775999999999,30.9,2.3310424000000003e-06,2.12186495e-06,1.16153701e-06,8.00219592e-07,6.181793630000001e-07,4.99561292e-07,4.2166804700000005e-07,3.7257277200000006e-07,7.98441995e-07,1.94827005e-07,2.86936658e-06,83.3028695,42.7739161,4.5390219699999995e-10,9.174090750000001,0.00150429506,0.11078734009999999,8.02326532e-06,1.2325037589999998e-06,0.0015097836100000002,0.112869971,8.02326532e-06,1.2325037589999998e-06,0.0012871134,0.08287230419999998,8.02326532e-06,1.2325037589999998e-06,0.0015771936699999999,0.1250897749,8.02326532e-06,1.2325037589999998e-06,2.5027805089950563
155,1656367200,2.3849201500000003e-05,2.3849205400000002e-05,0.0057074771085,0.04120879813,0.022422026700000004,0.0038939123300000002,0.008042802299999999,0.00625583614,1.86509294e-06,1.60429852e-05,10.2744754,23.5,2.2320716899999998e-06,2.0306947e-06,1.1142046900000001e-06,7.71992029e-07,6.299727649999999e-07,5.019782980000001e-07,4.17666467e-07,3.6613916399999995e-07,7.958231359999999e-07,1.91842769e-07,2.87215174e-06,83.89467800000001,43.570792600000004,4.38783622e-10,9.180779049999998,0.00148654868,0.107337448,5.26252916e-06,9.74190725e-07,0.00151513741,0.11068991050000002,5.26252916e-06,9.74190725e-07,0.0012612961199999998,0.0773170495,5.26252916e-06,9.74190725e-07,0.0015761731799999999,0.11998813600000002,5.26252916e-06,9.74190725e-07,2.5027864933013917
155,1656367800,2.4247570099999998e-05,2.42475752e-05,0.02831601031,0.18590475695,0.0276531573,0.00392083553,0.008093080749999999,0.00628954858,2.12591017e-06,1.89440953e-05,10.508741100000002,26.4,2.2633500199999998e-06,2.1242502400000005e-06,1.1383307799999998e-06,8.21201548e-07,6.06432717e-07,5.06621341e-07,4.21257849e-07,3.7097455899999996e-07,8.11095198e-07,1.9306386600000003e-07,2.8671551899999997e-06,83.3956276,43.0499359,4.4913998499999995e-10,9.1760654,0.0014945146399999998,0.10823489260000001,6.07215005e-06,1.007655652e-06,0.00152433061,0.11340992489999999,6.07215005e-06,1.007655652e-06,0.0012480959300000003,0.0768849144,6.07215005e-06,1.007655652e-06,0.0016285932199999998,0.1289427525,6.07215005e-06,1.007655652e-06,2.5028119564056395
155,1656368400,2.6438311500000005e-05,2.6438365e-05,-0.00204380599,0.36340402759999996,0.0248272411,0.00403298943,0.008317321249999999,0.00644707677,4.15893784e-06,3.3620956750000006e-05,12.3811189,44.4,3.25409138e-06,2.2199389299999997e-06,1.18266371e-06,8.222246120000001e-07,5.954527609999999e-07,4.922556299999999e-07,4.1494197100000004e-07,3.62337298e-07,8.109236939999999e-07,1.93800036e-07,2.8704647799999996e-06,82.71289440000001,41.002860299999995,5.16629373e-10,9.161841599999999,0.0014984968399999999,0.10898172349999999,2.1140957660000004e-05,2.9076731899999997e-06,0.0015489642400000002,0.1176037731,2.1140957660000004e-05,2.9076731899999997e-06,0.001382071,0.12273454149999999,2.1140957660000004e-05,2.9076731899999997e-06,0.0016502113199999998,0.1391384366,2.1140957660000004e-05,2.9076731899999997e-06,2.5027036666870117
155,1656369000,2.3880286e-05,2.3880302900000002e-05,0.07324927753160002,2.7771058372699997,0.03598206999999999,0.003884382,0.007992856500000001,0.0062258834800000004,2.41773765e-06,2.347229715e-05,9.872377700000001,27.9,2.12977304e-06,2.07282093e-06,1.1573047599999998e-06,7.836072890000001e-07,6.04942997e-07,4.9818725e-07,4.2658726600000005e-07,3.72939711e-07,8.245087880000001e-07,1.9884295500000002e-07,2.87060843e-06,83.7148272,43.63030309999999,4.3855448800000006e-10,9.179970399999998,0.00148426279,0.10683064989999999,8.56411228e-06,1.1514641189999999e-06,0.0015178617699999999,0.11197100809999998,8.56411228e-06,1.1514641189999999e-06,0.00123539505,0.0759503529,8.56411228e-06,1.1514641189999999e-06,0.0015636158100000002,0.1190027074,8.56411228e-06,1.1514641189999999e-06,2.502775049209595
155,1656369600,2.8203152500000005e-05,2.8203157299999995e-05,0.6036315011033999,13.690719573139997,0.0433695566,0.003980257470000001,0.008112906449999999,0.00630268838,1.2232785140000002e-05,0.00011423022229999999,10.9423077,45.0,3.87966919e-06,2.5067364199999996e-06,1.14271157e-06,7.985090240000001e-07,6.219341859999998e-07,4.98601971e-07,4.18222146e-07,3.7499565900000004e-07,7.921617940000001e-07,1.9146393699999998e-07,2.8765087900000002e-06,82.1317746,39.9344569,5.71444367e-10,9.148202000000001,0.00149404604,0.1087874856,7.448706718000001e-05,7.555772159000002e-06,0.0015339170900000002,0.12484716249999998,7.448706718000001e-05,7.555772159000002e-06,0.00132756513,0.136478239,7.448706718000001e-05,7.555772159000002e-06,0.0016268856200000001,0.16935945540000003,7.448706718000001e-05,7.555772159000002e-06,2.5027567386627196
155,1656370200,2.4083885900000002e-05,2.4083892699999998e-05,-0.002793489509999999,0.0160119527,0.020335232600000003,0.0039134539300000005,0.0080554445,0.006284652050000001,1.9115155600000008e-06,1.61479555e-05,10.3601402,24.7,2.32180554e-06,2.0572281999999998e-06,1.12153638e-06,7.7137277e-07,6.172928329999999e-07,5.04025808e-07,4.17582581e-07,3.5240515400000007e-07,8.122491490000001e-07,1.98626893e-07,2.86769243e-06,83.8212826,43.249402499999995,4.4607580600000005e-10,9.1777276,0.00149174902,0.1078122945,5.85079139e-06,1.0205924469999998e-06,0.00152112811,0.11159748820000001,5.85079139e-06,1.0205924469999998e-06,0.0012691348299999998,0.0800586037,5.85079139e-06,1.0205924469999998e-06,0.0015921627,0.122865153,5.85079139e-06,1.0205924469999998e-06,2.502754330635071
155,1656370800,2.46128743e-05,2.4612884199999995e-05,0.18692621358,4.552149270270001,0.03684470199999999,0.0039274073399999995,0.008049009899999997,0.006275313460000001,3.1644680400000005e-06,2.9263927349999997e-05,10.5419581,34.7,2.44530363e-06,2.11583114e-06,1.14115168e-06,7.94853768e-07,6.311267739999999e-07,4.955070430000001e-07,4.26863044e-07,3.66625496e-07,8.159835349999999e-07,1.9731931200000001e-07,2.87581614e-06,83.4826905,42.6472615,4.60688759e-10,9.1729296,0.00150887007,0.11153508349999999,1.1404427920000002e-05,1.489892935e-06,0.00151032241,0.1114332219,1.1404427920000002e-05,1.489892935e-06,0.00128996704,0.0839115161,1.1404427920000002e-05,1.489892935e-06,0.00160551683,0.129772735,1.1404427920000002e-05,1.489892935e-06,2.5027699947357176
155,1656371400,2.5031090200000004e-05,2.5031095700000003e-05,0.8362468555239999,28.31533626601,0.040964619,0.0038984671700000003,0.0080021807,0.0062394382,7.120334199999999e-06,7.31880404e-05,10.0262237,32.3,2.2850937e-06,2.26246833e-06,1.2170535e-06,8.374228660000001e-07,6.40668843e-07,5.37019551e-07,4.5118500099999987e-07,3.84839874e-07,8.379626339999998e-07,1.9441189899999999e-07,2.8673567399999996e-06,83.0294849,42.7442609,4.69559753e-10,9.1711144,0.0014916327900000002,0.11805295760000001,9.58120556e-06,1.322108537e-06,0.00153474012,0.1238482981,9.58120556e-06,1.322108537e-06,0.00122441634,0.07718881699999999,9.58120556e-06,1.322108537e-06,0.00157190117,0.12784231799999998,9.58120556e-06,1.322108537e-06,2.502754259109497
155,1656372000,2.39692635e-05,2.39692745e-05,0.07697982719999999,0.7008217861999999,0.0274942941,0.00388727199,0.0080227013,0.00624859504,3.1600577700000004e-06,3.07869641e-05,10.164335699999999,28.6,2.23564755e-06,2.04361571e-06,1.11863307e-06,7.847133440000001e-07,6.10830115e-07,4.92652287e-07,4.2579443599999995e-07,3.69393105e-07,8.24814606e-07,1.97635771e-07,2.8808057700000004e-06,83.6775445,43.533426299999995,4.4099998900000004e-10,9.180234849999998,0.0014827004,0.10792283350000001,1.430058027e-05,1.6800740799999998e-06,0.0015013910199999998,0.1103928116,1.430058027e-05,1.6800740799999998e-06,0.00122377647,0.0775188783,1.430058027e-05,1.6800740799999998e-06,0.0015727919900000002,0.1216443509,1.430058027e-05,1.6800740799999998e-06,2.5027541399002073
155,1656372600,7.306489630000002e-05,7.3064908e-05,-0.16757732044999998,39.159935122499995,0.07434902410000001,0.00431927543,0.00857096914,0.00659806259,0.00020835002684,0.0022113704858500003,13.896853250000001,57.5,2.0453830350000003e-05,7.62469111e-06,1.6082872400000002e-06,9.8325552e-07,6.69003211e-07,5.24393114e-07,4.35880423e-07,3.64129504e-07,8.06814938e-07,1.96238798e-07,2.86582696e-06,77.69910259999999,35.2564307,2.0156571509999997e-09,9.04587575,0.0015161317800000001,0.11175330200000003,0.0007674623047800001,7.5827040941e-05,0.00159869416,0.23266609670000005,0.0007674623047800001,7.5827040941e-05,0.0016381354500000001,0.7741677381000001,0.0007674623047800001,7.5827040941e-05,0.0018739328200000002,0.702398261,0.0007674623047800001,7.5827040941e-05,2.502883267402649
155,1656373200,2.47454486e-05,2.4745461100000004e-05,0.0246638537,0.36682655100000006,0.0249170785,0.0039444080800000005,0.00816844665,0.00633447887,2.86893175e-06,2.6667597399999997e-05,11.0384615,33.9,2.5967594699999996e-06,2.10984378e-06,1.11338668e-06,7.96977283e-07,6.12380818e-07,5.02837149e-07,4.27417299e-07,3.73597078e-07,7.946376459999999e-07,1.9478527599999998e-07,2.8500705799999996e-06,83.283953,42.258105799999996,4.66714975e-10,9.1710448,0.00148658699,0.10816547670000001,9.754089219999998e-06,1.4736354119999999e-06,0.0015325703900000002,0.11298577929999998,9.754089219999998e-06,1.4736354119999999e-06,0.00131090789,0.0910284261,9.754089219999998e-06,1.4736354119999999e-06,0.0016230162200000001,0.13009775,9.754089219999998e-06,1.4736354119999999e-06,2.5026265144348145
155,1656373800,3.9180988099999995e-05,3.91809939e-05,0.37646774740000005,27.794006052500002,0.05387589190000001,0.0039800693699999995,0.00805671335,0.006283731400000001,6.761750738000001e-05,0.00071842393665,10.03846155,31.2,7.44010274e-06,4.2378287100000005e-06,1.3239504799999999e-06,8.20595692e-07,6.23046e-07,5.09496384e-07,4.1986365399999997e-07,3.65429008e-07,8.027947150000001e-07,1.9358643699999997e-07,2.8536872500000004e-06,81.1331604,40.29602870000001,9.22970005e-10,9.1212006,0.0015039416799999998,0.11392006540000002,8.776665752000001e-05,8.996624239e-06,0.00151305441,0.1411149357,8.776665752000001e-05,8.996624239e-06,0.0012999593199999999,0.1485472103,8.776665752000001e-05,8.996624239e-06,0.00164887209,0.45029782260000006,8.776665752000001e-05,8.996624239e-06,2.502781128883362
155,1656374400,2.4243919000000002e-05,2.4243927200000004e-05,0.21981272688,5.006783579993001,0.03952346290000001,0.003906474029999999,0.00804469715,0.00624671898,2.88609448e-06,2.8442392799999998e-05,10.344405349999999,25.2,2.1772594100000002e-06,2.1258536899999998e-06,1.1507294299999999e-06,7.898844340000001e-07,6.15376575e-07,5.135266339999999e-07,4.34005782e-07,3.7007881500000003e-07,8.23764797e-07,1.96904125e-07,2.9245304700000003e-06,83.8113069,43.634237999999996,4.4497246e-10,9.1809828,0.00148663589,0.10852064880000001,6.059487299999999e-06,1.000106572e-06,0.00151482229,0.11312815559999997,6.059487299999999e-06,1.000106572e-06,0.00125081879,0.07669963059999999,6.059487299999999e-06,1.000106572e-06,0.00159374208,0.12289919249999999,6.059487299999999e-06,1.000106572e-06,2.502784180641174
155,1656375000,2.4055819900000004e-05,2.40558281e-05,0.07813122541,0.9151673082999998,0.0250940916,0.0038823663,0.008014420599999999,0.006240426500000001,3.1301138800000003e-06,3.0741733500000006e-05,10.326923000000003,33.5,2.28390898e-06,2.06460899e-06,1.1381676299999999e-06,7.703734919999999e-07,6.053220919999999e-07,5.05672201e-07,4.1287973399999996e-07,3.6635932500000005e-07,8.18156611e-07,1.9727779699999998e-07,2.86506992e-06,83.7514963,43.369169299999996,4.4489604600000004e-10,9.1783967,0.0014960166499999998,0.1083288506,1.1859399540000002e-05,1.591490668e-06,0.00150196479,0.1094443052,1.1859399540000002e-05,1.591490668e-06,0.0012474687499999999,0.0830422097,1.1859399540000002e-05,1.591490668e-06,0.0015443303899999998,0.1202796079,1.1859399540000002e-05,1.591490668e-06,2.5027816534042358
155,1656375600,2.4893564400000003e-05,2.4893569799999996e-05,-0.0022508477999999997,0.53967658045,0.0248531738,0.00395277618,0.00815266615,0.00634429029,3.64335031e-06,3.5204374699999995e-05,10.9982519,38.1,2.54921055e-06,2.1669164499999997e-06,1.13917811e-06,7.746656570000001e-07,6.2249532e-07,4.97910667e-07,4.2210925499999996e-07,3.7971987300000003e-07,8.23761038e-07,1.9922747400000001e-07,2.8714487400000004e-06,83.2181846,42.14461899999999,4.68531509e-10,9.170314350000002,0.0014882601399999998,0.1074370139,2.228434891e-05,2.55165071e-06,0.00154228157,0.11542764949999999,2.228434891e-05,2.55165071e-06,0.00131129126,0.0940811926,2.228434891e-05,2.55165071e-06,0.0016007635299999999,0.126563031,2.228434891e-05,2.55165071e-06,2.5028274297714233
155,1656376200,0.00010615238350000001,0.0001061526131,0.0015846455970000006,0.6069111473600001,0.039867667800000006,0.006184535229999999,0.01327707115,0.009974187380000001,3.233847238e-05,0.00017479607495,34.314686200000004,66.1,3.208169044e-05,1.0922667279999998e-05,2.67743224e-06,1.2885476380000003e-06,7.61500473e-07,5.801514940000001e-07,4.7555991000000005e-07,3.8510303899999993e-07,8.27454742e-07,1.9825637e-07,2.8780013299999998e-06,76.0733166,35.249925940000004,3.09537091e-09,9.00426645,0.0016974625800000001,0.1526307905,0.00012249127402,2.0312314019999997e-05,0.0021792249100000003,0.359692393,0.00012249127402,2.0312314019999997e-05,0.0030674814599999994,1.244522909,0.00012249127402,2.0312314019999997e-05,0.0030024684,0.9942274059999999,0.00012249127402,2.0312314019999997e-05,2.5028612852096557
155,1656376800,9.13023876e-05,9.13025123e-05,0.044222693610199995,2.81390353159,0.0546500186,0.006166766010000001,0.0130529858,0.009358454890000001,5.00786719e-05,0.00034138978300000006,39.375874499999995,126.0,2.923978541e-05,7.94463547e-06,1.6864035499999996e-06,9.318693970000002e-07,6.543720540000001e-07,5.1306755e-07,4.4564927999999995e-07,3.6961308700000007e-07,8.08040565e-07,1.9306110099999998e-07,2.86470031e-06,72.6612217,25.8768422,2.6064255300000002e-09,8.932931700000001,0.0015919700499999999,0.12525153839999997,0.00024325003470000007,3.362961833e-05,0.0019920244599999997,0.24639096289999998,0.00024325003470000007,3.362961833e-05,0.0033811779399999992,1.1689003470000001,0.00024325003470000007,3.362961833e-05,0.00298887269,0.791860608,0.00024325003470000007,3.362961833e-05,2.5026749849319456
155,1656377400,2.81096797e-05,2.8109683099999998e-05,-0.026654248359999994,2.5580885322,0.028371962100000002,0.00414539398,0.00850400645,0.00662077923,6.580539319999999e-06,6.18984121e-05,13.416083800000001,47.6,3.96213107e-06,2.3440743199999997e-06,1.19716591e-06,7.703639650000001e-07,6.18928813e-07,5.05007945e-07,4.20300624e-07,3.64087615e-07,8.255174449999999e-07,1.97990004e-07,2.8492159099999997e-06,81.75964460000002,38.0982575,5.66272578e-10,9.14431205,0.0014944659099999998,0.10874699319999999,3.783501022999999e-05,4.27654106e-06,0.00155799404,0.1176892563,3.783501022999999e-05,4.27654106e-06,0.00160231707,0.14870374939999997,3.783501022999999e-05,4.27654106e-06,0.0017634625999999997,0.161481802,3.783501022999999e-05,4.27654106e-06,2.5026973724365233
155,1656378000,2.6341571e-05,2.63415792e-05,-0.004586320896999998,0.16910589837600004,0.0248999037,0.00409310497,0.0084348004,0.006572675629999999,2.5910732e-06,2.33651733e-05,12.6555943,32.9,3.12714293e-06,2.2770790400000004e-06,1.14001591e-06,8.323316569999999e-07,6.175298810000001e-07,5.09662132e-07,4.21978678e-07,3.67825905e-07,8.13730323e-07,1.93315822e-07,2.8701416000000004e-06,82.2918441,39.8949217,5.10962672e-10,9.1572292,0.00151648683,0.11213817590000001,9.08593208e-06,1.5184277699999999e-06,0.0015495688099999999,0.11609211240000002,9.08593208e-06,1.5184277699999999e-06,0.0015001416600000002,0.11193752159999999,9.08593208e-06,1.5184277699999999e-06,0.00173781959,0.14631497499999999,9.08593208e-06,1.5184277699999999e-06,2.502760124206543
155,1656378600,3.41121948e-05,3.4112208400000003e-05,0.65194811617,31.601826013599997,0.0719146133,0.00420295674,0.008549627600000002,0.00663467993,2.5196179439999996e-05,0.0002559552257,13.909091,58.7,5.681845209999999e-06,2.7752605299999997e-06,1.4029627500000001e-06,9.74028738e-07,7.24255073e-07,5.820433710000001e-07,4.83926435e-07,3.95116194e-07,8.67750518e-07,1.96770579e-07,2.97195327e-06,79.8092,36.308285700000006,7.33354072e-10,9.11841575,0.00153812397,0.134816101,0.00013112934274999997,1.395157261e-05,0.00158564557,0.13782243379999998,0.00013112934274999997,1.395157261e-05,0.0016125029400000002,0.2410776585,0.00013112934274999997,1.395157261e-05,0.0017830576200000003,0.1804701104,0.00013112934274999997,1.395157261e-05,2.502784276008606
155,1656379200,0.00010477214449999998,0.0001047721521,0.1568442729,11.815700336339999,0.0733215205,0.00453101395,0.008701169,0.006687587890000001,0.00013540744098,0.0009497308329,14.272727399999999,53.9,3.631905319000001e-05,7.93587221e-06,1.39769374e-06,9.237576790000001e-07,6.23916213e-07,5.07271695e-07,4.3105934100000004e-07,3.6365514099999997e-07,8.21010684e-07,1.9127078700000004e-07,2.87145303e-06,78.25622569999999,35.80355573,3.1154120060000004e-09,9.040496000000001,0.00152159629,0.124509476,0.00081723004784,8.964428398000001e-05,0.0016116516899999998,0.1930462275,0.00081723004784,8.964428398000001e-05,0.00187680076,1.1741099605,0.00081723004784,8.964428398000001e-05,0.0020335009300000003,1.23680627,0.00081723004784,8.964428398000001e-05,2.5027719020843504
155,1656379800,3.6652460900000004e-05,3.6652483799999995e-05,0.5455939003000001,20.132142478360002,0.05720113740000001,0.0042139188800000005,0.008541076649999998,0.00665051421,4.665796402e-05,0.0004953124417000001,13.706293800000001,45.4,7.000345500000001e-06,3.38792764e-06,1.23329324e-06,8.51292681e-07,6.38113207e-07,5.133654429999999e-07,4.15695667e-07,3.67487681e-07,8.322293540000001e-07,1.9259032899999998e-07,2.89380589e-06,80.02988590000001,36.472555899999996,8.32997813e-10,9.110972850000001,0.00151928482,0.11226322509999997,0.00013424963856,1.700428375e-05,0.00159800935,0.136553525,0.00013424963856,1.700428375e-05,0.0016224747600000003,0.2835956884,0.00013424963856,1.700428375e-05,0.00181535345,0.244896764,0.00013424963856,1.700428375e-05,2.5027245044708253
155,1656380400,2.75351175e-05,2.75351274e-05,0.0010619139000000006,0.05518534312999999,0.0226533019,0.00417741217,0.0086086542,0.006711137730000001,2.8402106000000007e-06,2.2446815599999997e-05,14.370629500000001,36.4,3.5022025100000005e-06,2.4413974300000002e-06,1.1815166600000001e-06,8.32517536e-07,6.23956863e-07,5.137503530000001e-07,4.23754527e-07,3.6927024699999997e-07,8.013909300000001e-07,1.9735571e-07,2.88038967e-06,81.83813010000001,38.5611087,5.454532439999999e-10,9.148741800000002,0.00151131255,0.1108573138,9.5438049e-06,1.57518746e-06,0.00158063051,0.1206448484,9.5438049e-06,1.57518746e-06,0.0015745375699999999,0.12266969620000001,9.5438049e-06,1.57518746e-06,0.00182843921,0.16606594,9.5438049e-06,1.57518746e-06,2.502739500999451
155,1656381000,2.73276397e-05,2.73276547e-05,0.35229347914,6.949809470030002,0.060856087999999996,0.00413238778,0.00849853295,0.0066299631,3.4735677499999994e-06,3.22216247e-05,13.323426549999999,38.1,3.25640816e-06,2.4194182200000005e-06,1.18752062e-06,8.28472002e-07,6.44928249e-07,5.168365079999999e-07,4.4127984000000005e-07,4.062732289999999e-07,8.349338970000001e-07,1.96430145e-07,2.93123904e-06,81.8395184,39.3477275,5.33584216e-10,9.15337265,0.00150610417,0.11309702479999999,9.87333652e-06,1.5682214199999999e-06,0.00156845902,0.12221768390000001,9.87333652e-06,1.5682214199999999e-06,0.0015791288,0.12108422910000001,9.87333652e-06,1.5682214199999999e-06,0.0017545498200000002,0.149641454,9.87333652e-06,1.5682214199999999e-06,2.5028197526931764
155,1656381600,2.80872163e-05,2.80872244e-05,0.52924258233,12.781222811245,0.050525208200000005,0.004113993450000001,0.00844854855,0.00655362028,9.70109203e-06,9.931042670000001e-05,13.0349649,40.7,3.46428166e-06,2.57735353e-06,1.2391124900000001e-06,8.305664099999998e-07,6.415182969999999e-07,5.404121959999999e-07,4.28298302e-07,3.7362336499999996e-07,8.42530757e-07,2.00605266e-07,2.9052006000000002e-06,81.6332075,38.85531490000001,5.566138040000001e-10,9.14785565,0.00149769638,0.1131262454,3.723963174e-05,4.13174074e-06,0.0015516896,0.11994076170000001,3.723963174e-05,4.13174074e-06,0.0015716598200000002,0.1383159745,3.723963174e-05,4.13174074e-06,0.0017276065,0.157264806,3.723963174e-05,4.13174074e-06,2.502727913856506
155,1656382200,0.00011348407770000001,0.0001134841904,-0.04013473138,1.1878725087999997,0.0495305078,0.00747202342,0.015549899900000002,0.01163854395,3.5060996400000004e-05,0.00022671829979999998,60.454546099999995,121.3,3.3486940309999993e-05,1.2946817750000001e-05,2.79610787e-06,1.316054341e-06,8.33438289e-07,5.800519129999999e-07,4.62013075e-07,3.93001866e-07,8.456232129999999e-07,1.96062886e-07,2.8859706300000004e-06,68.5219974,22.4403673,3.277225996e-09,8.85672075,0.0017612089400000004,0.157816404,0.0001325917586,2.0952621189999997e-05,0.00252707415,0.3858500834,0.0001325917586,2.0952621189999997e-05,0.00424214615,1.293405298,0.0001325917586,2.0952621189999997e-05,0.003998897459999999,1.119175199,0.0001325917586,2.0952621189999997e-05,2.502831554412842
155,1656382800,3.24194773e-05,3.24194951e-05,0.9867242812500002,30.7057678522,0.0508626574,0.004381027460000001,0.0090198514,0.00697958204,1.323791735e-05,0.00013132817370000002,17.4895105,55.2,4.65481731e-06,3.10831795e-06,1.4530762000000002e-06,9.531932990000002e-07,6.99109906e-07,5.549357850000001e-07,4.7184272700000007e-07,3.7966004300000005e-07,8.42862116e-07,1.9721330599999998e-07,2.8946586700000002e-06,79.6024455,35.207147299999995,6.828419009999999e-10,9.117963399999999,0.00151933243,0.119451638,1.9988168000000002e-05,2.8575448699999997e-06,0.0016555963900000002,0.1628901676,1.9988168000000002e-05,2.8575448699999997e-06,0.00178416351,0.16899565700000002,1.9988168000000002e-05,2.8575448699999997e-06,0.00196144257,0.202725734,1.9988168000000002e-05,2.8575448699999997e-06,2.5028148889541626
155,1656383400,3.2794516e-05,3.27945501e-05,-0.06020191585000001,1.9406986866,0.0353469191,0.00444190526,0.00915779755,0.007042919360000001,8.98092273e-06,8.113265279999999e-05,18.045454400000004,62.4,5.60868692e-06,2.90941338e-06,1.26645001e-06,8.07763312e-07,6.16391843e-07,5.096076679999999e-07,4.41272646e-07,3.6881087599999993e-07,8.00595979e-07,1.93119332e-07,2.8750969e-06,79.66494999999999,33.573340400000006,7.04652539e-10,9.11201175,0.0015026354999999997,0.1105334802,4.11177728e-05,5.16085169e-06,0.0016337762200000002,0.13309643499999999,4.11177728e-05,5.16085169e-06,0.0019059907599999998,0.214931472,4.11177728e-05,5.16085169e-06,0.0019728012,0.208045386,4.11177728e-05,5.16085169e-06,2.5027651309967043
155,1656384000,6.786106829999998e-05,6.786118640000002e-05,-0.21202362939999997,11.986950049999999,0.06839296539999999,0.0055878312,0.01133451815,0.008368879640000002,4.94704301e-05,0.00040598417049999994,33.1748243,120.3,1.89504163e-05,6.57022001e-06,1.64781077e-06,9.10159347e-07,6.436149200000001e-07,5.336460769999999e-07,4.4048443100000007e-07,3.68737723e-07,8.00636355e-07,1.95341288e-07,2.8695160100000005e-06,71.50474790000001,20.067807800000004,1.8076042830000001e-09,8.935527050000001,0.0015570363600000002,0.1244304611,0.00016488889210000002,2.182445785e-05,0.0018281677,0.21589654600000002,0.00016488889210000002,2.182445785e-05,0.0030746890499999996,0.728440132,0.00016488889210000002,2.182445785e-05,0.00273231151,0.5912822149999999,0.00016488889210000002,2.182445785e-05,2.502869963645935
155,1656384600,4.95406264e-05,4.9540660799999995e-05,0.09711564723999999,19.5392021773,0.05424317050000001,0.00492187449,0.010190582099999998,0.0076882696099999995,4.511939668e-05,0.00043569162120000006,25.566433699999997,92.7,1.2110102110000001e-05,4.58133943e-06,1.37060863e-06,8.77286939e-07,6.381464710000001e-07,5.07864622e-07,4.3651241100000005e-07,3.71520729e-07,8.291194160000001e-07,1.9865612000000001e-07,2.84909008e-06,75.9263508,28.0808358,1.234554327e-09,9.02745725,0.0015370997000000001,0.1162953166,0.00015116846797000002,1.9434759949999997e-05,0.0017235679400000002,0.1562901179,0.00015116846797000002,1.9434759949999997e-05,0.0023485876599999996,0.4956928854000001,0.00015116846797000002,1.9434759949999997e-05,0.00230502974,0.378433637,0.00015116846797000002,1.9434759949999997e-05,2.5028111219406126
155,1656385200,2.8651446300000002e-05,2.8651458100000005e-05,-0.0005674088699999996,0.28724132040000006,0.0242237155,0.00424648781,0.0088119124,0.0068005435999999985,3.6522188099999998e-06,3.2201121300000005e-05,15.4195806,41.9,3.98708519e-06,2.52229114e-06,1.2130106699999998e-06,8.160889919999999e-07,6.29236439e-07,5.18306799e-07,4.0859003599999995e-07,3.7265134100000004e-07,7.96011056e-07,1.91356402e-07,2.87099677e-06,81.212905,37.1027212,5.78970812e-10,9.139496099999999,0.00152053295,0.112342126,1.5267502249999997e-05,2.2571892e-06,0.0015964650299999997,0.124263503,1.5267502249999997e-05,2.2571892e-06,0.0017292723700000003,0.150854812,1.5267502249999997e-05,2.2571892e-06,0.0018220056699999997,0.16531127199999998,1.5267502249999997e-05,2.2571892e-06,2.5026546239852907
155,1656385800,3.42547477e-05,3.42548241e-05,-0.11181103877000001,5.952825117270001,0.0364085687,0.00447168039,0.0091658435,0.00709461477,1.4405674899999998e-05,0.0001414212937,18.536713400000004,70.9,6.167467180000001e-06,3.07817694e-06,1.2818985799999999e-06,8.1567324e-07,6.14836712e-07,5.115974679999999e-07,4.220294e-07,3.70953367e-07,8.00292823e-07,1.98434362e-07,2.8660456300000003e-06,79.3850245,33.0526796,7.5177035e-10,9.102293299999998,0.0015162139599999998,0.1112592891,7.828190236e-05,9.18935181e-06,0.0016666282299999998,0.13977207539999997,7.828190236e-05,9.18935181e-06,0.0019149482300000002,0.2546418026,7.828190236e-05,9.18935181e-06,0.0019809921199999995,0.20604079,7.828190236e-05,9.18935181e-06,2.5027002096176147
155,1656386400,4.20041548e-05,4.2004162399999996e-05,-0.16773833368,12.397380523200003,0.0463563418,0.0045821477499999996,0.0092250332,0.007098096820000001,2.9567320090000007e-05,0.00025564427210000005,18.9562941,81.3,9.67280626e-06,3.3530614e-06,1.3225141100000002e-06,8.333345929999999e-07,6.20031012e-07,5.073929069999999e-07,4.33666822e-07,3.81099076e-07,8.130791099999999e-07,1.95975109e-07,2.86901023e-06,77.7415666,30.0984307,9.996156170000002e-10,9.06306025,0.00152054329,0.11380731859999997,0.00021816744425000008,2.3924420800000002e-05,0.00164960646,0.142451314,0.00021816744425000008,2.3924420800000002e-05,0.0020555038799999997,0.40578210060000003,0.00021816744425000008,2.3924420800000002e-05,0.0020288765300000003,0.270982713,0.00021816744425000008,2.3924420800000002e-05,2.5027454614639284
155,1656387000,3.65332605e-05,3.65332725e-05,-0.15148628062999997,4.9131376515000005,0.0378691883,0.00450119608,0.0091799774,0.00705183808,1.7516012289999997e-05,0.0001523030412,18.6643359,87.7,7.281534120000001e-06,3.1158343599999996e-06,1.22912926e-06,8.2875576e-07,6.272079410000001e-07,5.06440783e-07,4.2542722699999996e-07,3.61607262e-07,8.161706520000001e-07,1.93561075e-07,2.88086475e-06,78.7319774,31.5316812,8.24230672e-10,9.08704335,0.0015047065600000001,0.1108625679,7.057657236000001e-05,9.34491142e-06,0.0016316425300000003,0.132857819,7.057657236000001e-05,9.34491142e-06,0.00195161107,0.27306245999999995,7.057657236000001e-05,9.34491142e-06,0.00201452555,0.258927941,7.057657236000001e-05,9.34491142e-06,2.502776551246643
155,1656387600,3.573764e-05,3.5737651100000006e-05,0.061421812740000005,2.4419672015000002,0.0390984461,0.004646026100000001,0.0095445797,0.007382837789999999,9.25032221e-06,8.3048297e-05,21.5664335,64.9,6.4304416000000004e-06,3.43377302e-06,1.32289499e-06,8.486029730000001e-07,6.47792588e-07,5.024286619999999e-07,4.3004192e-07,3.7887414000000004e-07,8.1684136e-07,1.9659689799999997e-07,2.86040847e-06,78.37482360000001,31.174239999999998,7.935396789999999e-10,9.0872559,0.0015420430000000003,0.11523698140000001,5.40907254e-05,6.14960991e-06,0.0017148142300000002,0.14832791,5.40907254e-05,6.14960991e-06,0.0021010461800000002,0.24185937100000002,5.40907254e-05,6.14960991e-06,0.00217133915,0.249257988,5.40907254e-05,6.14960991e-06,2.5027209520339966
155,1656388200,3.08945474e-05,3.08945635e-05,-0.10016624655000002,1.6854032747,0.028862141600000002,0.0043439433700000005,0.009009650499999999,0.00692740597,7.801196700000001e-06,7.311453529999998e-05,16.6555946,57.3,4.85898965e-06,2.75703816e-06,1.2272266900000001e-06,7.91417955e-07,6.26887273e-07,5.28352542e-07,4.1872382700000005e-07,3.74757661e-07,8.191646529999999e-07,1.9824058400000003e-07,2.84646655e-06,80.2928314,34.9320712,6.472926520000001e-10,9.1233444,0.00150942381,0.11049410690000001,3.1165674900000006e-05,3.77754615e-06,0.00159264701,0.1251439371,3.1165674900000006e-05,3.77754615e-06,0.0018376318500000002,0.185701347,3.1165674900000006e-05,3.77754615e-06,0.0019094409700000001,0.19403708,3.1165674900000006e-05,3.77754615e-06,2.5027710676193236
155,1656388800,2.7080236199999997e-05,2.70802533e-05,-0.0006980382200000003,0.01962961225,0.021129158199999998,0.0041494752400000005,0.00855504835,0.006663163179999999,2.67402844e-06,2.1388343400000004e-05,13.414335599999998,34.6,3.4363993999999993e-06,2.3384867e-06,1.14588693e-06,8.050140330000001e-07,6.27065745e-07,5.184873220000001e-07,4.36687331e-07,3.7004325e-07,8.077134930000001e-07,2.0001454200000001e-07,2.8542677400000002e-06,81.9209544,38.9781011,5.31683311e-10,9.1523936,0.00150669836,0.10976387750000001,8.98455813e-06,1.54463126e-06,0.0015598542899999998,0.11823473479999999,8.98455813e-06,1.54463126e-06,0.0016097386100000003,0.125666982,8.98455813e-06,1.54463126e-06,0.00176822588,0.152727923,8.98455813e-06,1.54463126e-06,2.502802610397339
155,1656389400,4.2498834999999996e-05,4.24988423e-05,0.13647100240200002,30.4390793312,0.05866837849999999,0.00441370963,0.008902741799999999,0.00688068097,5.929095039999999e-05,0.0006248828586,16.769230599999997,66.3,9.65695799e-06,3.6874085399999993e-06,1.26474465e-06,8.41238791e-07,6.24864802e-07,5.10504669e-07,4.19285798e-07,3.6064145499999996e-07,8.15145586e-07,1.9626318200000004e-07,2.8723043399999997e-06,78.1037436,31.936353700000005,1.015858511e-09,9.0682813,0.0015158376500000001,0.1117574101,0.00031419566552,3.1434877799999996e-05,0.0016519112400000002,0.14916225090000002,0.00031419566552,3.1434877799999996e-05,0.0018488148000000003,0.37665134249999993,0.00031419566552,3.1434877799999996e-05,0.0019379633799999998,0.31003868999999995,0.00031419566552,3.1434877799999996e-05,2.502743196487427
155,1656390000,4.0389573700000004e-05,4.03895871e-05,-0.02370843971,4.6516246671,0.039647172999999994,0.00443772948,0.00894595955,0.00685284242,2.6166751909999995e-05,0.0002003040816,16.4318181,72.5,8.888639419999998e-06,3.3466017400000002e-06,1.2932754e-06,8.24333944e-07,6.275409539999999e-07,5.130258279999999e-07,4.4256107300000004e-07,3.68585491e-07,8.31683563e-07,1.95943739e-07,2.8625028900000002e-06,79.126693,34.2820351,9.546303699999998e-10,9.091723199999999,0.00152307652,0.114414906,0.00017157042514000004,2.0394350459999998e-05,0.0016305859999999998,0.14557278369999999,0.00017157042514000004,2.0394350459999998e-05,0.0018572097599999996,0.3727804045,0.00017157042514000004,2.0394350459999998e-05,0.0019126476099999997,0.253323293,0.00017157042514000004,2.0394350459999998e-05,2.5027580499649047
155,1656390600,0.00013504771,0.00013504773610000003,-0.6214926957,34.9054701415,0.09308444589999999,0.0059656197,0.01251156815,0.00902170447,0.00024413921682000004,0.002450177875700001,33.0559443,108.2,4.56174026e-05,1.274636672e-05,2.21982607e-06,1.000375558e-06,6.708350740000001e-07,5.383376249999999e-07,4.56973777e-07,3.68978233e-07,8.134530250000001e-07,1.9498133300000003e-07,2.8963245900000006e-06,70.30978,24.64882146,4.0310543270000005e-09,8.874829800000002,0.00158274134,0.1315382266,0.0017541028953,0.00017461266412999998,0.00195255665,0.3300838944,0.0017541028953,0.00017461266412999998,0.0032295558500000003,1.9796682000000003,0.0017541028953,0.00017461266412999998,0.00288470284,1.146795327,0.0017541028953,0.00017461266412999998,2.503104066848755
155,1656391200,5.94034814e-05,5.940356180000001e-05,-0.8022599565,32.10200683237,0.0524434921,0.00487683219,0.0098943183,0.00740678763,8.799058519000002e-05,0.0008650623433,22.6381118,102.8,1.6395140029999997e-05,5.0663982e-06,1.49361723e-06,8.788686810000001e-07,6.52965215e-07,5.26151303e-07,4.2076949699999995e-07,3.72035204e-07,8.090814940000001e-07,1.9385250000000002e-07,2.8928959799999997e-06,75.2495547,28.089650800000005,1.553434166e-09,9.0101392,0.00153197392,0.11971593300000001,0.00019309117534999998,2.31493659e-05,0.00172670378,0.20543994149999997,0.00019309117534999998,2.31493659e-05,0.00226675214,0.501322168,0.00019309117534999998,2.31493659e-05,0.00225122093,0.5958246819999999,0.00019309117534999998,2.31493659e-05,2.5024616003036497
155,1656391800,3.1953193199999995e-05,3.19532204e-05,-0.050067605560000006,3.83998084947,0.03932944779999999,0.00431184075,0.0088030517,0.006801302,1.2674649519999999e-05,0.00012775964349999997,15.6503494,61.5,5.34383144e-06,2.77080122e-06,1.2084723999999998e-06,8.28632176e-07,6.35262926e-07,5.06072825e-07,4.2772444800000006e-07,3.7334476e-07,8.11095908e-07,1.98298916e-07,2.87304071e-06,80.29521009999999,35.330456999999996,6.813490190000001e-10,9.12028755,0.00153096396,0.11383976599999998,5.516451941000001e-05,7.004060529999999e-06,0.00157017404,0.1233505112,5.516451941000001e-05,7.004060529999999e-06,0.0017492897300000001,0.20129293399999998,5.516451941000001e-05,7.004060529999999e-06,0.0018965794500000002,0.20608082300000002,5.516451941000001e-05,7.004060529999999e-06,2.5027687311172486
155,1656392400,2.9137457699999997e-05,2.91374789e-05,0.23082373248,5.923630735830001,0.0392168963,0.00420998903,0.00860533985,0.0067230458600000004,7.93329577e-06,7.246491409999999e-05,14.281468499999999,38.3,3.7713035300000005e-06,2.75767901e-06,1.27704662e-06,8.563887469999999e-07,6.56691554e-07,5.13340467e-07,4.47966847e-07,3.7506222000000003e-07,8.33029277e-07,1.9920472099999996e-07,2.8809632e-06,80.9401245,37.5374837,5.88964029e-10,9.138568200000002,0.0015158469499999998,0.11464071180000002,1.28235444e-05,2.05198371e-06,0.0015825126599999999,0.1279465846,1.28235444e-05,2.05198371e-06,0.0016180657199999996,0.1326470874,1.28235444e-05,2.05198371e-06,0.0018534956800000002,0.18652772,1.28235444e-05,2.05198371e-06,2.5027785778045653
155,1656393000,4.45407169e-05,4.4540725200000004e-05,-0.014378900239999987,8.813861335199999,0.042809720399999994,0.0047402434,0.009686091900000002,0.00729448803,2.19413934e-05,0.0001793957763,20.966783100000004,79.2,1.0326249e-05,3.993042259999999e-06,1.33160587e-06,8.339693760000001e-07,6.17206283e-07,5.066933380000001e-07,4.35136866e-07,3.6927722399999997e-07,8.01195274e-07,1.9742276599999995e-07,2.8585093600000003e-06,77.236695,29.738487100000004,1.079792439e-09,9.05380265,0.00151632911,0.11221413499999999,8.78204351e-05,1.141182182e-05,0.0016936967600000002,0.16152275200000002,8.78204351e-05,1.141182182e-05,0.00220447604,0.389216114,8.78204351e-05,1.141182182e-05,0.0021688225500000003,0.343688978,8.78204351e-05,1.141182182e-05,2.5027796268463134
155,1656393600,3.69368116e-05,3.6936820700000005e-05,-0.11789133764999996,8.154073283599999,0.0448054786,0.0044285559300000004,0.008981213249999998,0.006925592770000001,2.190501175e-05,0.00018605900470000002,16.763985999999996,73.1,7.37266547e-06,3.1963103199999995e-06,1.2580494800000002e-06,8.185526260000002e-07,6.207709340000001e-07,4.976307949999999e-07,4.30433208e-07,3.7298964799999995e-07,8.21149515e-07,1.96386664e-07,2.8833549899999998e-06,78.95853639999999,33.0227527,8.376652409999999e-10,9.092270899999999,0.00150775423,0.1115402186,0.00010450896787000002,1.2443756429999998e-05,0.0016215846200000003,0.1325422535,0.00010450896787000002,1.2443756429999998e-05,0.0018704382999999998,0.28553176999999996,0.00010450896787000002,1.2443756429999998e-05,0.00195331007,0.253821445,0.00010450896787000002,1.2443756429999998e-05,2.502790093421936
155,1656394200,3.14810655e-05,3.14810827e-05,0.024044129399999996,6.7410619431569,0.030924045800000004,0.00428795964,0.0087824917,0.006836033730000001,1.3078197010000001e-05,0.00013051995130000004,15.7010492,54.9,5.115435300000001e-06,2.84126922e-06,1.19657095e-06,8.200963840000001e-07,6.11900342e-07,5.133480460000001e-07,4.08874733e-07,3.84519932e-07,8.108772380000002e-07,1.8936234699999999e-07,2.84823005e-06,80.48033059999999,35.8438737,6.70045761e-10,9.1226437,0.00151062457,0.111049511,3.1967166750000005e-05,4.431413299999999e-06,0.0016004835499999997,0.12657537160000001,3.1967166750000005e-05,4.431413299999999e-06,0.00172568013,0.1760895206,3.1967166750000005e-05,4.431413299999999e-06,0.00189240257,0.22091512600000002,3.1967166750000005e-05,4.431413299999999e-06,2.5028440237045286
155,1656394800,2.9459781800000006e-05,2.9459789400000002e-05,-0.016443122177000002,2.266694266,0.029167729400000002,0.00420122199,0.00859586335,0.00669813262,9.975133779999999e-06,8.717485300000001e-05,13.910839099999999,48.2,4.61071855e-06,2.4265236899999997e-06,1.1492414e-06,7.935458919999999e-07,6.046124359999999e-07,5.000498810000001e-07,4.1583460399999996e-07,3.6375265e-07,7.987167699999999e-07,1.95505778e-07,2.87122247e-06,81.38631550000001,37.25564150000001,6.086806489999999e-10,9.13699075,0.0014868900800000002,0.1074271332,4.4668027949999994e-05,5.0775402300000005e-06,0.00155590186,0.1187263412,4.4668027949999994e-05,5.0775402300000005e-06,0.0016608825599999997,0.1671214735,4.4668027949999994e-05,5.0775402300000005e-06,0.0017907463300000002,0.18245827999999997,4.4668027949999994e-05,5.0775402300000005e-06,2.502738928794861
155,1656395400,3.79976849e-05,3.7997783199999994e-05,-0.0746732599,1.8923898338239997,0.0316737241,0.004509383099999999,0.00936182295,0.007061443840000001,1.2615316719999999e-05,9.70892837e-05,18.9353144,63.6,7.78997345e-06,3.32506112e-06,1.25534176e-06,8.498622659999999e-07,6.24397437e-07,5.08197449e-07,4.12875813e-07,3.6794230100000003e-07,8.000677830000001e-07,1.9387842900000003e-07,2.8712582800000002e-06,79.5991832,35.0091661,8.77990252e-10,9.100495550000002,0.0015229416800000002,0.11288968300000002,4.346963425000001e-05,6.70168249e-06,0.00162066879,0.137446443,4.346963425000001e-05,6.70168249e-06,0.0019624216500000002,0.29055326549999994,4.346963425000001e-05,6.70168249e-06,0.00197830256,0.26367135699999994,4.346963425000001e-05,6.70168249e-06,2.5028004169464113
155,1656396000,0.0001591521756,0.0001591523473,-0.197228520245,3.4408598232699994,0.0528077443,0.00826305112,0.017257738,0.01302692064,5.3314885020000005e-05,0.0003468646171,61.895103299999995,130.9,4.8215975429999995e-05,1.9644339029999997e-05,3.8061136199999997e-06,1.564555951e-06,9.17397814e-07,6.17549145e-07,4.971102220000001e-07,3.90801385e-07,8.374141559999999e-07,1.9691239500000001e-07,2.88797226e-06,67.65302,24.1342118,4.773765034000001e-09,8.8209688,0.00190172832,0.19349741260000003,0.00018126189036999995,2.8531243189999993e-05,0.00284444727,0.5577781949999999,0.00018126189036999995,2.8531243189999993e-05,0.0044439123,1.6878212658999998,0.00018126189036999995,2.8531243189999993e-05,0.00465935858,1.8123921449999998,0.00018126189036999995,2.8531243189999993e-05,2.5027628421783445
155,1656396600,0.0001450432066,0.0001450434011,-0.11362772559999998,1.5862116199999998,0.0581678841,0.00891558228,0.0195155911,0.014133322199999998,5.2650830099999994e-05,0.00032599626,82.89335589999999,180.4,4.65950068e-05,1.51928956e-05,3.18842108e-06,1.32991922e-06,8.12670984e-07,5.96405756e-07,4.931721740000001e-07,3.8917603799999997e-07,8.45915805e-07,1.9738355e-07,2.8806769000000003e-06,61.3335331,11.372508149999998,4.279376479999999e-09,8.7005966,0.00181215189,0.166201272,0.00018643767399999998,3.1869071e-05,0.00277621398,0.438632416,0.00018643767399999998,3.1869071e-05,0.00554459997,1.77507171,0.00018643767399999998,3.1869071e-05,0.00497667427,1.4668895599999998,0.00018643767399999998,3.1869071e-05,2.5027478456497194
155,1656397200,9.473464099999999e-05,9.47347455e-05,0.055156115699999994,0.998811252,0.0438527147,0.007362330959999999,0.0159391118,0.0116775278,2.8140153500000005e-05,0.0001658182119,64.8933566,154.9,2.89384765e-05,9.20205499e-06,2.1899173999999996e-06,1.05595301e-06,7.080324199999999e-07,5.528937439999999e-07,4.53228508e-07,3.732418e-07,8.16756785e-07,1.96171171e-07,2.8806349e-06,67.03516669999999,14.946780299999997,2.66292544e-09,8.8358638,0.00167174524,0.13824711,0.00012075498150000002,1.882327025e-05,0.00233915398,0.291162256,0.00012075498150000002,1.882327025e-05,0.004466955820000001,1.1168049,0.00012075498150000002,1.882327025e-05,0.003939327219999999,0.878079792,0.00012075498150000002,1.882327025e-05,2.5028102159500123
155,1656397800,0.00026441351810000004,0.0002644137124,-0.2527609680999999,49.047918859999996,0.1582360929,0.00803846735,0.0167414029,0.012168180749999997,0.0005232988505,0.0048509747976,67.8758752,166.0,0.00010049992490000003,2.182159918e-05,2.6623368599999998e-06,1.12286328e-06,7.6921092e-07,5.77705983e-07,4.53470892e-07,3.880134150000001e-07,8.364581939999999e-07,1.9456153800000004e-07,2.88070855e-06,60.72082389999999,12.181597400000001,8.30472955e-09,8.644577600000002,0.00170349209,0.15271912199999998,0.0020789955034,0.00020844929749999993,0.00242368175,0.442068887,0.0020789955034,0.00020844929749999993,0.005048939410000001,2.848207567,0.0020789955034,0.00020844929749999993,0.00438929236,3.8307392239999998,0.0020789955034,0.00020844929749999993,2.502746510505676
155,1656398400,0.00015036957439999997,0.00015036959090000002,0.29925724663,64.15824302780001,0.14241437559999998,0.00557030874,0.0110678584,0.00825909205,0.00035610730265000004,0.0035317744306,31.0699303,120.4,5.0263686730000004e-05,1.589950158e-05,1.84653126e-06,1.056437813e-06,7.71941967e-07,5.771900419999999e-07,4.7138254400000005e-07,3.9426309699999994e-07,8.22233643e-07,1.9741228599999997e-07,2.88411415e-06,68.5168916,21.512470750000002,4.518419486e-09,8.83986175,0.00158164971,0.1289342366,0.0019900157211999994,0.00021069860819,0.0018865083100000003,0.520014105,0.0019900157211999994,0.00021069860819,0.00297470783,2.3100438955,0.0019900157211999994,0.00021069860819,0.00263659029,1.064957253,0.0019900157211999994,0.00021069860819,2.502729868888855
155,1656399000,2.9730669399999998e-05,2.97307247e-05,-0.029081098950000002,0.37198905974999996,0.0239771615,0.004321348679999999,0.008870802899999999,0.006905800000000001,3.93732092e-06,3.11159443e-05,16.2849648,51.7,4.39798808e-06,2.5625766499999996e-06,1.18706647e-06,8.376194950000001e-07,6.180652390000001e-07,5.318137109999999e-07,4.4100907e-07,3.9529345200000007e-07,8.31028376e-07,1.94397463e-07,2.8684815599999998e-06,80.5563955,36.178326999999996,6.09366235e-10,9.132721850000001,0.00151703599,0.1117876914,1.57056012e-05,2.4837766999999996e-06,0.0015919263,0.12299594399999998,1.57056012e-05,2.4837766999999996e-06,0.0017551725000000001,0.15940133,1.57056012e-05,2.4837766999999996e-06,0.00190583919,0.180773338,1.57056012e-05,2.4837766999999996e-06,2.502751874923706
155,1656399600,2.9291672999999996e-05,2.9291698300000002e-05,0.0080667296,0.44312954195,0.025552308200000002,0.00428014877,0.00885212525,0.0068656937799999995,5.07978106e-06,4.728966920000001e-05,15.888111899999998,53.7,4.36311856e-06,2.54746852e-06,1.1909939199999999e-06,8.0920734e-07,5.979999630000001e-07,4.97320263e-07,4.0722928900000004e-07,3.70226349e-07,8.057432080000001e-07,1.94208222e-07,2.8622075200000005e-06,80.91981050000001,36.2211936,6.01388975e-10,9.13231295,0.00149412479,0.1077245788,1.846013985e-05,2.65617427e-06,0.00160361631,0.12532752760000002,1.846013985e-05,2.65617427e-06,0.0017476796999999998,0.1589501316,1.846013985e-05,2.65617427e-06,0.00186387269,0.17881238000000002,1.846013985e-05,2.65617427e-06,2.502777862548828
155,1656400200,2.96714787e-05,2.9671497500000002e-05,0.09705565767999999,2.935014791,0.0413575713,0.00424041979,0.008693087899999999,0.00675250912,6.65067864e-06,4.9845289199999995e-05,14.673076900000002,47.5,4.40270157e-06,2.5365580600000003e-06,1.2024385799999999e-06,8.204020030000001e-07,6.117665100000001e-07,5.24845597e-07,4.2939500499999995e-07,3.8177960699999997e-07,8.35060815e-07,1.92270677e-07,2.89847474e-06,81.25161299999999,37.3962268,6.09022156e-10,9.1386954,0.0015086084100000001,0.11140011010000002,2.1988822570000002e-05,3.48439755e-06,0.0015754144799999998,0.12279829199999999,2.1988822570000002e-05,3.48439755e-06,0.00169433612,0.1705078468,2.1988822570000002e-05,3.48439755e-06,0.00182042981,0.171825163,2.1988822570000002e-05,3.48439755e-06,2.502803158760071
155,1656400800,2.9069728600000003e-05,2.9069736600000002e-05,-0.0285790545,0.596291939474,0.0272391187,0.00425971505,0.0087151112,0.00680253361,4.54936789e-06,3.84942599e-05,15.293706199999999,53.7,4.13902851e-06,2.58868765e-06,1.2000749e-06,8.07904569e-07,6.235763000000001e-07,5.287259459999999e-07,4.0650191799999996e-07,3.6925892500000003e-07,8.035710179999999e-07,1.9517834399999998e-07,2.8722516899999995e-06,81.1036885,36.68501479999999,5.932161280000001e-10,9.135829399999999,0.0015076198,0.11074241900000001,2.379539095e-05,3.25352238e-06,0.0015927723000000002,0.1270005855,2.379539095e-05,3.25352238e-06,0.0017495416499999999,0.164998389,2.379539095e-05,3.25352238e-06,0.00179805684,0.16186528699999997,2.379539095e-05,3.25352238e-06,2.502790689468384
155,1656401400,3.25489922e-05,3.25489956e-05,0.006512871030000003,0.956920575,0.0332548442,0.004420476830000001,0.0091515122,0.00702982722,7.313745809999999e-06,5.291109544999999e-05,18.463286500000002,66.9,5.68316893e-06,2.6860520599999997e-06,1.2322393800000002e-06,8.07107858e-07,6.3765372e-07,5.110609099999999e-07,4.41488968e-07,3.93429053e-07,8.21018117e-07,1.92527048e-07,2.86860936e-06,80.120174,35.0367032,7.01736542e-10,9.1156461,0.00150213349,0.11025897700000001,2.9818809199999998e-05,4.588523872999999e-06,0.00161644128,0.12948112,2.9818809199999998e-05,4.588523872999999e-06,0.0018482444300000004,0.22198794009999995,2.9818809199999998e-05,4.588523872999999e-06,0.0019209983399999999,0.19912923250000003,2.9818809199999998e-05,4.588523872999999e-06,2.502606248855591
155,1656402000,2.5477601500000002e-05,2.54776075e-05,0.023625133600000004,4.0699732263,0.028072036300000002,0.00394213177,0.008120733049999999,0.00630507679,5.80657083e-06,5.7492229e-05,10.6188812,40.9,2.67952889e-06,2.3354122e-06,1.1619098300000001e-06,8.08796002e-07,6.082533999999999e-07,4.97555515e-07,4.179612579999999e-07,3.6242055300000003e-07,8.125178409999999e-07,1.9814217099999996e-07,2.8562601199999994e-06,82.85608950000001,41.4836501,4.86276809e-10,9.165673000000002,0.0014906524,0.10970271760000001,3.2908691810000004e-05,3.527085439e-06,0.0015358835,0.1151867505,3.2908691810000004e-05,3.527085439e-06,0.00130134681,0.1004390415,3.2908691810000004e-05,3.527085439e-06,0.00160715028,0.13679650100000001,3.2908691810000004e-05,3.527085439e-06,2.50284366607666
155,1656402600,2.89085661e-05,2.89085812e-05,0.23793148300999997,4.1436985961,0.0377132625,0.00405594527,0.008286327200000002,0.006408289489999999,8.785092800000001e-06,7.41654366e-05,11.9702797,38.9,4.26877568e-06,2.4530687e-06,1.15519355e-06,7.79969979e-07,6.222548600000001e-07,5.04444633e-07,4.238920459999999e-07,3.71445953e-07,8.017364e-07,2.00255708e-07,2.8731720199999996e-06,82.2039928,39.9883353,5.95592853e-10,9.1487346,0.00149821755,0.10909497900000001,8.220334355e-05,8.707483705e-06,0.00152920638,0.11757968159999999,8.220334355e-05,8.707483705e-06,0.00140934825,0.17360178990000003,8.220334355e-05,8.707483705e-06,0.0017032742600000001,0.1592574296,8.220334355e-05,8.707483705e-06,2.502813720703125
155,1656403200,2.5600111e-05,2.56001181e-05,0.013018309967,0.42174148140000006,0.025073060600000002,0.0040090234599999995,0.008280808950000001,0.0064178297100000005,3.31265495e-06,2.9395033800000002e-05,11.85664315,43.3,2.80981233e-06,2.28394292e-06,1.1358500300000002e-06,7.703286299999999e-07,6.40335113e-07,5.002092089999999e-07,4.2432765499999995e-07,3.76640723e-07,8.14999669e-07,1.9303924699999998e-07,2.8505201300000005e-06,82.66792749999999,40.8178021,4.90079222e-10,9.163182599999999,0.00150306069,0.10946742660000001,1.368328177e-05,1.790086485e-06,0.00153736657,0.11506521259999998,1.368328177e-05,1.790086485e-06,0.00137647923,0.0983574872,1.368328177e-05,1.790086485e-06,0.0016806404100000003,0.1429012,1.368328177e-05,1.790086485e-06,2.5028027296066284
155,1656403800,2.68851522e-05,2.6885169899999998e-05,-0.053673581759000014,1.5894439621000003,0.027354003000000005,0.004069587059999999,0.008392442299999999,0.006514236410000001,5.1147245699999995e-06,4.2673993900000004e-05,12.7097903,51.2,3.5003745000000002e-06,2.23089216e-06,1.14456905e-06,8.022036839999999e-07,6.007915360000001e-07,5.07271368e-07,4.26711841e-07,3.60588328e-07,8.004051900000001e-07,1.96921753e-07,2.87180653e-06,82.18312949999999,39.3813598,5.27501447e-10,9.155563599999999,0.0014979092,0.10916364729999999,3.9210211099999994e-05,4.537683986999999e-06,0.00153814658,0.1163486869,3.9210211099999994e-05,4.537683986999999e-06,0.0014849824999999999,0.13462873860000002,3.9210211099999994e-05,4.537683986999999e-06,0.0016682894100000002,0.14179654400000002,3.9210211099999994e-05,4.537683986999999e-06,2.502785849571228
155,1656404400,4.73645355e-05,4.736453689999999e-05,0.10136089431999999,27.027979506999998,0.0561501373,0.00415472556,0.008316587499999998,0.00645294619,6.095643865e-05,0.0005703680376000001,12.2604894,54.3,1.204994605e-05,3.81214995e-06,1.26338875e-06,7.99565996e-07,6.087282689999999e-07,4.98145995e-07,4.278008530000001e-07,3.56183005e-07,8.040539930000001e-07,1.95476411e-07,2.86670502e-06,79.48832510000001,36.303367800000004,1.1908257040000002e-09,9.084561,0.00148527211,0.10746736009999999,0.00026237601786000003,2.5580666067000002e-05,0.00155624852,0.1442125336,0.00026237601786000003,2.5580666067000002e-05,0.0014967471599999997,0.302445191,0.00026237601786000003,2.5580666067000002e-05,0.0017717928899999998,0.5340543449999999,0.00026237601786000003,2.5580666067000002e-05,2.5027811527252197
155,1656405000,3.19707548e-05,3.1970779e-05,0.03766304709000007,20.233147919,0.04486145069999999,0.0040938139999999994,0.008316164150000003,0.00643926769,2.8532645279999993e-05,0.00030123369460000006,12.2919581,63.4,5.472038059999999e-06,2.77818257e-06,1.16265734e-06,8.07697175e-07,6.245440140000001e-07,4.847748290000001e-07,4.23746585e-07,3.72503756e-07,8.019494230000001e-07,1.9588697499999997e-07,2.86138357e-06,80.76889379999999,37.1881007,6.876881280000001e-10,9.125312999999998,0.00149578511,0.10869800869999999,0.00012351692690999998,1.3593999005000001e-05,0.0015518792600000002,0.12559987759999997,0.00012351692690999998,1.3593999005000001e-05,0.00147437206,0.22695850349999996,0.00012351692690999998,1.3593999005000001e-05,0.0017025089100000002,0.18750188699999998,0.00012351692690999998,1.3593999005000001e-05,2.5028144121170044
155,1656405600,5.40317813e-05,5.403179659999999e-05,-0.41251114258999994,24.462738553460003,0.051398998200000004,0.004233840670000001,0.008501231549999998,0.00655549307,0.00010761871548000002,0.001134087876,13.931818400000001,77.8,1.4902891170000002e-05,4.23416257e-06,1.24520833e-06,8.2566516e-07,6.25633311e-07,5.26978735e-07,4.21556756e-07,3.50503689e-07,8.300363489999999e-07,1.9293774300000002e-07,2.8602400600000002e-06,78.92085,35.59742486,1.406575093e-09,9.076673600000001,0.0015069383400000001,0.1148073935,0.00032262322329,3.574481235e-05,0.00159011715,0.1779763671,0.00032262322329,3.574481235e-05,0.00159137112,0.4376132545,0.00032262322329,3.574481235e-05,0.00180636314,0.5471045889999999,0.00032262322329,3.574481235e-05,2.5027966260910035
155,1656406200,2.6331572999999997e-05,2.6331579499999998e-05,-0.001709008160000023,1.8267149008,0.031105030000000006,0.004039638849999999,0.0083154399,0.00643960153,5.1817827e-06,5.03305677e-05,12.286713299999999,49.8,3.0895812000000004e-06,2.3176389e-06,1.1532982299999998e-06,8.063235869999998e-07,6.15074722e-07,5.13818924e-07,4.2560403499999997e-07,3.59227135e-07,8.227592160000001e-07,1.9369178900000004e-07,2.8687335900000003e-06,82.4436854,40.106711000000004,5.108250640000001e-10,9.1585204,0.0015097130200000001,0.1109493909,2.702331573e-05,3.0924217800000005e-06,0.00154383151,0.11638049660000001,2.702331573e-05,3.0924217800000005e-06,0.00139160212,0.10986106300000001,2.702331573e-05,3.0924217800000005e-06,0.00170968632,0.15024642800000002,2.702331573e-05,3.0924217800000005e-06,2.5027657032012938
155,1656406800,0.00011404930249999999,0.00011404938940000002,0.07180657598999998,6.594533339860002,0.0718369582,0.005502806159999999,0.0119100205,0.008361449729999998,0.00013624020649,0.0013098184276,25.804195800000002,79.5,3.263300693e-05,1.4647297350000002e-05,2.3434193099999994e-06,1.2963318979999999e-06,8.019066300000001e-07,5.70890255e-07,4.5461389599999996e-07,3.9008011700000006e-07,8.257168090000001e-07,1.93080512e-07,2.86825242e-06,75.51185849999999,34.1743316,3.349994668e-09,8.989935800000001,0.00160793444,0.1713440261,0.00024450457052999997,3.880638405499999e-05,0.0018731078200000001,0.313675606,0.00024450457052999997,3.880638405499999e-05,0.0025972644799999996,1.2121641968,0.00024450457052999997,3.880638405499999e-05,0.00254823028,1.273945238,0.00024450457052999997,3.880638405499999e-05,2.5028001070022583
155,1656407400,2.91212291e-05,2.9121244000000002e-05,0.09453490994500001,7.684457471249999,0.037752254900000004,0.004093745659999999,0.0083685859,0.006489403350000001,1.207527431e-05,0.00011957823184999999,12.966783199999998,52.3,4.03934441e-06,2.60721781e-06,1.27548384e-06,8.322421940000001e-07,6.126607879999999e-07,5.07579728e-07,4.4105965800000004e-07,3.64599553e-07,8.194377880000001e-07,1.9566321700000002e-07,2.8652284700000003e-06,81.5193774,38.786952600000006,5.94394225e-10,9.142524799999999,0.00150925114,0.11486719410000001,6.495008874e-05,6.757831404e-06,0.00155539137,0.1352966745,6.495008874e-05,6.757831404e-06,0.0014762792599999999,0.1512494,6.495008874e-05,6.757831404e-06,0.0017002992800000001,0.162788288,6.495008874e-05,6.757831404e-06,2.502781796455383
155,1656408000,2.7346431799999997e-05,2.73464476e-05,0.3821414708,9.9326174451,0.042740611,0.004066831959999999,0.00836686415,0.00649356025,5.07892212e-06,4.02433595e-05,12.666084099999999,39.7,3.1764324000000004e-06,2.46238371e-06,1.19428218e-06,8.41790863e-07,6.36996204e-07,5.32702939e-07,4.53778461e-07,3.85160298e-07,8.53590381e-07,1.9678051299999997e-07,2.93926865e-06,82.09963839999999,40.25049249999999,5.328622969999999e-10,9.1570994,0.00149439868,0.11236484890000001,1.751214761e-05,2.279222395e-06,0.00156313943,0.1302485965,1.751214761e-05,2.279222395e-06,0.00142023246,0.1138891562,1.751214761e-05,2.279222395e-06,0.0017001906400000003,0.14903966200000002,1.751214761e-05,2.279222395e-06,2.502752351760864
155,1656408600,2.4559254300000003e-05,2.4559256200000003e-05,-0.015163390310000002,0.27545778083000005,0.0230445577,0.00393510697,0.00810124,0.00631308513,3.03257082e-06,2.89661929e-05,10.653846199999998,33.9,2.5167998500000003e-06,2.0863264000000003e-06,1.1423147900000001e-06,7.92381037e-07,5.97458736e-07,4.96334655e-07,4.1975446700000004e-07,3.60923785e-07,8.036600830000001e-07,2.00198828e-07,2.86342329e-06,83.5913845,42.62315589999999,4.5953769300000003e-10,9.174825250000001,0.0014867501300000001,0.1075170462,1.526134783e-05,1.9151186290000002e-06,0.0015051688699999999,0.11086391740000001,1.526134783e-05,1.9151186290000002e-06,0.00129549086,0.0905293244,1.526134783e-05,1.9151186290000002e-06,0.0016178133100000001,0.1281271476,1.526134783e-05,1.9151186290000002e-06,2.5027666091918945
155,1656409200,3.75053268e-05,3.75053659e-05,0.22112007679999998,16.042023657700003,0.051062196500000004,0.004412611060000001,0.008994397349999999,0.00684969324,1.9901014260000002e-05,0.0001462588529,17.43181855,86.7,7.30009362e-06,3.4051948999999997e-06,1.33996932e-06,8.673945300000001e-07,6.39766997e-07,5.29127167e-07,4.3555313e-07,3.734649070000001e-07,8.07995568e-07,1.9742611100000002e-07,2.8565857799999996e-06,78.382042,31.962216599999998,8.49924986e-10,9.0854123,0.0015222170199999999,0.11676261810000002,6.878153385e-05,8.932984720000001e-06,0.0016091979499999998,0.13425534260000002,6.878153385e-05,8.932984720000001e-06,0.00178741826,0.259541892,6.878153385e-05,8.932984720000001e-06,0.0019345793100000001,0.29557160000000005,6.878153385e-05,8.932984720000001e-06,2.5028074026107787
155,1656409800,5.18454514e-05,5.184545679999999e-05,-0.17151639467,16.10051870795,0.046847476799999996,0.00427733865,0.00851086395,0.00658475983,8.389325349e-05,0.0008584040663,13.736014,62.9,1.4676003150000002e-05,3.32109543e-06,1.1756893899999999e-06,8.180763070000001e-07,6.385117540000001e-07,5.32259689e-07,4.67388161e-07,3.8914815799999995e-07,8.41451568e-07,1.9718496300000003e-07,2.8658962e-06,79.2889465,36.253128460000006,1.340785318e-09,9.082961999999998,0.0015180300099999998,0.1148063685,0.0004226199751,4.1682163619999993e-05,0.00156569833,0.1499744751,0.0004226199751,4.1682163619999993e-05,0.00162740537,0.479761229,0.0004226199751,4.1682163619999993e-05,0.0018414747200000002,0.46801156400000005,0.0004226199751,4.1682163619999993e-05,2.5027777194976806
155,1656410400,3.98962236e-05,3.9897444399999995e-05,0.05542094648999999,6.5729183325000005,0.038358509400000004,0.004710147109999999,0.009796202399999999,0.00735999873,1.2180373830000001e-05,8.997838709999999e-05,22.912587300000002,88.4,8.57626879e-06,3.29575431e-06,1.25956033e-06,8.70668787e-07,6.534393719999998e-07,5.20936467e-07,4.5881090599999997e-07,3.95013243e-07,8.4178815e-07,1.96570314e-07,2.88036743e-06,77.53795949999999,29.698579000000006,9.195055669999999e-10,9.073428400000001,0.0015263753999999999,0.1146739484,4.0855247799999996e-05,6.63596508e-06,0.0016389247799999999,0.1338511804,4.0855247799999996e-05,6.63596508e-06,0.0021617646900000003,0.3100633084,4.0855247799999996e-05,6.63596508e-06,0.00206747525,0.259109195,4.0855247799999996e-05,6.63596508e-06,2.5029609203338623
155,1656411000,3.5314999999999996e-05,3.5315018500000004e-05,-0.06826554085,2.30219946857,0.0310555868,0.004287265469999999,0.008770244449999999,0.006664407210000001,1.4959899680000001e-05,0.00012481839605,15.3024475,61.3,6.857721459999999e-06,2.9811720100000003e-06,1.20944737e-06,8.18090869e-07,6.21340648e-07,5.09394032e-07,4.2546497800000006e-07,3.7375256799999997e-07,8.138253879999999e-07,1.9679633e-07,2.85040751e-06,80.5117165,36.8750548,7.95834485e-10,9.1186939,0.0015062091000000001,0.11000863089999999,9.207084469e-05,1.1202938180000002e-05,0.00159460776,0.1329427216,9.207084469e-05,1.1202938180000002e-05,0.0016469627299999998,0.2668387083,9.207084469e-05,1.1202938180000002e-05,0.0018033180699999999,0.21881606250000002,9.207084469e-05,1.1202938180000002e-05,2.5027395486831665
155,1656411600,3.03381398e-05,3.03381537e-05,-0.0843686697,1.7833291693,0.028710624900000002,0.00424994781,0.008751731,0.006753696589999999,8.875499089999999e-06,6.871131875e-05,15.575174700000002,61.1,4.75814339e-06,2.66367664e-06,1.17521457e-06,7.850041219999999e-07,6.289726149999999e-07,5.06079686e-07,4.062345140000001e-07,3.77376309e-07,8.173952170000001e-07,1.9416975e-07,2.85662955e-06,81.0008222,36.5893995,6.351230220000001e-10,9.131054099999998,0.0014985686499999998,0.10862256,4.2584216169999995e-05,5.20804381e-06,0.0015735272000000002,0.12471449159999999,4.2584216169999995e-05,5.20804381e-06,0.00167173267,0.17818214649999997,4.2584216169999995e-05,5.20804381e-06,0.0018499410799999998,0.18978698600000002,4.2584216169999995e-05,5.20804381e-06,2.502816104888916
155,1656412200,3.42361687e-05,3.42361857e-05,-0.06977515394999999,3.8423420897,0.0366899589,0.00441298073,0.009034038849999999,0.006926155849999999,1.3033747199999999e-05,0.00010620711839999999,17.5664336,66.1,6.3276225e-06,2.9629763e-06,1.18988089e-06,8.24795991e-07,6.39518855e-07,5.2536302e-07,4.18707206e-07,3.6170323600000006e-07,8.15027156e-07,1.91560156e-07,2.8609114699999995e-06,79.5624709,33.7026971,7.52408371e-10,9.107147999999999,0.0015195414,0.11286737840000001,4.940163637e-05,6.5094897000000004e-06,0.0015929024699999998,0.1291537705,4.940163637e-05,6.5094897000000004e-06,0.00182167359,0.23156695100000002,4.940163637e-05,6.5094897000000004e-06,0.0019511775600000003,0.230328951,4.940163637e-05,6.5094897000000004e-06,2.502720355987549
155,1656412800,0.000194288444,0.0001942886066,-0.479169613,26.256470160000003,0.12402616119999998,0.008103829480000001,0.016462189500000002,0.01158923927,0.00017916336810000003,0.001464931691,58.802448049999995,173.1,7.234451424999999e-05,1.4934652980000003e-05,2.6175166e-06,1.175720089e-06,7.682563200000001e-07,5.73560415e-07,4.3702499399999994e-07,3.78920508e-07,8.431909269999999e-07,1.9712203200000002e-07,2.8738288499999997e-06,61.098827199999995,12.339932260000001,5.953337469999999e-09,8.65700145,0.0016875492500000003,0.15116211100000002,0.0008872929890000001,0.00011134652090000001,0.00235317589,0.390118544,0.0008872929890000001,0.00011134652090000001,0.00515434301,2.873822333,0.0008872929890000001,0.00011134652090000001,0.004293148409999999,1.8249483000000002,0.0008872929890000001,0.00011134652090000001,2.502734422683716
155,1656413400,3.0086558e-05,3.0086581400000005e-05,-0.063994973544,2.4729277257000004,0.032444130599999996,0.004195775140000001,0.008601626499999999,0.00665234207,1.052359783e-05,8.96214845e-05,14.384615399999998,65.2,4.73447813e-06,2.59167146e-06,1.1556530700000002e-06,8.08151753e-07,6.020382770000001e-07,5.043390260000001e-07,4.3118796200000006e-07,3.60836048e-07,8.02622548e-07,1.9603482400000002e-07,2.85623042e-06,81.1265259,37.0365786,6.27086882e-10,9.1340908,0.00149789689,0.1088263441,5.121386847e-05,6.08861629e-06,0.00154958271,0.11871440450000001,5.121386847e-05,6.08861629e-06,0.0016058445099999998,0.185806409,5.121386847e-05,6.08861629e-06,0.0017896142600000002,0.178561162,5.121386847e-05,6.08861629e-06,2.5028114318847656
155,1656414000,5.9588283299999995e-05,5.95883006e-05,-0.002879889400000002,46.26282404250001,0.08103105470000001,0.00444249871,0.008839752949999998,0.00677950618,0.0001075839289,0.0011226320219000004,15.9667831,90.0,1.465014744e-05,6.6318319e-06,1.8201163199999996e-06,9.242540149999998e-07,6.28323695e-07,5.17587002e-07,4.0020542800000005e-07,3.7795815399999995e-07,7.96623595e-07,1.93516888e-07,2.85346842e-06,75.9094768,29.9681736,1.554417884e-09,9.0220947,0.00150263159,0.1298532155,0.0005252126335,5.02368946e-05,0.00165523861,0.2586106041,0.0005252126335,5.02368946e-05,0.00181476259,0.48656197999999995,0.0005252126335,5.02368946e-05,0.00199821715,0.5616319599999999,0.0005252126335,5.02368946e-05,2.502817225456238
155,1656414600,0.00010873017250000001,0.00010873028350000002,-0.0345065767,25.495433721,0.10181182470000001,0.00574069694,0.01152697155,0.00805210762,0.00013218122562999997,0.001190597936,29.071678300000002,125.1,3.175666725e-05,1.22600569e-05,2.94087464e-06,1.2751266139999999e-06,7.98711057e-07,5.84099115e-07,4.661424470000001e-07,3.7919681600000005e-07,8.214252690000001e-07,1.9578099599999998e-07,2.8870254000000003e-06,69.4641162,22.85014331,3.119143208e-09,8.8829014,0.00159796807,0.1608635515,0.00044878047429999996,5.2828665770000006e-05,0.00193644051,0.38243643219999995,0.00044878047429999996,5.2828665770000006e-05,0.00299275342,1.1651770310000003,0.00044878047429999996,5.2828665770000006e-05,0.00279833061,1.113986733,0.00044878047429999996,5.2828665770000006e-05,2.502712631225586
155,1656415200,2.58356301e-05,2.58356433e-05,-0.0025218187900000006,0.0067532638800000015,0.020972812,0.00405470438,0.0083591572,0.00651003872,2.35550432e-06,1.9514907500000002e-05,12.2814686,29.9,3.0315598199999994e-06,2.1936729000000002e-06,1.1463826699999998e-06,7.791356519999998e-07,6.00808653e-07,5.099821430000001e-07,4.23013007e-07,3.5399915e-07,8.147677169999999e-07,1.9087247599999997e-07,2.8735485599999996e-06,82.6558944,40.514723200000006,4.96989026e-10,9.1635347,0.0015008557700000001,0.1092641719,8.072989020000002e-06,1.4054527999999998e-06,0.00152227845,0.11277859189999999,8.072989020000002e-06,1.4054527999999998e-06,0.00150032135,0.11074127,8.072989020000002e-06,1.4054527999999998e-06,0.0017007528600000003,0.14061220000000002,8.072989020000002e-06,1.4054527999999998e-06,2.502771520614624
155,1656415800,3.40005375e-05,3.400054259999999e-05,0.48916458313,17.25843011386,0.0435336915,0.00415233368,0.008449342299999999,0.006570760220000001,2.275579631e-05,0.00020771999199999997,12.8479019,50.1,6.59173739e-06,2.65269886e-06,1.14436997e-06,8.062542679999999e-07,6.26771574e-07,4.93898505e-07,4.2461707e-07,3.71256189e-07,8.1217902e-07,1.9664891299999998e-07,2.8797493500000002e-06,80.93523310000002,37.2722792,7.544677500000001e-10,9.12257495,0.00150983242,0.1106014716,0.00025065905479999996,2.406301825e-05,0.0015548023799999999,0.1252149663,0.00025065905479999996,2.406301825e-05,0.00159673626,0.2658234905,0.00025065905479999996,2.406301825e-05,0.0017487918200000002,0.2034647675,0.00025065905479999996,2.406301825e-05,2.502789759635925
155,1656416400,7.798683920000001e-05,7.798687390000001e-05,0.5415621297000001,31.763161441999994,0.09307218689999999,0.0055037774400000005,0.0111813434,0.008192138880000002,8.320380991999999e-05,0.0007686856669,30.020979099999998,136.8,2.384667898e-05,6.5927892499999996e-06,1.7201361399999997e-06,9.571876119999999e-07,6.87215838e-07,5.147409900000001e-07,4.2768489700000006e-07,3.7416614599999996e-07,8.170247940000001e-07,1.9142715300000004e-07,2.86430448e-06,71.2150107,21.847348399999998,2.146204124e-09,8.918267699999998,0.0015531322699999998,0.12422666950000001,0.00050289239974,5.452476855999999e-05,0.0018303573999999996,0.2164866185,0.00050289239974,5.452476855999999e-05,0.00287347312,0.9625928160000001,0.00050289239974,5.452476855999999e-05,0.00262476648,0.651244892,0.00050289239974,5.452476855999999e-05,2.5032301425933836
155,1656417000,3.03092657e-05,3.03092864e-05,0.03190828677000001,0.9735242744800001,0.027769292,0.0043078966,0.0088299932,0.006851255959999999,6.228269440000001e-06,5.98117459e-05,15.795454399999997,47.3,4.69000546e-06,2.71184155e-06,1.1835751100000001e-06,7.943713949999999e-07,6.1819697e-07,4.968769379999999e-07,4.25761968e-07,3.64294797e-07,8.086658449999999e-07,1.9612762999999998e-07,2.86474869e-06,80.92735090000001,36.399602599999994,6.323767829999999e-10,9.13117615,0.00149981306,0.1092929637,2.1705333480000002e-05,2.93110197e-06,0.0015968672199999998,0.1265695989,2.1705333480000002e-05,2.93110197e-06,0.0017461020399999999,0.165034897,2.1705333480000002e-05,2.93110197e-06,0.0019006801499999997,0.19799565000000002,2.1705333480000002e-05,2.93110197e-06,2.502347707748413
155,1656417600,2.7951342700000004e-05,2.7951345900000002e-05,0.042636320119999994,0.690794946955,0.026772893499999995,0.004171796060000001,0.0086321172,0.0066912605600000005,4.7866696e-06,4.34174207e-05,14.110140000000001,45.5,3.56388058e-06,2.5551794900000005e-06,1.205278e-06,8.209943e-07,6.11736707e-07,5.00104896e-07,4.4555926799999997e-07,3.71347078e-07,8.262280379999999e-07,1.9839553400000003e-07,2.8768552100000003e-06,81.74285390000001,38.5093406,5.56817868e-10,9.146771099999999,0.0015097222,0.111031387,2.11775263e-05,2.53669739e-06,0.0015756525800000002,0.122461194,2.11775263e-05,2.53669739e-06,0.00158842085,0.12990430209999998,2.11775263e-05,2.53669739e-06,0.0018017617999999999,0.16572967,2.11775263e-05,2.53669739e-06,2.502773308753967
155,1656418200,2.66204154e-05,2.66204335e-05,-0.004112667789999999,0.0010041120600000001,0.0209765461,0.004114486159999999,0.0084390881,0.00658957687,2.52868235e-06,2.08828157e-05,13.431817900000002,33.6,3.25018479e-06,2.36383118e-06,1.1366711800000001e-06,7.93762505e-07,6.046513490000001e-07,4.99884463e-07,4.2605704000000005e-07,3.63327437e-07,8.04498884e-07,1.95290212e-07,2.87187556e-06,82.1579226,39.492945299999995,5.190895009999999e-10,9.156062899999998,0.0014940762899999997,0.1083854644,8.45351719e-06,1.49693286e-06,0.0015636195200000001,0.11847039389999998,8.45351719e-06,1.49693286e-06,0.0015592262999999998,0.1184080073,8.45351719e-06,1.49693286e-06,0.00175151538,0.149623754,8.45351719e-06,1.49693286e-06,2.5027916193008424
155,1656418800,2.6483571000000002e-05,2.64835867e-05,-0.004180362699999999,0.015323074180000002,0.020862066500000002,0.00410243122,0.0084678072,0.00660550337,2.5027692700000005e-06,2.10516112e-05,12.9807691,32.2,3.1630248799999997e-06,2.40093453e-06,1.13867088e-06,7.990665380000001e-07,6.02147098e-07,4.868839910000001e-07,4.266142949999999e-07,3.69210893e-07,8.078191469999999e-07,1.9347293100000002e-07,2.85374347e-06,82.255325,39.6457425,5.149172559999999e-10,9.157486250000002,0.00148372466,0.1071536775,9.15460304e-06,1.56609771e-06,0.0015701946200000001,0.11918448160000002,9.15460304e-06,1.56609771e-06,0.00151153695,0.11313317540000001,9.15460304e-06,1.56609771e-06,0.0017611156400000002,0.15126808200000003,9.15460304e-06,1.56609771e-06,2.5028022289276124
155,1656419400,3.98954527e-05,3.98954671e-05,-0.32794762817,15.841191906759997,0.045230379599999995,0.0043174309199999995,0.0087217196,0.00672216717,3.1803236179999996e-05,0.00028387564819999997,14.951049000000001,64.9,8.92968125e-06,3.2339730499999997e-06,1.2108420100000003e-06,8.001430609999999e-07,6.37604481e-07,4.934069640000001e-07,4.2455785600000004e-07,3.66393898e-07,7.870398609999999e-07,1.9298393e-07,2.8708982e-06,79.40762809999998,34.753511700000004,9.402919420000001e-10,9.0918939,0.00151187966,0.1109988833,0.00030967151710999997,3.006197196e-05,0.0015867217400000002,0.13501989090000002,0.00030967151710999997,3.006197196e-05,0.00175498867,0.3748439446,0.00030967151710999997,3.006197196e-05,0.00185433127,0.253407958,0.00030967151710999997,3.006197196e-05,2.5027755737304687
155,1656420000,6.164280099999999e-05,6.164285339999999e-05,-0.23470092234,8.584335730499998,0.056085329,0.005324603,0.01081207835,0.008058888109999999,5.149800463999999e-05,0.00045742313869999993,29.0559437,108.6,1.778162111e-05,4.78432912e-06,1.48274291e-06,8.8022893e-07,6.56761036e-07,5.2243241e-07,4.41589412e-07,3.6976062e-07,8.196335920000002e-07,1.9246086199999997e-07,2.8897759600000003e-06,74.49182599999999,25.230862100000003,1.627920042e-09,8.988965449999998,0.00154289478,0.1174562034,0.00027150705763,3.10451487e-05,0.00179402609,0.182844588,0.00027150705763,3.10451487e-05,0.0026898472500000003,0.6875922509999999,0.00027150705763,3.10451487e-05,0.00258135386,0.500712732,0.00027150705763,3.10451487e-05,2.5032753467559816
155,1656420600,3.73612729e-05,3.73612932e-05,-0.2029068658,7.025004947329999,0.038179166,0.00451555813,0.0091471487,0.007061808940000002,1.9711660139999998e-05,0.00017924748190000002,17.956293600000002,73.6,7.67994114e-06,3.19707457e-06,1.24145014e-06,7.990163009999998e-07,6.072250599999999e-07,4.928249620000001e-07,4.17565301e-07,3.68465201e-07,8.14599243e-07,1.94188105e-07,2.8682502e-06,78.7571779,31.687572799999998,8.512857249999999e-10,9.087724900000001,0.00150331339,0.10970657250000002,0.0001169837846,1.3152780049999998e-05,0.00162198816,0.1337265165,0.0001169837846,1.3152780049999998e-05,0.00195424683,0.2882760595,0.0001169837846,1.3152780049999998e-05,0.00207534692,0.27023809699999995,0.0001169837846,1.3152780049999998e-05,2.5023390531539915
155,1656421200,3.3517399300000004e-05,3.3517409600000006e-05,0.4645886322199999,10.628957931656,0.0563791693,0.00435139438,0.00884299815,0.006834688300000001,1.831253316e-05,0.00019052502710000002,16.09615375,70.3,5.69706336e-06,2.9282233100000003e-06,1.2829320700000001e-06,8.95404014e-07,6.662694309999999e-07,5.24246826e-07,4.4237769399999997e-07,3.87287927e-07,8.332360300000001e-07,1.96670404e-07,2.90466557e-06,79.4654766,33.5324618,7.21457308e-10,9.10763255,0.00153756684,0.1181049628,0.0001147434108,1.1310913519999999e-05,0.0016232172899999999,0.137055137,0.0001147434108,1.1310913519999999e-05,0.0017994793499999998,0.22174795,0.0001147434108,1.1310913519999999e-05,0.00190136408,0.20713252899999998,0.0001147434108,1.1310913519999999e-05,2.5028104543685914
155,1656421800,5.128402680000001e-05,5.12840456e-05,0.5102208614999999,16.125218189,0.06364178220000001,0.00470110888,0.0093225654,0.007160728119999999,4.742040311000001e-05,0.0004034006223000001,19.5594407,88.7,1.3384136949999998e-05,4.17295868e-06,1.40029571e-06,8.760709850000001e-07,6.22354092e-07,4.944313919999999e-07,4.26106524e-07,3.7226117799999996e-07,8.17917165e-07,1.9867152100000003e-07,2.8766871300000005e-06,76.72313069999998,29.61791925,1.300059775e-09,9.0366157,0.00151062191,0.11344275799999999,0.00021482043600000003,2.669187964e-05,0.00169326312,0.15993371509999998,0.00021482043600000003,2.669187964e-05,0.0020922843200000003,0.5001002700000001,0.00021482043600000003,2.669187964e-05,0.0021466870699999997,0.42230674700000004,0.00021482043600000003,2.669187964e-05,2.5028117418289186
155,1656422400,3.99309807e-05,3.99309932e-05,-0.112604924047,3.48628188187,0.0349125197,0.0045176569,0.00919394485,0.007050423030000001,1.8913035539999996e-05,0.00015786274289999997,18.375874399999997,68.6,8.31875805e-06,3.1581679800000004e-06,1.27322838e-06,9.042187999999999e-07,7.828471180000001e-07,6.2858604e-07,4.7840599e-07,4.240027720000001e-07,8.813424550000001e-07,1.93521167e-07,2.9217737500000004e-06,78.9228191,34.83961,9.280642840000002e-10,9.0964164,0.0015754194699999999,0.13197461000000002,0.00014863757029999998,1.5085219030000002e-05,0.0016051610300000002,0.130833154,0.00014863757029999998,1.5085219030000002e-05,0.0018968169900000001,0.31620436800000007,0.00014863757029999998,1.5085219030000002e-05,0.00200305395,0.282570829,0.00014863757029999998,1.5085219030000002e-05,2.5027832269668577
155,1656423000,3.0110024099999995e-05,3.0110047300000005e-05,0.03280842025,2.4303269261560003,0.028856530000000002,0.0042308176300000005,0.008676195599999999,0.006716469510000001,6.921865730000001e-06,5.6042287799999994e-05,14.678321700000001,43.6,4.64765888e-06,2.62468611e-06,1.1799245499999998e-06,8.319781859999999e-07,6.17494883e-07,5.17104117e-07,4.23162024e-07,3.68566026e-07,8.03097228e-07,1.91114767e-07,2.85010338e-06,81.09201199999998,37.1570395,6.27625522e-10,9.133067,0.00150251364,0.1099544554,5.302979314999999e-05,5.6987472899999996e-06,0.00158593414,0.12575618940000002,5.302979314999999e-05,5.6987472899999996e-06,0.0016614829599999998,0.1716615483,5.302979314999999e-05,5.6987472899999996e-06,0.00184042717,0.187435446,5.302979314999999e-05,5.6987472899999996e-06,2.5027766704559324
155,1656423600,2.9135470100000002e-05,2.91354856e-05,-0.14980604496,3.9936406792,0.031324777600000006,0.00420548705,0.008635768450000001,0.00670607401,9.26552107e-06,9.44201391e-05,14.5139858,58.0,4.28856085e-06,2.4683732100000004e-06,1.20633691e-06,8.12763224e-07,6.25860989e-07,5.03605327e-07,4.2140946699999993e-07,3.69628553e-07,8.186226640000001e-07,1.9101903800000003e-07,2.86134592e-06,81.133229,36.72976260000001,5.950119009999999e-10,9.13657965,0.00151014272,0.1113231976,4.06077906e-05,4.69064611e-06,0.00156300491,0.12274833050000003,4.06077906e-05,4.69064611e-06,0.00168192873,0.161444411,4.06077906e-05,4.69064611e-06,0.00177889481,0.170062344,4.06077906e-05,4.69064611e-06,2.502739953994751
155,1656424200,2.8429843900000002e-05,2.8429898300000003e-05,-0.02740757453,1.0185490261,0.0268682914,0.0042248487000000005,0.0086706447,0.006755133369999999,5.092998090000001e-06,4.986037619999999e-05,14.47902095,40.5,3.79980209e-06,2.56484218e-06,1.21451393e-06,7.942519030000001e-07,6.43178716e-07,5.08605325e-07,4.4315774800000004e-07,3.67348612e-07,8.04175693e-07,1.95609043e-07,2.8792594700000003e-06,81.27298499999999,37.5650419,5.697442130000001e-10,9.144182700000002,0.0015273576399999998,0.11304602369999998,1.4783777160000002e-05,2.09841856e-06,0.0015846059200000002,0.1215843596,1.4783777160000002e-05,2.09841856e-06,0.00167461996,0.13869627950000002,1.4783777160000002e-05,2.09841856e-06,0.00181216944,0.17109274,1.4783777160000002e-05,2.09841856e-06,2.50276038646698
155,1656424800,4.14136781e-05,4.14136925e-05,-0.18132570430000003,5.180040490246501,0.0382626637,0.0045816022799999995,0.009386508749999998,0.007158141009999999,2.427839873e-05,0.0002117724317,18.416083999999998,69.3,9.26552308e-06,3.5007413600000003e-06,1.29747689e-06,8.33627751e-07,6.18679341e-07,5.024747469999999e-07,4.3195576999999997e-07,3.7242334999999997e-07,8.1221665e-07,1.9375709000000001e-07,2.87794257e-06,78.8549735,33.1992424,9.87631333e-10,9.08287835,0.0015110811,0.1123878221,4.973123677000001e-05,7.85379297e-06,0.00165321968,0.1471246805,4.973123677000001e-05,7.85379297e-06,0.0020328507,0.33890217699999997,4.973123677000001e-05,7.85379297e-06,0.00203824742,0.314876039,4.973123677000001e-05,7.85379297e-06,2.502741503715515
155,1656425400,2.6192923600000004e-05,2.61929362e-05,0.005832097870000001,0.06472189238399999,0.0235970458,0.0040771685599999994,0.008419367999999998,0.006531699770000001,2.43110222e-06,2.0559121699999996e-05,12.6398602,30.6,3.0127612399999998e-06,2.32488668e-06,1.16992684e-06,7.932062279999999e-07,6.175108120000001e-07,5.07723633e-07,4.1909182699999993e-07,3.57308655e-07,8.09963338e-07,1.9590849800000002e-07,2.8880984499999996e-06,82.5693956,40.2952284,5.05807329e-10,9.16070835,0.00150208283,0.1096688522,7.51093611e-06,1.3749678099999999e-06,0.0015725426300000002,0.1200799934,7.51093611e-06,1.3749678099999999e-06,0.0015055711199999998,0.1101516876,7.51093611e-06,1.3749678099999999e-06,0.0017191010099999997,0.14228274000000002,7.51093611e-06,1.3749678099999999e-06,2.5027939558029173
155,1656426000,4.14194972e-05,4.141950689999999e-05,0.45327067997000003,15.9861085798,0.0543084248,0.004289388989999999,0.008655189900000002,0.00669941242,5.128293054e-05,0.0005367121620999999,14.325174899999999,58.9,1.0109790640000001e-05,2.7935820200000002e-06,1.2303015300000001e-06,8.07032537e-07,6.15379059e-07,4.95408735e-07,4.2429988500000007e-07,3.64618929e-07,8.0370409e-07,1.93332442e-07,2.8720700199999997e-06,79.71288970000002,35.1648093,9.978025879999999e-10,9.09567925,0.0015020748099999997,0.10982275820000001,0.00048182945833000017,4.73650208e-05,0.0015898634800000002,0.1330256619,0.00048182945833000017,4.73650208e-05,0.00173489262,0.49668685149999997,0.00048182945833000017,4.73650208e-05,0.0018175611099999999,0.177533526,0.00048182945833000017,4.73650208e-05,2.5027120113372803
155,1656426600,3.2094754099999995e-05,3.2094760999999996e-05,0.3168980978999999,8.50587111458,0.0391301605,0.00431078685,0.008815266050000001,0.006844693609999999,9.992794260000001e-06,8.43233994e-05,15.225524600000004,47.3,5.0347258100000005e-06,2.80427552e-06,1.2927006899999999e-06,8.72295326e-07,6.60676864e-07,5.38607795e-07,4.47901906e-07,3.92208865e-07,8.64252531e-07,1.9800704400000003e-07,2.94148477e-06,80.3213566,35.8577743,6.765246099999999e-10,9.12409935,0.00149867528,0.113785408,3.962827523e-05,5.197964040000001e-06,0.0015986901800000002,0.13354233840000002,3.962827523e-05,5.197964040000001e-06,0.0017717297,0.19259026799999998,3.962827523e-05,5.197964040000001e-06,0.00190180148,0.197458944,3.962827523e-05,5.197964040000001e-06,2.502813386917114
155,1656427200,4.72779546e-05,4.72779811e-05,-0.07319535409999998,9.0848363613,0.049074381900000005,0.00475022262,0.0097015391,0.00731365051,3.402677339e-05,0.00030508859899999995,21.1311187,98.1,1.218982935e-05,3.4970525899999993e-06,1.3120399000000002e-06,8.41142214e-07,6.32951156e-07,5.02319343e-07,4.2984143300000005e-07,3.71045684e-07,7.98301891e-07,1.9424856999999998e-07,2.8700877600000003e-06,77.589436,30.7578191,1.1755941129999998e-09,9.05514265,0.00151657199,0.112841508,0.00019441634066999998,2.2207889350000005e-05,0.0016729358599999998,0.146905267,0.00019441634066999998,2.2207889350000005e-05,0.00213623867,0.4877535605,0.00019441634066999998,2.2207889350000005e-05,0.0021434120399999998,0.33536112500000004,0.00019441634066999998,2.2207889350000005e-05,2.5028028964996336
155,1656427800,3.61549731e-05,3.61549803e-05,-0.33413398759000007,11.7475560693,0.044933253299999996,0.004428444969999999,0.008985408249999998,0.0069310195899999994,2.5598544799999995e-05,0.0002624062249,17.103147200000002,94.5,7.271874789999999e-06,2.92264271e-06,1.24917568e-06,8.39347945e-07,6.13369188e-07,5.04974878e-07,4.3161918499999995e-07,3.6662483e-07,8.26901788e-07,1.93661292e-07,2.85716638e-06,78.6039264,30.9970031,8.105652630000001e-10,9.0878494,0.00151325287,0.11155619759999999,0.00011308713869999998,1.297125972e-05,0.00161757098,0.13273847700000002,0.00011308713869999998,1.297125972e-05,0.0018522930799999998,0.273712652,0.00011308713869999998,1.297125972e-05,0.0019567310700000003,0.247544612,0.00011308713869999998,1.297125972e-05,2.502740573883057
155,1656428400,9.17493122e-05,9.17560716e-05,-0.95397097935,48.68878468229999,0.08911575349999999,0.00483254942,0.009336852849999999,0.007115457789999999,0.00013630093383000001,0.0013985352057999997,18.888111900000002,92.1,3.086903356e-05,6.5716979500000005e-06,1.6487370099999998e-06,9.1339396e-07,6.458461179999999e-07,5.19723821e-07,4.35760562e-07,3.8271999499999996e-07,8.172568749999999e-07,1.94734191e-07,2.8823968799999994e-06,73.1095172,27.4265488,2.608498549e-09,8.94802065,0.00152426321,0.12022325950000001,0.0006711450337500001,6.857037843000001e-05,0.0016689043099999998,0.168494009,0.0006711450337500001,6.857037843000001e-05,0.00219531985,0.8847506730000001,0.0006711450337500001,6.857037843000001e-05,0.00215201413,0.580473657,0.0006711450337500001,6.857037843000001e-05,2.5027517318725585
155,1656429000,0.0002170295711,0.0002170297278,-0.1421955718,14.9811212454,0.1106559568,0.007524443119999999,0.01566314595,0.01076006983,0.00017974649130000003,0.0011909343874,45.9020973,159.5,7.046348974e-05,2.450333415e-05,4.93310665e-06,1.910972435e-06,1.027573167e-06,6.95864049e-07,5.39783843e-07,4.317604200000001e-07,9.07111922e-07,1.92097828e-07,2.90955344e-06,65.0917585,19.4051528,6.66412935e-09,8.7729958,0.00175178751,0.22482472539999998,0.0006413633876,8.388222403999999e-05,0.0024368916000000003,0.73784462,0.0006413633876,8.388222403999999e-05,0.00430311528,2.4425687770000004,0.0006413633876,8.388222403999999e-05,0.00405147188,2.46754258,0.0006413633876,8.388222403999999e-05,2.5037109375
155,1656429600,7.71922757e-05,7.719228810000001e-05,-0.334819576,36.2943379492,0.0908369574,0.00505054585,0.0098886607,0.007478127869999999,0.00012196624455999998,0.0010971242192000003,23.4248245,108.9,2.4565634579999997e-05,5.65933751e-06,1.4216633000000002e-06,8.806251040000001e-07,6.52839553e-07,5.72719748e-07,4.528558359999999e-07,3.9799284e-07,8.71221127e-07,1.9580633200000004e-07,2.9252841300000004e-06,73.0695689,24.5755513,2.1344776560000004e-09,8.9528753,0.0015460488299999999,0.1220987768,0.0008198075937400001,8.639141231e-05,0.00173962909,0.2046958695,0.0008198075937400001,8.639141231e-05,0.00248067616,1.13388146,0.0008198075937400001,8.639141231e-05,0.0022774218,0.46642323700000005,0.0008198075937400001,8.639141231e-05,2.501995587348938
155,1656430200,2.8406776100000003e-05,2.8406791599999995e-05,-0.03671455518000001,0.5662659122800001,0.023839907900000002,0.00422428387,0.008696808900000002,0.00677027791,4.74572236e-06,4.4375680900000006e-05,14.770979,43.4,3.8653375e-06,2.59501554e-06,1.1529278400000002e-06,7.91962266e-07,6.23335975e-07,5.14851157e-07,4.3330134400000005e-07,3.6054197599999994e-07,8.005161260000002e-07,1.94139448e-07,2.87144469e-06,81.44800280000001,37.5370519,5.72508973e-10,9.141254499999999,0.0015043891699999998,0.10961731999999999,1.8422921169999997e-05,2.40793647e-06,0.00156913479,0.121153671,1.8422921169999997e-05,2.40793647e-06,0.00168179657,0.143562873,1.8422921169999997e-05,2.40793647e-06,0.0018223366499999997,0.17068524300000001,1.8422921169999997e-05,2.40793647e-06,2.502768802642822
155,1656430800,3.0907996599999995e-05,3.09080051e-05,-0.05933044903000001,3.0026051473,0.0320731189,0.00430814172,0.008871934,0.00683188416,8.41691587e-06,7.738124459999999e-05,16.0874126,62.2,4.84386829e-06,2.73696903e-06,1.22127458e-06,8.31503007e-07,6.304489080000001e-07,4.996461800000001e-07,4.4875497899999995e-07,3.6686043500000003e-07,8.128283900000001e-07,1.95505053e-07,2.8661721900000003e-06,80.453499,35.3618161,6.470780769999999e-10,9.12505315,0.00151882381,0.1124210725,2.79767513e-05,3.5628607499999995e-06,0.00162152325,0.13278769640000004,2.79767513e-05,3.5628607499999995e-06,0.0017760414200000002,0.17006746700000003,2.79767513e-05,3.5628607499999995e-06,0.0018774245500000001,0.20076212200000004,2.79767513e-05,3.5628607499999995e-06,2.502804398536682
155,1656431400,3.1152748300000004e-05,3.1152763899999994e-05,1.02965740635,24.213971147130003,0.0496834596,0.00412399261,0.00837498795,0.0065188584800000005,1.1541363539999999e-05,8.612664579999999e-05,12.895104799999999,49.3,3.4614577800000004e-06,2.83579836e-06,1.4435591099999997e-06,1.04811452e-06,7.996056319999998e-07,6.42333319e-07,5.37539156e-07,4.5224672200000006e-07,9.86601936e-07,2.03644294e-07,3.16537331e-06,81.31979759999999,39.6129356,6.18418727e-10,9.149993499999999,0.0015189840000000001,0.139230517,1.750352025e-05,2.65593585e-06,0.0015766571100000002,0.1552541279,1.750352025e-05,2.65593585e-06,0.00149930026,0.12724979349999999,1.750352025e-05,2.65593585e-06,0.0017574814500000001,0.16553065899999997,1.750352025e-05,2.65593585e-06,2.502840185165405
155,1656432000,2.77599177e-05,2.7759967299999996e-05,-0.005442163,0.13203473783999997,0.023055817200000002,0.004195260209999999,0.0086537887,0.00672098235,2.98832471e-06,2.46500935e-05,14.421328599999999,43.0,3.7116306e-06,2.3807577600000002e-06,1.1682693099999997e-06,8.011802700000001e-07,6.283743040000001e-07,5.042994460000001e-07,4.1460113099999994e-07,3.6719011500000004e-07,8.209765290000002e-07,1.9786432099999998e-07,2.8847914699999997e-06,81.6876246,38.2757191,5.51242582e-10,9.14855125,0.0015059764699999999,0.10993172970000001,9.425171810000001e-06,1.70759305e-06,0.00154831764,0.116788983,9.425171810000001e-06,1.70759305e-06,0.0016504327700000002,0.1356806775,9.425171810000001e-06,1.70759305e-06,0.00182042894,0.162724115,9.425171810000001e-06,1.70759305e-06,2.50270938873291
155,1656432600,6.223108439999999e-05,6.22310992e-05,-0.017964810100000016,5.6751843512999995,0.0513290522,0.004924755029999999,0.010157471,0.00751536121,3.819303126e-05,0.0002589583329,21.5944052,72.2,1.787045181e-05,5.00005188e-06,1.45155086e-06,9.214767819999999e-07,6.54517685e-07,5.14083364e-07,4.2835890599999995e-07,3.8297725199999994e-07,8.09981092e-07,1.9559601e-07,2.8863853300000004e-06,77.64885310000001,33.142114899999996,1.669534937e-09,9.0478236,0.00153207339,0.11775060100000001,0.00013383401849,2.188058421e-05,0.0017068411800000003,0.1828787282,0.00013383401849,2.188058421e-05,0.00230037181,0.7533612064999999,0.00013383401849,2.188058421e-05,0.00220534852,0.45403028700000003,0.00013383401849,2.188058421e-05,2.503113055229187
155,1656433200,0.0001593611937,0.0001593612464,-1.0069260183,38.92854675459999,0.09359606150000001,0.0049318075199999995,0.0096390542,0.007326727999999999,0.00038867439626,0.0039981301739,21.2919583,93.2,5.9975980569999995e-05,1.060322007e-05,2.1633393e-06,9.780628410000002e-07,6.81350026e-07,5.38041226e-07,4.41558521e-07,3.6876345499999996e-07,8.396538650000001e-07,1.9946018999999996e-07,2.8910641300000003e-06,74.1693694,28.50078684,4.8862608630000014e-09,8.962387799999998,0.00153793204,0.11813127749999999,0.00311264361,0.00029857060286,0.0017044935100000002,0.23817856599999992,0.00311264361,0.00029857060286,0.0023542936,2.3845356616,0.00311264361,0.00029857060286,0.00229669103,1.541274138,0.00311264361,0.00029857060286,2.5026345014572144
155,1656433800,2.8198766900000003e-05,2.81987747e-05,0.005002338582999999,0.17542015255,0.0259649627,0.0042193197600000005,0.008675833300000001,0.0067636803999999995,3.5764859e-06,3.1175235299999996e-05,14.8164336,45.3,3.8075279199999996e-06,2.5031234500000004e-06,1.18636285e-06,8.12267002e-07,6.19193e-07,4.99915603e-07,4.2494197699999996e-07,3.6905636300000004e-07,8.10782727e-07,1.9741099500000003e-07,2.86868777e-06,81.41293859999999,37.7176985,5.65880157e-10,9.14268915,0.00149917695,0.10976655850000001,1.331639247e-05,2.14297672e-06,0.00159299793,0.1229991477,1.331639247e-05,2.14297672e-06,0.00165858242,0.140131605,1.331639247e-05,2.14297672e-06,0.00184004434,0.166038023,1.331639247e-05,2.14297672e-06,2.502709174156189
155,1656434400,2.78102864e-05,2.7810297299999997e-05,-0.035393249939999996,0.7328367721,0.024211683,0.00416891162,0.0086172466,0.0067005736400000005,5.171759110000001e-06,5.11639673e-05,14.078671199999999,41.9,3.6843626600000003e-06,2.4626241699999997e-06,1.1679178599999999e-06,7.85451732e-07,6.219484769999999e-07,5.060701260000001e-07,4.25052887e-07,3.71790017e-07,8.19883639e-07,1.95750484e-07,2.86410349e-06,81.85491299999998,38.23934680000001,5.5516801e-10,9.146925049999998,0.00149205324,0.1082397205,2.290705938e-05,2.93613891e-06,0.0015812283,0.12230178350000001,2.290705938e-05,2.93613891e-06,0.0015956026700000001,0.1362301085,2.290705938e-05,2.93613891e-06,0.0017924146799999999,0.160184855,2.290705938e-05,2.93613891e-06,2.5027711153030396
155,1656435000,2.8027780600000005e-05,2.80277884e-05,-0.01058847812,0.13994079145,0.02291588,0.0042112534,0.00867267515,0.00675462698,3.2842371900000003e-06,2.83170071e-05,14.564685200000003,38.8,3.68025289e-06,2.50955663e-06,1.1900098199999999e-06,8.377197900000002e-07,6.16192477e-07,5.0335906e-07,4.2816707400000003e-07,3.64593968e-07,8.180964430000001e-07,1.9601949900000001e-07,2.86982162e-06,81.612003,37.974339699999994,5.594432470000001e-10,9.14565685,0.0015088983899999998,0.11065516689999999,1.354922907e-05,1.96300266e-06,0.0015698794400000001,0.12077632139999998,1.354922907e-05,1.96300266e-06,0.00165949387,0.1365322109,1.354922907e-05,1.96300266e-06,0.0018294653300000002,0.16533774899999998,1.354922907e-05,1.96300266e-06,2.502774381637573
155,1656435600,3.304548210000001e-05,3.3045497900000004e-05,0.006505185199999997,2.702744966,0.041952029,0.0044547065600000005,0.0091491575,0.007061400179999999,1.0584569029999998e-05,0.00010538334130000003,18.0874126,76.7,5.4887581600000006e-06,3.03420741e-06,1.3156354100000003e-06,8.376057749999999e-07,6.497338160000001e-07,5.297068549999999e-07,4.2605965199999995e-07,3.79604213e-07,7.922048330000001e-07,1.96705729e-07,2.87240945e-06,79.418435,33.1849391,7.09956924e-10,9.107443400000001,0.00152477968,0.113892506,3.69759814e-05,4.5365064e-06,0.00165179187,0.1360857994,3.69759814e-05,4.5365064e-06,0.00186853533,0.19539783,3.69759814e-05,4.5365064e-06,0.0020403036400000003,0.230494764,3.69759814e-05,4.5365064e-06,2.5029306173324586
155,1656436200,2.8187981000000003e-05,2.8187993300000004e-05,0.009209967110000005,1.0540977040000001,0.029473936500000002,0.00419250123,0.008678092450000003,0.00673114747,4.23920267e-06,3.58580585e-05,14.265734200000002,50.2,3.82362501e-06,2.4485862199999993e-06,1.2379811599999999e-06,7.92347624e-07,6.08871926e-07,5.02817926e-07,4.379657159999999e-07,3.61467651e-07,8.169317109999999e-07,1.93831442e-07,2.86955552e-06,81.53719249999999,37.8166854,5.64787885e-10,9.144239700000002,0.0014927593400000001,0.108631196,1.699221548e-05,2.3921809999999994e-06,0.00157733836,0.12376228609999998,1.699221548e-05,2.3921809999999994e-06,0.0016543965,0.14110987049999998,1.699221548e-05,2.3921809999999994e-06,0.00179262879,0.163359608,1.699221548e-05,2.3921809999999994e-06,2.5026954889297484
155,1656436800,2.73063078e-05,2.7306319099999997e-05,0.009703515579999999,0.11963534208,0.0242082923,0.00415809528,0.0086036853,0.0066798016,2.77199142e-06,2.31306651e-05,13.8006993,37.9,3.3651384800000004e-06,2.51010756e-06,1.1710673999999998e-06,7.92900943e-07,6.176744829999999e-07,5.06199834e-07,4.28617188e-07,3.770008240000001e-07,8.158066150000001e-07,1.9514564799999999e-07,2.87329794e-06,81.77807059999999,38.7634141,5.377615159999999e-10,9.15218045,0.0015092698200000001,0.10993394819999999,9.821586899999999e-06,1.5782270500000003e-06,0.0015814298000000001,0.1219864386,9.821586899999999e-06,1.5782270500000003e-06,0.0015718071,0.12231194669999998,9.821586899999999e-06,1.5782270500000003e-06,0.0017939918500000003,0.156929736,9.821586899999999e-06,1.5782270500000003e-06,2.502808356285095
155,1656437400,2.6652457999999998e-05,2.6652468900000003e-05,-0.013367305749999999,0.0016312408200000004,0.0221655429,0.0041184082100000005,0.0084483664,0.006601826650000001,2.4682826100000004e-06,2.00029892e-05,13.155594500000001,32.7,3.1930135399999997e-06,2.40956215e-06,1.1566544e-06,8.086157489999999e-07,5.95021617e-07,5.107465060000001e-07,4.24982857e-07,3.59186761e-07,8.067305450000001e-07,1.9138349199999997e-07,2.8702403100000004e-06,82.23257269999999,39.5084104,5.205812539999999e-10,9.1550989,0.00149722791,0.10897856940000002,9.17763081e-06,1.49006427e-06,0.00155947455,0.1186152006,9.17763081e-06,1.49006427e-06,0.00153018216,0.11461856899999998,9.17763081e-06,1.49006427e-06,0.0017636652200000002,0.15304720600000002,9.17763081e-06,1.49006427e-06,2.502830910682678
155,1656438000,2.6938150299999997e-05,2.69381548e-05,0.00431841923,-0.007860959274,0.0204995409,0.00414013837,0.008542809849999998,0.00666558617,2.60634276e-06,2.0624154100000004e-05,13.6083919,35.8,3.38700244e-06,2.40149062e-06,1.1470689900000002e-06,7.864969850000001e-07,6.19643181e-07,4.91765787e-07,4.11526905e-07,3.7144763899999997e-07,8.036571869999999e-07,1.9373823099999998e-07,2.85511595e-06,82.089406,38.970714300000004,5.303318e-10,9.151558300000001,0.00149657235,0.1087009064,7.75247262e-06,1.4752247999999998e-06,0.00156407594,0.1182246036,7.75247262e-06,1.4752247999999998e-06,0.0015896420599999998,0.12373591799999999,7.75247262e-06,1.4752247999999998e-06,0.0017728645499999998,0.15422811,7.75247262e-06,1.4752247999999998e-06,2.5027564764022827
155,1656438600,0.00011667390449999998,0.00011667436889999999,0.11625189440000001,8.3435441116,0.071658989,0.006097592749999999,0.01260867195,0.00901549579,9.031205453999998e-05,0.0006762391595,34.7639853,112.6,3.557822149999999e-05,1.263441912e-05,2.64615867e-06,1.355176249e-06,7.946738029999999e-07,5.678132360000001e-07,4.4716791e-07,3.7969427299999997e-07,8.37996794e-07,1.9682570199999997e-07,2.89917108e-06,71.8012438,26.65994213,3.406696909e-09,8.92515355,0.0016316009400000001,0.15708841560000003,0.00040007637612999994,4.9339462849999995e-05,0.00204510857,0.37047176660000003,0.00040007637612999994,4.9339462849999995e-05,0.00321628164,1.323539568,0.00040007637612999994,4.9339462849999995e-05,0.00305169653,1.180531927,0.00040007637612999994,4.9339462849999995e-05,2.502887749671936
155,1656439200,0.00010149359499999999,0.00010149372649999998,-0.16923763869999997,12.15919051,0.0801574297,0.006424725660000001,0.0131720066,0.00958095699,7.803633159999999e-05,0.0006567946720000001,42.854895600000006,155.8,3.31611068e-05,8.69689275e-06,1.98449216e-06,1.012103956e-06,6.83166042e-07,5.319977570000001e-07,4.34602093e-07,3.7857131799999994e-07,8.170650270000002e-07,1.9521808800000002e-07,2.8516517700000003e-06,68.51427340000001,18.344500599999996,2.911199829e-09,8.8579565,0.00160200341,0.13004142189999998,0.0003291779685,4.6157078599999995e-05,0.00202590654,0.28245410400000004,0.0003291779685,4.6157078599999995e-05,0.003703873420000001,1.325247284,0.0003291779685,4.6157078599999995e-05,0.0032460927600000003,0.8787734370000001,0.0003291779685,4.6157078599999995e-05,2.5027228116989138
155,1656439800,3.41762498e-05,3.4176270099999996e-05,0.0980726911,11.128145521139999,0.042524105500000006,0.004405143889999999,0.00901517305,0.006977312269999999,1.9624224389999996e-05,0.0001964903921,17.1013984,73.0,6.021611370000001e-06,3.149357950000001e-06,1.24009812e-06,8.29488797e-07,6.443720210000001e-07,5.08016219e-07,4.2076274399999997e-07,3.80260399e-07,8.336582719999999e-07,1.95339433e-07,2.86499668e-06,79.18083200000001,32.9245374,7.478607399999999e-10,9.101082649999999,0.00152178866,0.11535945789999999,5.1978330899999997e-05,6.217201610000001e-06,0.00159700259,0.13360541139999998,5.1978330899999997e-05,6.217201610000001e-06,0.00186760372,0.210739389,5.1978330899999997e-05,6.217201610000001e-06,0.0019614062499999996,0.24798336399999998,5.1978330899999997e-05,6.217201610000001e-06,2.502755069732666
155,1656440400,2.44139e-05,2.4413906800000003e-05,0.02232586014,0.07149680204,0.0243088841,0.003937542259999999,0.008110082850000002,0.00632238019,2.1405251100000003e-06,1.90700224e-05,10.72552435,31.2,2.3445414399999997e-06,2.1481566300000005e-06,1.10695494e-06,8.21125914e-07,6.166396310000001e-07,5.18619253e-07,4.2282119699999997e-07,3.67967662e-07,7.959671149999999e-07,1.9366830800000002e-07,2.87041971e-06,83.4953607,42.7709424,4.5368862599999993e-10,9.1764451,0.00150642826,0.109886726,8.96320511e-06,1.225467657e-06,0.0015239564099999998,0.11367773799999999,8.96320511e-06,1.225467657e-06,0.0012936065900000001,0.0825318989,8.96320511e-06,1.225467657e-06,0.0016001117299999999,0.126020415,8.96320511e-06,1.225467657e-06,2.5026371002197267
155,1656441000,2.48114588e-05,2.4811467100000006e-05,0.0080217598,0.20338320547000005,0.022256954000000002,0.00396068599,0.00816590165,0.00635391118,2.6760223299999998e-06,2.42816669e-05,11.0716784,34.8,2.5686819600000003e-06,2.1603964200000002e-06,1.12020494e-06,7.89794548e-07,6.28593623e-07,4.81368057e-07,4.24695231e-07,3.6629252600000004e-07,7.953971369999999e-07,1.96605136e-07,2.8736409100000003e-06,83.32761650000002,42.1388381,4.66924415e-10,9.1710837,0.00149739058,0.10895814050000001,1.305653064e-05,1.6463089690000003e-06,0.0015305319000000002,0.11406830999999999,1.305653064e-05,1.6463089690000003e-06,0.0013303598,0.0913139508,1.305653064e-05,1.6463089690000003e-06,0.00162588521,0.1301648456,1.305653064e-05,1.6463089690000003e-06,2.5028759956359865
155,1656441600,2.5609718e-05,2.5609730299999997e-05,0.009263032918699999,0.16117037939999998,0.0242056866,0.0040246794,0.008302738899999999,0.00644094098,3.12683216e-06,3.0415896899999998e-05,11.942307499999998,34.3,2.8862938400000003e-06,2.23033941e-06,1.12193222e-06,8.070346849999999e-07,6.052505010000001e-07,4.96878036e-07,4.2593765e-07,3.61416547e-07,8.07845524e-07,1.9466222799999995e-07,2.86709137e-06,82.78528589999999,40.9081905,4.898162470000001e-10,9.164998599999999,0.00149340843,0.1080831074,1.1758988889999999e-05,1.61522147e-06,0.00153284388,0.11402354210000001,1.1758988889999999e-05,1.61522147e-06,0.0013968757899999998,0.10008459300000001,1.1758988889999999e-05,1.61522147e-06,0.00170602225,0.14390594799999998,1.1758988889999999e-05,1.61522147e-06,2.5028933763504027
155,1656442200,7.30619242e-05,7.30619383e-05,-0.051023337339999995,9.183513658799999,0.052088178500000006,0.004537030160000001,0.008816585600000001,0.006754460669999999,9.886376635000001e-05,0.0007441248207,15.496503200000001,75.2,1.943901741e-05,8.173518549999999e-06,1.87983122e-06,9.796843499999999e-07,7.532003310000001e-07,5.58566548e-07,4.74024823e-07,3.8926823299999993e-07,8.114984460000001e-07,1.9518055199999997e-07,2.8770877e-06,77.7095609,34.72169957999999,2.0066472090000003e-09,9.055378099999999,0.00155621078,0.13017749939999998,0.00043605688267000007,5.2102270330000007e-05,0.00161273945,0.19958266949999998,0.00043605688267000007,5.2102270330000007e-05,0.0019193436799999999,0.8158518786,0.00043605688267000007,5.2102270330000007e-05,0.00199721282,0.671681153,0.00043605688267000007,5.2102270330000007e-05,2.502790427207947
155,1656442800,2.4082878400000002e-05,2.4082883400000003e-05,0.003460442070000001,0.021954992570000005,0.0216666474,0.003913614399999999,0.00806060875,0.00628633822,2.0919233600000003e-06,1.8181813900000003e-05,10.2622377,28.9,2.37773514e-06,2.00144337e-06,1.10777538e-06,7.83624467e-07,6.27362826e-07,5.123267760000001e-07,4.2162461100000004e-07,3.54804793e-07,7.96109722e-07,1.92979299e-07,2.86542771e-06,83.7007266,43.1266068,4.46671536e-10,9.176679799999999,0.0015050726900000002,0.109608165,6.863267240000001e-06,1.1279945890000002e-06,0.00148856567,0.1079303591,6.863267240000001e-06,1.1279945890000002e-06,0.00129853095,0.0833990204,6.863267240000001e-06,1.1279945890000002e-06,0.0015876500299999998,0.122487616,6.863267240000001e-06,1.1279945890000002e-06,2.5027636766433714
155,1656443400,2.4308287299999998e-05,2.43082934e-05,0.00723604083,-0.00828106004,0.020011213,0.0039329713,0.00811913745,0.006316043679999999,1.9232529400000003e-06,1.6653013900000005e-05,10.7674826,25.9,2.3877971200000004e-06,2.11988236e-06,1.1170174200000001e-06,7.902335640000001e-07,6.05790141e-07,4.93267193e-07,4.27347287e-07,3.58865695e-07,8.051013560000001e-07,1.96049617e-07,2.85273153e-06,83.53234259999999,42.7293836,4.5292522099999996e-10,9.174481000000002,0.00148912222,0.10766746599999999,6.10626951e-06,1.0547543039999999e-06,0.0015279573,0.1131013163,6.10626951e-06,1.0547543039999999e-06,0.001327839,0.08569117750000001,6.10626951e-06,1.0547543039999999e-06,0.00159410561,0.12353574999999999,6.10626951e-06,1.0547543039999999e-06,2.5028097867965697
155,1656444000,2.73102368e-05,2.7310248199999996e-05,0.19913376159999996,10.351602413956,0.040814069999999994,0.00398283401,0.00814233025,0.00632078293,1.270096783e-05,0.00013326865429999998,10.874125849999999,39.9,3.55872961e-06,2.26407337e-06,1.1752842400000002e-06,8.1484699e-07,6.522540240000001e-07,5.218361720000001e-07,4.28127126e-07,3.59985145e-07,8.064487199999999e-07,1.92362858e-07,2.8811453599999996e-06,82.41499590000001,40.5888128,5.41894239e-10,9.156317999999999,0.00150308402,0.11420097249999998,8.12978532e-05,8.251225668e-06,0.00153256828,0.11494538509999999,8.12978532e-05,8.251225668e-06,0.0013673095599999999,0.14773367029999998,8.12978532e-05,8.251225668e-06,0.0016197985000000002,0.1374113215,8.12978532e-05,8.251225668e-06,2.5027963876724244
155,1656444600,2.71252658e-05,2.7125270599999997e-05,-0.03671478015000001,0.97438028126,0.026907367100000003,0.00404901145,0.008367284450000002,0.006444506770000001,5.724069040000001e-06,4.40184735e-05,12.3846156,44.4,3.53452171e-06,2.2460054799999997e-06,1.16748873e-06,8.12873601e-07,6.13044384e-07,5.09474991e-07,4.3070871199999996e-07,3.68517178e-07,8.0826712e-07,1.9625862099999999e-07,2.8753273e-06,82.4771326,40.5365191,5.37517793e-10,9.15642015,0.0015131840300000002,0.1117361169,2.1412176690000004e-05,2.884641594e-06,0.0015504931999999999,0.11842175969999999,2.1412176690000004e-05,2.884641594e-06,0.00139702119,0.1222115955,2.1412176690000004e-05,2.884641594e-06,0.00168009959,0.15704721149999998,2.1412176690000004e-05,2.884641594e-06,2.502853751182556
155,1656445200,2.6087092499999996e-05,2.60870976e-05,0.018120194589999996,0.4445224736999999,0.027320531900000007,0.00403984126,0.0083218477,0.006443269829999999,3.6970811199999994e-06,2.9746932799999995e-05,12.1695805,42.4,2.55057616e-06,2.23608127e-06,1.12204409e-06,8.418863340000001e-07,6.548393950000001e-07,6.99545634e-07,4.774326169999999e-07,4.0552581e-07,9.83196003e-07,1.97656125e-07,2.8746980199999998e-06,82.2771131,41.558446999999994,4.934275559999999e-10,9.16339855,0.00153817074,0.12176781290000001,8.88634069e-06,1.27398401e-06,0.00154461811,0.1160892761,8.88634069e-06,1.27398401e-06,0.00134327908,0.0891782079,8.88634069e-06,1.27398401e-06,0.00165405308,0.13364582799999997,8.88634069e-06,1.27398401e-06,2.5027820110321044
155,1656445800,2.5301593800000002e-05,2.5301604700000004e-05,0.04140200085,1.0449527482299998,0.0264454554,0.00396869406,0.008188054649999998,0.006340747030000001,3.78322031e-06,3.31550562e-05,11.3269232,39.3,2.59702027e-06,2.16476465e-06,1.15956839e-06,7.752371780000001e-07,6.70640777e-07,5.57156328e-07,4.4264912799999997e-07,4.01827458e-07,8.29944353e-07,1.93559844e-07,2.85828049e-06,82.8464693,41.7849249,4.78736253e-10,9.1669612,0.00152469437,0.11551313960000001,1.3653174170000001e-05,1.6832016549999998e-06,0.0015182732,0.1132295445,1.3653174170000001e-05,1.6832016549999998e-06,0.00131240153,0.0889920804,1.3653174170000001e-05,1.6832016549999998e-06,0.0016277202799999998,0.135454994,1.3653174170000001e-05,1.6832016549999998e-06,2.5028069734573366
155,1656446400,2.7369801666666666e-05,2.7369816444444442e-05,0.1336880762,6.990097341666666,0.046564230888888884,0.0040327444555555555,0.008256077444444445,0.006420375466666666,7.3469548444444435e-06,6.647780977777777e-05,11.649184111111111,37.22222222222222,3.304672022222222e-06,2.4214540444444443e-06,1.2156280666666668e-06,8.154467788888889e-07,6.302748444444444e-07,5.284829066666667e-07,4.3118623222222225e-07,3.7779767e-07,8.371329766666666e-07,1.9798469666666664e-07,2.924794588888889e-06,82.13084977777777,40.247517333333334,5.373646877777777e-10,9.155974722222222,0.0015041182555555555,0.11154743433333333,5.442935608888889e-05,5.531434727777778e-06,0.0015577120777777777,0.12152804499999997,5.442935608888889e-05,5.531434727777778e-06,0.0013904104666666666,0.120433341,5.442935608888889e-05,5.531434727777778e-06,0.001674362888888889,0.15729261933333333,5.442935608888889e-05,5.531434727777778e-06,2.50279082192315
155,1656447000,4.24684824e-05,4.24706117e-05,0.31248437233000004,20.71519538112,0.05189776659999999,0.004211951,0.00845848245,0.006499016530000001,3.7113018000000005e-05,0.0003625229507,12.456293499999997,56.4,9.82760866e-06,3.49119691e-06,1.2496415399999998e-06,8.23642498e-07,6.21341677e-07,5.08994707e-07,4.30080793e-07,3.6976772100000005e-07,8.23290687e-07,1.99542684e-07,2.89122438e-06,79.6919653,37.1748136,1.0240651880000002e-09,9.097234199999999,0.00150341151,0.1109376906,0.00016233633485,1.7280535653e-05,0.00154114466,0.126767276,0.00016233633485,1.7280535653e-05,0.00149363656,0.2768555191,0.00016233633485,1.7280535653e-05,0.00179060623,0.287166278,0.00016233633485,1.7280535653e-05,2.502773475646973
155,1656447600,3.86187416e-05,3.86187735e-05,-0.25578341438,10.743639479599999,0.0475108355,0.00443536848,0.009028031199999998,0.0068643469,2.5306176390000003e-05,0.00024320984520000006,17.367133000000003,81.4,7.85904896e-06,3.47806597e-06,1.29055609e-06,8.61510231e-07,6.353609540000001e-07,5.10814307e-07,4.2325117899999997e-07,3.75149856e-07,8.139512219999999e-07,1.94195543e-07,2.86740399e-06,78.60132899999999,32.7528798,8.911037600000002e-10,9.08532185,0.00150790476,0.11356685299999998,0.0001305963386,1.3492468359999998e-05,0.00161460749,0.1423308976,0.0001305963386,1.3492468359999998e-05,0.0017912743100000003,0.27493747,0.0001305963386,1.3492468359999998e-05,0.00198705202,0.295796212,0.0001305963386,1.3492468359999998e-05,2.502785396575928
155,1656448200,4.59450514e-05,4.59450808e-05,-0.7192395646000002,55.408563322719985,0.0647307817,0.004297576799999999,0.00855127835,0.00659704195,8.058366980000001e-05,0.0008447761096000001,14.701049000000001,92.4,1.0150123950000001e-05,4.57271812e-06,1.42814445e-06,9.160273450000001e-07,6.57545871e-07,5.153159319999999e-07,4.35991693e-07,3.63538622e-07,8.38614668e-07,1.98959764e-07,2.8954828599999997e-06,77.62518659999999,32.29081980000001,1.115900044e-09,9.063887900000001,0.0015234862700000001,0.12256863330000001,0.00026769170370000004,2.6802728530000004e-05,0.00159030993,0.1349056863,0.00026769170370000004,2.6802728530000004e-05,0.0016948819199999999,0.36106300259999996,0.00026769170370000004,2.6802728530000004e-05,0.00183132243,0.42480632200000007,0.00026769170370000004,2.6802728530000004e-05,2.502763867378235
155,1656448800,3.18308737e-05,3.18308806e-05,0.4657088958199999,21.361994935899997,0.0464943601,0.00402288769,0.0081598757,0.0063409933,2.7649373699999997e-05,0.00028878475475,11.3601399,51.3,5.82550624e-06,2.39116325e-06,1.1546247730000001e-06,8.033052089999999e-07,6.007742849999999e-07,4.893717089999999e-07,4.15905524e-07,3.7068218599999997e-07,8.12111295e-07,1.9728411600000003e-07,2.85459511e-06,81.2004675,37.9704303,6.880532209999999e-10,9.12836365,0.00148281179,0.1077417917,0.00016580298997,1.7938068507e-05,0.0015365154100000001,0.12206054499999999,0.00016580298997,1.7938068507e-05,0.00141269105,0.242600434,0.00016580298997,1.7938068507e-05,0.0016453990499999999,0.17194321280000002,0.00016580298997,1.7938068507e-05,2.502722716331482
155,1656449400,2.53176795e-05,2.5317686500000003e-05,-0.001717949099999999,0.33985308056999997,0.0243676782,0.00398603301,0.008197880199999999,0.006391919729999999,3.27677966e-06,2.9348902599999998e-05,11.632866949999999,34.5,2.74458765e-06,2.15555497e-06,1.17014816e-06,8.010545580000001e-07,6.23769833e-07,4.9646222e-07,4.29556838e-07,3.69754429e-07,8.052995970000001e-07,1.9461279300000001e-07,2.8678139200000004e-06,83.05956,41.739556300000004,4.817968530000001e-10,9.16675085,0.00149553393,0.1089221891,1.286754642e-05,1.7390867599999998e-06,0.0015235399999999999,0.1125859625,1.286754642e-05,1.7390867599999998e-06,0.0013461044999999998,0.0972809956,1.286754642e-05,1.7390867599999998e-06,0.00163255834,0.13597553599999998,1.286754642e-05,1.7390867599999998e-06,2.502750873565674
155,1656450000,4.37737864e-05,4.37738098e-05,-0.024789627150000007,1.0629272127,0.032354441,0.0045155985699999995,0.0097519635,0.00709036186,1.580570303e-05,0.00010337840120000002,17.3286712,55.9,1.0080276099999998e-05,3.78711994e-06,1.3556742000000002e-06,8.738177280000001e-07,6.241913560000001e-07,5.023723319999998e-07,4.278744649999999e-07,3.6983982099999997e-07,8.10561826e-07,1.9319351299999998e-07,2.86186842e-06,80.0934003,37.5882049,1.0743114600000003e-09,9.1017225,0.00152367832,0.11452961710000001,7.502614269999999e-05,1.1391704749e-05,0.0016498777,0.150981163,7.502614269999999e-05,1.1391704749e-05,0.0018457371899999997,0.415859352,7.502614269999999e-05,1.1391704749e-05,0.00193704817,0.3025384754999999,7.502614269999999e-05,1.1391704749e-05,2.5028262376785277
155,1656450600,7.1498041e-05,7.149804820000001e-05,-0.09802739792999997,12.3234613672,0.06558336880000001,0.004264061359999999,0.0083010874,0.006411645959999999,0.00013765402271999997,0.0012028291898,12.451049000000001,66.2,2.20904101e-05,5.29957155e-06,1.60906368e-06,9.12415887e-07,6.4930814e-07,5.014880319999999e-07,4.37420123e-07,3.66809906e-07,8.11540676e-07,1.98131347e-07,2.8728121200000006e-06,79.26360480000001,37.5889051,1.98973205e-09,9.0732698,0.00150792624,0.11513801139999999,0.0006857084161,8.422734573700002e-05,0.00162088615,0.2556821297,0.0006857084161,8.422734573700002e-05,0.00160111374,1.1801608096999998,0.0006857084161,8.422734573700002e-05,0.00172156764,0.228140077,0.0006857084161,8.422734573700002e-05,2.5028685569763183
155,1656451200,2.5110308399999997e-05,2.5110311099999997e-05,-0.00947104107,0.22369907639999997,0.022353201500000003,0.003978710170000001,0.008222124599999998,0.00636977235,3.0075196899999996e-06,2.9249238599999998e-05,11.468531500000001,39.4,2.58276681e-06,2.22419478e-06,1.1473782e-06,8.310226750000001e-07,6.20155682e-07,4.96680461e-07,4.2141769099999996e-07,3.67526975e-07,8.0014641e-07,1.98992574e-07,2.86474032e-06,83.1694956,41.770865,4.75989507e-10,9.167789599999999,0.0015036476499999999,0.10972839329999999,1.532346023e-05,1.8661908850000003e-06,0.0015380500700000002,0.11548174610000002,1.532346023e-05,1.8661908850000003e-06,0.00134041169,0.0944682725,1.532346023e-05,1.8661908850000003e-06,0.0016202140599999998,0.1310005981,1.532346023e-05,1.8661908850000003e-06,2.502753472328186
155,1656451800,2.450342e-05,2.45034266e-05,0.018047189,0.19084648249999997,0.022312802,0.0039408723,0.008133409349999999,0.00632386541,2.5282337e-06,2.4046560499999996e-05,10.798950949999998,26.7,2.3622134499999995e-06,2.1390725599999995e-06,1.1654072399999999e-06,7.993463870000001e-07,5.947450270000001e-07,5.151050290000001e-07,4.27256285e-07,3.63945604e-07,8.0968036e-07,1.98947595e-07,2.87585926e-06,83.39995289999999,42.689993599999994,4.56723669e-10,9.1740167,0.0015027779000000002,0.1099536247,7.731774159999999e-06,1.243146397e-06,0.0015369683299999999,0.1158663244,7.731774159999999e-06,1.243146397e-06,0.00126589953,0.0817726165,7.731774159999999e-06,1.243146397e-06,0.00161073295,0.1262527133,7.731774159999999e-06,1.243146397e-06,2.50288245677948
155,1656452400,2.57679005e-05,2.5767909599999995e-05,-0.032162560269999994,1.2545544767099999,0.024329180399999997,0.003984826669999999,0.008197061299999999,0.006371446479999999,5.5637891e-06,5.4339846150000004e-05,11.2447552,42.6,3.00544137e-06,2.1787418800000003e-06,1.1427903500000002e-06,7.96662522e-07,6.08518702e-07,5.05173133e-07,4.1590538899999997e-07,3.6779195200000003e-07,8.08982125e-07,1.9850634200000001e-07,2.8553464900000003e-06,82.67983609999999,41.077588399999996,4.955935060000001e-10,9.163395349999998,0.0015074377100000001,0.1098778879,2.091096229e-05,2.6635740029999996e-06,0.00152573779,0.1138324245,2.091096229e-05,2.6635740029999996e-06,0.0013455322000000003,0.10387098450000001,2.091096229e-05,2.6635740029999996e-06,0.00165041465,0.1437633676,2.091096229e-05,2.6635740029999996e-06,2.5027547597885134
155,1656453000,2.53933132e-05,2.53933249e-05,0.0017883341300000016,0.009200389400000002,0.0202283297,0.0040185911699999995,0.00828435525,0.00645264054,2.2267227699999996e-06,1.9698046699999997e-05,11.73076925,31.4,2.75364198e-06,2.28072846e-06,1.1383522099999996e-06,7.943469560000001e-07,6.0045696e-07,5.12404336e-07,4.09242994e-07,3.64639259e-07,8.00791322e-07,1.93974152e-07,2.84805635e-06,82.7695964,41.0024321,4.843944380000001e-10,9.16477005,0.0014901548000000003,0.10806679289999999,7.074016200000001e-06,1.25839476e-06,0.00153676161,0.11490707249999998,7.074016200000001e-06,1.25839476e-06,0.0014221800199999998,0.0988635276,7.074016200000001e-06,1.25839476e-06,0.0016912044299999998,0.1382501806,7.074016200000001e-06,1.25839476e-06,2.502731108665466
155,1656453600,3.09805934e-05,3.09806048e-05,-0.11976265347999997,4.028384806,0.03177341060000001,0.004183022109999999,0.008579871550000001,0.006632059510000001,1.4503500849999998e-05,0.0001459465166,13.8688811,57.2,5.07074636e-06,2.6620142399999992e-06,1.18688595e-06,7.96192671e-07,6.11491453e-07,5.11642579e-07,4.1683737999999994e-07,3.73692304e-07,8.063977209999999e-07,1.93141322e-07,2.8612061000000003e-06,81.14640340000001,37.5857521,6.58485908e-10,9.1306667,0.0014937836,0.10839758430000002,5.863236408000001e-05,6.7131628e-06,0.0015913969899999999,0.1284577481,5.863236408000001e-05,6.7131628e-06,0.00161391788,0.180239476,5.863236408000001e-05,6.7131628e-06,0.0017687261400000005,0.201770281,5.863236408000001e-05,6.7131628e-06,2.5028209924697875
155,1656454200,8.39527409e-05,8.395301480000001e-05,-0.76087461791,17.8511399215,0.06111052349999999,0.00504499378,0.010222790649999999,0.0074672685200000005,0.00011371716856000002,0.0010943784862999999,22.097902500000004,99.3,2.5963412469999997e-05,7.511488399999999e-06,1.6905271300000001e-06,9.18253102e-07,6.611079840000001e-07,5.29404499e-07,4.40704856e-07,3.7468504799999996e-07,8.221057890000002e-07,1.93845194e-07,2.8709899e-06,74.6143314,28.8269409,2.367075661e-09,8.9867825,0.0015466680300000003,0.121302673,0.00057348456963,6.459855557e-05,0.00176012606,0.21798615650000003,0.00057348456963,6.459855557e-05,0.00239511167,1.0963800256,0.00057348456963,6.459855557e-05,0.00228740158,0.6846403270000001,0.00057348456963,6.459855557e-05,2.5032347679138183
155,1656454800,3.135598279999999e-05,3.13559948e-05,0.1798207989,7.3077235190500005,0.041027506799999995,0.004264738150000001,0.008731685800000001,0.0067352919,1.560669632e-05,0.0001604848161,15.101398800000002,75.0,5.227581839999999e-06,2.70233602e-06,1.2143951899999999e-06,7.92250072e-07,6.2640985e-07,4.839957330000001e-07,4.0968953e-07,3.61732205e-07,8.04064818e-07,1.9421318400000003e-07,2.8612494900000004e-06,80.39494649999999,34.8951694,6.65422888e-10,9.12033415,0.00149855767,0.1090878565,0.00010181743525,1.085076245e-05,0.0016055386400000004,0.1295367785,0.00010181743525,1.085076245e-05,0.0017315178399999998,0.22213430300000003,0.00010181743525,1.085076245e-05,0.0018170886000000001,0.17098952400000003,0.00010181743525,1.085076245e-05,2.502335286140442
155,1656455400,2.6290960899999998e-05,2.6290978299999997e-05,-0.011663865749999999,0.16036792085,0.023054849100000004,0.00408140332,0.00839856875,0.00655103884,2.9403698500000004e-06,2.66632052e-05,12.7919579,32.7,3.1283867100000003e-06,2.2189860799999997e-06,1.1692647599999998e-06,8.012317129999999e-07,6.19409867e-07,5.217149250000001e-07,4.3247315800000003e-07,3.6562617e-07,8.098302560000001e-07,2.02252191e-07,2.8762666299999998e-06,82.4530986,40.1490723,5.079708529999999e-10,9.160992700000001,0.0015051301600000002,0.1094546646,1.4651585250000002e-05,1.96473144e-06,0.0015571402,0.11709745499999999,1.4651585250000002e-05,1.96473144e-06,0.0015376660399999999,0.11850052740000001,1.4651585250000002e-05,1.96473144e-06,0.00167801975,0.137940309,1.4651585250000002e-05,1.96473144e-06,2.502732253074646
155,1656456000,2.78069145e-05,2.78069246e-05,-0.01454730482,0.13205279861000002,0.0241213535,0.00419529487,0.0085741783,0.006698146470000001,3.4273067e-06,3.1597750500000006e-05,14.4632868,38.0,3.6037177800000004e-06,2.50401936e-06,1.1881517e-06,8.01276372e-07,6.20946968e-07,5.084367139999999e-07,4.2738597100000007e-07,3.6414596900000003e-07,8.0985543e-07,1.9381138599999996e-07,2.88160798e-06,81.5647147,38.126308400000006,5.536056669999999e-10,9.146024999999998,0.00151530765,0.110816253,1.415678325e-05,1.98662097e-06,0.0015882961600000001,0.1225383734,1.415678325e-05,1.98662097e-06,0.0016180727799999998,0.13264038000000003,1.415678325e-05,1.98662097e-06,0.001821908,0.161330635,1.415678325e-05,1.98662097e-06,2.5028058528900146
155,1656456600,3.21642114e-05,3.2164251400000005e-05,-0.037833811280000004,1.18035899947,0.026501142900000003,0.00426630403,0.008756188799999998,0.006716705379999998,8.418790599999999e-06,5.015300100000001e-05,14.952797100000002,52.4,5.20328052e-06,2.9196384099999993e-06,1.2524112e-06,8.65414584e-07,6.53964438e-07,5.17650152e-07,4.2957734100000005e-07,3.58273839e-07,8.1770946e-07,1.9400576899999998e-07,2.8700376600000003e-06,80.7017813,37.2996629,6.889321970000001e-10,9.128443749999999,0.00152823937,0.1134311882,3.855229444e-05,5.104819070000001e-06,0.0016070607499999996,0.1313186855,3.855229444e-05,5.104819070000001e-06,0.0016427093900000002,0.186668456,3.855229444e-05,5.104819070000001e-06,0.0018301055299999997,0.20745407999999999,3.855229444e-05,5.104819070000001e-06,2.5028050422668455
155,1656457200,3.30448389e-05,3.30448547e-05,-0.05293724925,1.2657589136,0.029166492100000004,0.00441454518,0.0091066756,0.007024249769999999,8.746877910000002e-06,6.267418900000001e-05,17.458042099999997,68.5,5.869217399999999e-06,2.8090113000000005e-06,1.1994109200000001e-06,8.07373295e-07,6.43415275e-07,5.03431691e-07,4.2979566500000005e-07,3.7213564900000004e-07,8.088438559999999e-07,1.9765139899999997e-07,2.88199062e-06,80.03201659999999,34.7940167,7.15766779e-10,9.11541045,0.0015102247,0.1106749985,4.559640596e-05,6.3451480799999995e-06,0.00160883273,0.1297297431,4.559640596e-05,6.3451480799999995e-06,0.0018612119499999999,0.2349686426,4.559640596e-05,6.3451480799999995e-06,0.0019394434099999996,0.199998535,4.559640596e-05,6.3451480799999995e-06,2.5027685165405273
155,1656457800,2.7358083e-05,2.73580922e-05,0.01923985483,0.10385881429999999,0.0238096753,0.004161974610000001,0.00859133525,0.006681120090000001,2.8190242799999996e-06,2.3680199099999996e-05,13.937062699999998,37.5,3.51586501e-06,2.36748357e-06,1.15336779e-06,8.2500817e-07,6.378885270000001e-07,5.03612251e-07,4.3748103199999996e-07,3.74681495e-07,8.063835190000002e-07,1.9874798300000004e-07,2.85841807e-06,81.92406499999998,38.7227828,5.4012489e-10,9.1512984,0.0015174592699999999,0.11158025200000002,9.61370545e-06,1.66226272e-06,0.0015623050100000001,0.1189287733,9.61370545e-06,1.66226272e-06,0.0016013235000000002,0.1263107946,9.61370545e-06,1.66226272e-06,0.00179546672,0.158841351,9.61370545e-06,1.66226272e-06,2.5027511596679686
155,1656458400,3.54768056e-05,3.54768362e-05,-0.18572342255000002,4.27354842071,0.0322873153,0.0043754291399999996,0.008916912150000001,0.0068736173500000015,1.6942307419999997e-05,0.0001318322484,16.4632866,76.4,6.591305589999999e-06,2.77199278e-06,1.1943760499999999e-06,8.00461899e-07,6.88812971e-07,6.35936332e-07,5.741077800000001e-07,4.319532429999999e-07,9.6410289e-07,1.96577175e-07,2.8887702899999998e-06,79.78288360000002,35.499878,7.90615653e-10,9.10930585,0.00154418924,0.12380581190000002,7.257767707e-05,1.0284765739999998e-05,0.0015891337000000002,0.1272070794,7.257767707e-05,1.0284765739999998e-05,0.0018193254700000002,0.26372800939999996,7.257767707e-05,1.0284765739999998e-05,0.0018508227900000001,0.212106527,7.257767707e-05,1.0284765739999998e-05,2.5028249263763427
155,1656459000,2.8191692e-05,2.8191701800000005e-05,-0.06551311820722999,1.8488137284200001,0.027291079500000003,0.00417341487,0.008559992399999999,0.00664236634,7.019341799999999e-06,6.98243563e-05,13.9108391,49.6,3.85099377e-06,2.49166957e-06,1.16427328e-06,8.04658841e-07,6.191585110000001e-07,5.01568141e-07,4.1892891999999995e-07,3.7317739600000004e-07,8.177726459999999e-07,1.94036021e-07,2.85951543e-06,81.4064574,37.7629314,5.66044142e-10,9.1429986,0.00151756896,0.11166007339999999,3.391587142e-05,3.9051417399999995e-06,0.0015655013699999998,0.1201957844,3.391587142e-05,3.9051417399999995e-06,0.00161923556,0.146968963,3.391587142e-05,3.9051417399999995e-06,0.00179531076,0.16123833599999998,3.391587142e-05,3.9051417399999995e-06,2.5028231382369994
155,1656459600,2.9346649200000002e-05,2.9346662500000002e-05,0.8314524807100001,28.300845360300002,0.0522265333,0.004212842929999999,0.008622396549999998,0.00672146584,6.8610497999999994e-06,6.85369585e-05,14.3793707,55.8,3.891178010000001e-06,2.5839460899999996e-06,1.2723557900000002e-06,8.69611235e-07,6.727243709999999e-07,5.49493251e-07,4.49166024e-07,3.8217294199999997e-07,8.66442373e-07,1.9584445700000003e-07,2.9402795e-06,80.8668266,37.3705384,5.90359549e-10,9.1393158,0.0015101224600000001,0.121095641,2.53736398e-05,3.0908776800000007e-06,0.0016001338699999999,0.1261067094,2.53736398e-05,3.0908776800000007e-06,0.0016557042299999998,0.146505999,2.53736398e-05,3.0908776800000007e-06,0.0018250975199999998,0.167498099,2.53736398e-05,3.0908776800000007e-06,2.502700161933899
155,1656460200,2.9340627900000003e-05,2.9340635500000002e-05,-0.05510569344999999,3.42299326275,0.028442665900000004,0.0041811602600000004,0.008571071400000001,0.00664803196,8.511606970000001e-06,7.068334270000001e-05,14.071678299999999,51.3,4.48502389e-06,2.4753539699999997e-06,1.16565492e-06,7.802344520000001e-07,6.005363170000001e-07,5.1497473e-07,4.324143959999999e-07,3.65953445e-07,8.04133227e-07,1.9503737600000002e-07,2.8509107300000003e-06,81.406586,37.4856914,6.05043703e-10,9.1369815,0.0015001517,0.10906574450000002,9.203991003e-05,9.38224689e-06,0.00155329842,0.1181456679,9.203991003e-05,9.38224689e-06,0.00165315584,0.18901484500000004,9.203991003e-05,9.38224689e-06,0.00177762044,0.157852285,9.203991003e-05,9.38224689e-06,2.502790355682373
155,1656460800,3.20729613e-05,3.20729865e-05,0.2305689413,13.055124507299999,0.056931364500000005,0.00424819626,0.0086802559,0.00672716005,1.5482107569999998e-05,0.0001555606753,14.4597905,67.2,5.19064655e-06,2.9141765299999993e-06,1.23111805e-06,8.290322780000001e-07,6.41421645e-07,5.129099710000001e-07,4.3633838e-07,3.73532028e-07,8.22143464e-07,1.9816129399999998e-07,2.88686859e-06,80.20481090000001,35.62137799999999,6.830969169999999e-10,9.120732499999999,0.00151657547,0.11244415500000002,0.00012801548747,1.2885740466e-05,0.0016045499799999998,0.1413435485,0.00012801548747,1.2885740466e-05,0.00163477039,0.20793706800000003,0.00012801548747,1.2885740466e-05,0.00183806158,0.18536447,0.00012801548747,1.2885740466e-05,2.502800226211548
155,1656461400,0.0001341470701,0.00013414710069999998,-0.4155821201,28.043598419300004,0.0872862856,0.004904040529999999,0.00968939215,0.007358680049999999,0.00043217633523,0.0045791216869,21.826923299999997,87.8,4.901309546999999e-05,9.37784315e-06,1.40423689e-06,8.613333669999999e-07,7.25318746e-07,7.16207762e-07,4.817779260000001e-07,4.4954460299999996e-07,9.34213174e-07,1.9486251300000002e-07,2.91499297e-06,74.4465122,30.495899259999998,4.058169376e-09,8.971554869999999,0.0015688997099999997,0.13446970399999997,0.0032858567414999996,0.00031683071356,0.0017245781800000002,0.247985934,0.0032858567414999996,0.00031683071356,0.00227263327,2.7733347795,0.0032858567414999996,0.00031683071356,0.00212564788,0.394197211,0.0032858567414999996,0.00031683071356,2.5027819156646727
155,1656462000,4.87756517e-05,4.8775683600000004e-05,-0.20384677234,4.649536797999999,0.035301047700000004,0.00455238084,0.009172588,0.006994445199999999,3.99356152e-05,0.00029910853870000005,17.7167834,67.3,1.196371881e-05,4.247025770000001e-06,1.43383384e-06,8.776581259999998e-07,6.608605629999999e-07,5.09798876e-07,4.2800092699999994e-07,3.81031096e-07,8.06054497e-07,1.9671794299999998e-07,2.88311354e-06,78.65690319999999,34.7379915,1.2281614520000002e-09,9.0743972,0.00153188332,0.1183148055,0.00019378341358,2.2413528730000002e-05,0.00166092015,0.17415150559999998,0.00019378341358,2.2413528730000002e-05,0.00189859143,0.43394826259999997,0.00019378341358,2.2413528730000002e-05,0.00202088666,0.398797017,0.00019378341358,2.2413528730000002e-05,2.502835273742676
155,1656462600,2.84099491e-05,2.84099743e-05,-0.039961580600000005,0.37575808042,0.023097959,0.00420940155,0.008667412950000002,0.0067419036799999995,4.25090754e-06,3.10654098e-05,14.603147100000001,43.8,3.9191110499999995e-06,2.4742951300000005e-06,1.20144562e-06,8.03545141e-07,6.298561500000001e-07,5.02484216e-07,4.3948590100000003e-07,3.6617689500000003e-07,8.19604669e-07,1.9179769899999997e-07,2.8570868699999997e-06,81.28199629999999,37.6234593,5.719299049999999e-10,9.14312835,0.00152234829,0.1125726204,1.677062457e-05,2.51356353e-06,0.0015824348300000003,0.12207684730000001,1.677062457e-05,2.51356353e-06,0.00164909666,0.1448826506,1.677062457e-05,2.51356353e-06,0.0018118935200000003,0.16573249599999998,1.677062457e-05,2.51356353e-06,2.5027150392532347
155,1656463200,3.220789810000001e-05,3.2207911000000004e-05,-0.009541551564999999,0.9580779421499998,0.0260967695,0.00435789081,0.0089834293,0.006886317700000001,7.65012453e-06,5.1246175e-05,16.7447553,60.3,5.28301689e-06,2.93401073e-06,1.26713141e-06,8.33750953e-07,6.15995477e-07,4.998111389999999e-07,4.2673579799999997e-07,3.6926741800000003e-07,8.076464090000001e-07,1.9482498e-07,2.87167028e-06,80.35785089999999,35.8091487,6.90067638e-10,9.121642899999998,0.0015017242400000002,0.11043301400000001,3.116191585e-05,4.8702139400000006e-06,0.0016249670899999998,0.1381496964,3.116191585e-05,4.8702139400000006e-06,0.0017898098099999999,0.20752555460000002,3.116191585e-05,4.8702139400000006e-06,0.00189746719,0.196644898,3.116191585e-05,4.8702139400000006e-06,2.5027652263641356
155,1656463800,2.8058403400000004e-05,2.8058416899999997e-05,-0.0262062306,1.11748640033,0.028219997199999996,0.00418246233,0.008582049849999999,0.00670056189,4.5286843500000006e-06,4.06654086e-05,14.00349655,43.2,3.8213997e-06,2.45326997e-06,1.17986273e-06,8.148243169999999e-07,5.78996119e-07,5.00772365e-07,4.1840387299999996e-07,3.6971405e-07,8.242404129999999e-07,1.9639525300000002e-07,2.8712371600000003e-06,81.5669594,37.9250019,5.612276290000001e-10,9.145009949999999,0.00148022674,0.1067414568,1.848966801e-05,2.6374419299999998e-06,0.0015694795699999996,0.12288419660000001,1.848966801e-05,2.6374419299999998e-06,0.00165072143,0.14404362739999998,1.848966801e-05,2.6374419299999998e-06,0.00179742731,0.16045281000000003,1.848966801e-05,2.6374419299999998e-06,2.5029738664627077
155,1656464400,4.01808604e-05,4.01808685e-05,0.1562132422,5.8987893296300005,0.0424882615,0.004503704,0.009158464649999998,0.00701889711,2.237916985e-05,0.0001879079453,17.5769232,72.8,8.38918019e-06,3.43340926e-06,1.3094268700000002e-06,8.65805874e-07,6.77878132e-07,5.74526655e-07,4.771742650000001e-07,3.9613138000000007e-07,8.93022269e-07,1.96734671e-07,2.87704406e-06,78.87143850000001,34.6337065,9.38812212e-10,9.090623099999998,0.0015413314400000001,0.1204310792,9.51204426e-05,1.2277800000000001e-05,0.00165922181,0.14437518789999998,9.51204426e-05,1.2277800000000001e-05,0.00189412596,0.326000039,9.51204426e-05,1.2277800000000001e-05,0.00195509333,0.281870987,9.51204426e-05,1.2277800000000001e-05,2.5031480312347414
155,1656465000,8.27113009e-05,8.271137450000001e-05,-0.9643222259000002,38.054084925,0.07904471980000001,0.00543036638,0.0108007644,0.008061753219999999,0.00013140350056,0.0013093461770999999,29.818181399999997,135.8,2.431396919e-05,8.22888868e-06,1.91543445e-06,1.004462594e-06,6.75790054e-07,5.306569490000001e-07,4.2556569099999995e-07,3.7125399099999996e-07,8.178157319999999e-07,1.9533116000000002e-07,2.87651339e-06,71.0477496,21.4568311,2.2898562750000003e-09,8.92086895,0.00154484718,0.1385137351,0.0005188211481,5.5303805950000005e-05,0.00182056745,0.29554626250000005,0.0005188211481,5.5303805950000005e-05,0.00286033656,0.9029688730000001,0.0005188211481,5.5303805950000005e-05,0.0026274933300000003,0.75592554,0.0005188211481,5.5303805950000005e-05,2.502388429641724
155,1656465600,5.0136594399999994e-05,5.01366091e-05,0.07156664422,16.1773438371,0.056673889200000015,0.004599503149999999,0.009352333099999999,0.00714781726,4.7925347980000005e-05,0.00042994475750000004,19.3758741,74.4,1.2415777750000001e-05,4.329634509999999e-06,1.59771567e-06,8.804042479999999e-07,6.39409218e-07,5.2018246e-07,4.30931335e-07,3.68324145e-07,8.293469239999999e-07,1.9696965e-07,2.85957475e-06,77.44188620000001,31.4856981,1.25783474e-09,9.059652199999999,0.00151967216,0.11652448659999999,0.0005819808881000001,5.5950975979999995e-05,0.00166054746,0.1989232554,0.0005819808881000001,5.5950975979999995e-05,0.00208831943,0.5865437889999999,0.0005819808881000001,5.5950975979999995e-05,0.0020381351699999997,0.26252048099999997,0.0005819808881000001,5.5950975979999995e-05,2.502825474739075
155,1656466200,0.00023041710230000003,0.0002304171293,-0.7888951317,68.5367179525,0.1635783592,0.0056278493199999995,0.0101828072,0.007641313080000001,0.0005709143385200001,0.005652399039700001,25.5472026,134.7,8.041548305e-05,2.2923030440000002e-05,3.896114030000001e-06,1.6912230759999999e-06,9.196744769999998e-07,6.098597629999999e-07,4.6381719999999993e-07,3.7389666399999995e-07,8.375788770000001e-07,1.9290596699999998e-07,2.88492093e-06,65.7265441,20.341369739999998,7.148426819999999e-09,8.761354729999999,0.00156629043,0.17654325750000002,0.0020417223888999996,0.00021354061192,0.0018226228699999999,0.36178950700000007,0.0020417223888999996,0.00021354061192,0.0029539048799999998,2.517757296,0.0020417223888999996,0.00021354061192,0.0027865267000000003,3.255049037,0.0020417223888999996,0.00021354061192,2.502763032913208
155,1656466800,0.00023026891710000003,0.0002302689243,-1.47340642001,73.4949231133,0.1322734636,0.00511849179,0.00933179575,0.00711271298,0.00077663953782,0.0082232941248,18.994755200000004,90.8,8.563912965999999e-05,2.000213467e-05,2.4726698999999997e-06,1.0582521520000002e-06,7.07407472e-07,5.439186599999999e-07,4.4250586300000004e-07,3.6968341399999996e-07,8.32568864e-07,1.9416944600000003e-07,2.8719692299999993e-06,70.2393651,28.42522866,7.208890975000001e-09,8.84445764,0.00153855399,0.12885521930000002,0.0031544943566299997,0.00034305613468000007,0.0017661945799999999,0.544662964,0.0031544943566299997,0.00034305613468000007,0.0024567164599999997,3.5050321529999997,0.0031544943566299997,0.00034305613468000007,0.00233389138,2.1353428679999995,0.0031544943566299997,0.00034305613468000007,2.5026966094970704
155,1656467400,8.09006373e-05,8.090065049999999e-05,0.36124138149,35.5027090146,0.0860906888,0.00427538108,0.008464309250000001,0.006566042779999999,0.00024919553017000004,0.0026568541831999996,13.0122377,52.6,2.2994073389999997e-05,9.30682149e-06,1.5537665599999999e-06,8.285580579999999e-07,5.9350273e-07,5.07398531e-07,4.461120719999999e-07,3.56666882e-07,8.149536960000001e-07,1.9588717000000002e-07,2.8524733e-06,77.9814845,35.496353299999996,2.286426859e-09,9.0469563,0.00150690611,0.112410447,0.00031830255617999997,3.255320519999999e-05,0.00158959418,0.2323025804,0.00031830255617999997,3.255320519999999e-05,0.0015907986699999997,0.397646273,0.00031830255617999997,3.255320519999999e-05,0.0019276676699999998,1.305053688,0.00031830255617999997,3.255320519999999e-05,2.5027507066726686
155,1656468000,3.68063363e-05,3.68063571e-05,-0.5855860978599998,15.6785209855,0.034601866599999996,0.00432736999,0.0087763474,0.0067727966099999995,2.742685518e-05,0.0002739925949,15.45804205,66.7,7.616708070000002e-06,2.9396924800000002e-06,1.2421534500000003e-06,8.12968479e-07,6.11298026e-07,5.07077907e-07,4.2809505699999994e-07,3.750055980000001e-07,8.01431973e-07,1.96647722e-07,2.87206165e-06,79.36335210000001,34.1671292,8.376037670000001e-10,9.0961927,0.0015095661299999999,0.11116133479999998,0.0001462148976,1.5957641709999998e-05,0.00162335953,0.13655108,0.0001462148976,1.5957641709999998e-05,0.0017389238600000003,0.2992585885,0.0001462148976,1.5957641709999998e-05,0.0018668114599999998,0.235648065,0.0001462148976,1.5957641709999998e-05,2.502627444267273
155,1656468600,3.194013029999999e-05,3.19401497e-05,-0.32421680532999997,7.049587398,0.0299137712,0.0042780563,0.00876003365,0.006774368450000001,1.666093012e-05,0.00017166331089999999,15.0227273,58.8,5.2924997699999995e-06,2.8289280600000003e-06,1.1996562999999998e-06,8.202987940000001e-07,6.26665188e-07,5.24853901e-07,4.378371100000001e-07,3.6059102700000005e-07,8.089711709999999e-07,1.91093701e-07,2.87863176e-06,80.38317599999999,36.06764600000001,6.82681083e-10,9.121731800000001,0.00152134961,0.111744229,5.623704329e-05,6.41494114e-06,0.0015832689199999999,0.124009419,5.623704329e-05,6.41494114e-06,0.0016522487500000003,0.188255544,5.623704329e-05,6.41494114e-06,0.0018897310799999996,0.219954874,5.623704329e-05,6.41494114e-06,2.5030092000961304
155,1656469200,5.816793e-05,5.81679344e-05,0.56011173274,22.175356445499993,0.05886379900000001,0.00484682471,0.0101578374,0.00744538634,6.374360288e-05,0.0006272628652000001,21.4318184,80.8,1.569340075e-05,4.973530039999999e-06,1.5091445000000002e-06,8.768657780000002e-07,6.703667099999999e-07,5.89139091e-07,4.63694924e-07,3.8778402500000004e-07,8.638539000000001e-07,1.9550968300000002e-07,2.86061533e-06,76.3862395,30.6452068,1.5204232089999999e-09,9.029993299999997,0.00155335939,0.122922592,0.00018249692959999999,2.4322253089999996e-05,0.0017266916099999998,0.18125555459999998,0.00018249692959999999,2.4322253089999996e-05,0.00221308578,0.5486336159999999,0.00018249692959999999,2.4322253089999996e-05,0.0022657838700000004,0.536624869,0.00018249692959999999,2.4322253089999996e-05,2.5025853633880617
155,1656469800,4.01722372e-05,4.0172243000000006e-05,-0.05912351379999997,4.0847461781000005,0.0374772352,0.00457916486,0.009482215399999999,0.00718264043,1.6668443740000003e-05,0.00014760898679999998,19.388111700000003,66.7,8.309949850000001e-06,3.74790006e-06,1.30119139e-06,8.60350962e-07,6.394210369999999e-07,5.17196242e-07,4.2940054600000004e-07,3.70105779e-07,8.33264197e-07,1.94783455e-07,2.88251929e-06,79.06427070000001,34.037393200000004,9.42729947e-10,9.092021599999999,0.00152607533,0.11547787950000002,6.86598951e-05,8.444816339999999e-06,0.00166691224,0.15057756400000002,6.86598951e-05,8.444816339999999e-06,0.00203073815,0.313734645,6.86598951e-05,8.444816339999999e-06,0.0020626780500000003,0.29882480899999997,6.86598951e-05,8.444816339999999e-06,2.502731108665466
155,1656470400,3.0020443800000002e-05,3.0020458699999998e-05,-0.05105046390000001,2.6739387974999995,0.0322063158,0.00424205201,0.008737230199999998,0.00676221165,7.19344728e-06,6.49975631e-05,15.2569929,58.8,4.4319568799999995e-06,2.64076544e-06,1.16940336e-06,8.0558316e-07,6.312707269999999e-07,5.515902860000001e-07,4.7069614600000005e-07,3.934812610000001e-07,8.784442929999999e-07,1.9720994500000002e-07,2.83967707e-06,80.6545792,36.7726036,6.1903689e-10,9.131904500000001,0.00151844465,0.11265993649999999,2.18247483e-05,3.05365869e-06,0.0015759709600000002,0.12274307370000001,2.18247483e-05,3.05365869e-06,0.00165719017,0.15252865050000003,2.18247483e-05,3.05365869e-06,0.0018485625699999997,0.197018805,2.18247483e-05,3.05365869e-06,2.502740263938904
155,1656471000,5.4818245500000004e-05,5.4818275299999996e-05,-0.15086185295,7.451673324700001,0.048473229500000006,0.00493643071,0.010127070149999999,0.00760060288,3.90169865e-05,0.0002922527026,24.11188825,82.8,1.443422603e-05,4.92435621e-06,1.3707594900000003e-06,8.771767299999999e-07,6.29356465e-07,4.985222869999999e-07,4.2963479000000003e-07,3.63025142e-07,8.126025329999999e-07,1.9723277800000002e-07,2.8721642099999998e-06,76.85660199999998,31.179990450000002,1.41884129e-09,9.0342952,0.00152935739,0.11445184560000002,0.00022675402143,2.834051101e-05,0.00168225574,0.164807118,0.00022675402143,2.834051101e-05,0.00236985932,0.6157279005999999,0.00022675402143,2.834051101e-05,0.00228054133,0.40098968999999995,0.00022675402143,2.834051101e-05,2.50331449508667
155,1656471600,2.8184357e-05,2.8184366599999997e-05,0.018978623059999998,0.48604240034,0.0246300815,0.0041924782199999995,0.00865513755,0.006729054819999999,4.881634080000001e-06,4.42552158e-05,14.382867300000001,44.6,3.90782072e-06,2.37551129e-06,1.1874947500000003e-06,7.943966120000001e-07,6.32822243e-07,5.06589466e-07,4.4419842600000003e-07,3.76289888e-07,8.106818759999999e-07,1.97817818e-07,2.8584333600000003e-06,81.64394039999999,38.1732289,5.651289e-10,9.14537015,0.00151016641,0.11053190700000001,2.5022887260000004e-05,3.36401269e-06,0.00156506511,0.1190500287,2.5022887260000004e-05,3.36401269e-06,0.00164142147,0.151051135,2.5022887260000004e-05,3.36401269e-06,0.0017905544699999998,0.157373013,2.5022887260000004e-05,3.36401269e-06,2.5023058891296386
155,1656472200,2.9511452499999997e-05,2.9511466400000004e-05,-0.048298728539999995,0.6145592848,0.026170084500000003,0.004250053280000001,0.00878832305,0.0068052304600000006,5.108905989999999e-06,4.47839605e-05,15.979021000000003,55.9,4.38179586e-06,2.5486451e-06,1.17701974e-06,8.247212549999999e-07,6.33809298e-07,5.073149330000001e-07,4.28624076e-07,3.7630549600000003e-07,8.18253408e-07,1.96184491e-07,2.8630035000000004e-06,81.25265950000001,37.61181409999999,6.07387291e-10,9.138373399999999,0.00151525666,0.1119653177,1.746517181e-05,2.7617424000000002e-06,0.00156470275,0.12158926880000001,1.746517181e-05,2.7617424000000002e-06,0.0016999247700000002,0.163917932,1.746517181e-05,2.7617424000000002e-06,0.00183334603,0.177851527,1.746517181e-05,2.7617424000000002e-06,2.502784252166748
155,1656472800,3.0026791800000004e-05,3.0026803499999998e-05,0.09217839035000001,1.6717380654399996,0.0320097087,0.004252425779999999,0.0087682593,0.006780087579999999,8.119551180000002e-06,7.78084912e-05,15.952797099999998,44.0,4.590862989999999e-06,2.6382286500000004e-06,1.1698386300000002e-06,8.02097838e-07,6.17555173e-07,5.07301094e-07,4.11049175e-07,3.7287889799999996e-07,8.285044219999999e-07,1.96611948e-07,2.8783437800000005e-06,81.200546,37.366602400000005,6.233127030000001e-10,9.1348969,0.00149188222,0.10850112599999999,3.844908076e-05,4.47370459e-06,0.0015912871400000001,0.1246261792,3.844908076e-05,4.47370459e-06,0.0016498685700000002,0.16641700500000003,3.844908076e-05,4.47370459e-06,0.0018774867700000002,0.18912952700000002,3.844908076e-05,4.47370459e-06,2.50280556678772
155,1656473400,3.54109505e-05,3.54109733e-05,0.07783831819999998,10.237090897000002,0.0423391353,0.00445303868,0.009083614799999999,0.007004076840000001,1.682880845e-05,0.00014942497200000002,18.055944,76.7,6.69485105e-06,3.19564687e-06,1.23277806e-06,7.93718498e-07,6.32591273e-07,5.183938759999999e-07,4.2376347e-07,3.6302699100000003e-07,7.965589160000001e-07,1.9875889800000001e-07,2.8553262600000004e-06,78.8983792,31.924273799999998,7.86072605e-10,9.09442695,0.0015154784400000002,0.11199298399999999,0.0001255618847,1.322061306e-05,0.00160353297,0.13875898990000002,0.0001255618847,1.322061306e-05,0.00190899398,0.267189665,0.0001255618847,1.322061306e-05,0.0019781621899999996,0.22788983299999996,0.0001255618847,1.322061306e-05,2.50288188457489
155,1656474000,3.003374060000001e-05,3.00337639e-05,-0.0802719409,1.82840725517,0.030923025400000005,0.004280251989999999,0.008790276,0.0068134326100000005,7.60770397e-06,6.952350759999999e-05,15.875874300000001,64.0,4.70273134e-06,2.56205336e-06,1.15307441e-06,8.054217520000001e-07,6.251474340000001e-07,4.95945842e-07,4.31010953e-07,3.61039586e-07,8.18979694e-07,1.98470044e-07,2.86290969e-06,80.71609809999998,35.7426782,6.21763675e-10,9.130104,0.0014976525900000002,0.10873609240000001,4.88850503e-05,5.5015760300000005e-06,0.0015825988499999998,0.1223935309,4.88850503e-05,5.5015760300000005e-06,0.0017779538900000002,0.18405646199999998,4.88850503e-05,5.5015760300000005e-06,0.00184087567,0.175599268,4.88850503e-05,5.5015760300000005e-06,2.5026281118392943
155,1656474600,3.08062906e-05,3.080629740000001e-05,-0.0441619882,2.4587353203999998,0.0377425005,0.00431485848,0.008872172250000001,0.006867512219999999,7.23095138e-06,6.775226449999998e-05,16.349650500000003,60.9,5.06379335e-06,2.6165849399999997e-06,1.1750641e-06,7.72922877e-07,6.05725801e-07,4.83526822e-07,4.28289875e-07,3.5982968300000003e-07,8.065527199999999e-07,1.96742211e-07,2.8939334599999998e-06,81.01476849999999,35.8691838,6.477631859999999e-10,9.1278104,0.00148495361,0.1080938897,2.8985539800000002e-05,4.12497389e-06,0.0015811176900000002,0.12211531199999999,2.8985539800000002e-05,4.12497389e-06,0.00181442276,0.19610419299999998,2.8985539800000002e-05,4.12497389e-06,0.00187289879,0.18710383400000002,2.8985539800000002e-05,4.12497389e-06,2.50277841091156
155,1656475200,8.38360323e-05,8.383605380000002e-05,-0.48300742378,22.037983286299998,0.07051838769999999,0.00521954698,0.01045168745,0.00768216798,0.00011850634232999999,0.0011763002695000001,25.138112099999997,107.2,2.5366483259999997e-05,7.70632489e-06,1.94900907e-06,1.0011286159999999e-06,6.86842895e-07,5.426222980000001e-07,4.30929842e-07,3.6185074700000004e-07,8.181811720000002e-07,1.9584138500000003e-07,2.8587573299999996e-06,73.09835519999999,25.958350099999997,2.3473022329999998e-09,8.9572146,0.00157148403,0.1308309415,0.00050965869223,5.292359953000001e-05,0.0017906079199999998,0.275333527,0.00050965869223,5.292359953000001e-05,0.0025890129600000004,0.8985460001,0.00050965869223,5.292359953000001e-05,0.00248797324,0.8215253450000001,0.00050965869223,5.292359953000001e-05,2.5028777599334715
155,1656475800,0.00012735914659999997,0.00012735916590000002,-0.9675149358,41.524861391499996,0.0652712147,0.004687648629999999,0.009052677200000001,0.0069708417800000005,0.00029458198430999997,0.0030787905847000003,17.4405594,66.7,4.144904026e-05,1.2547699629999998e-05,2.6691832700000003e-06,1.061903639e-06,6.884158070000001e-07,5.581058489999999e-07,4.21349819e-07,3.8026555299999997e-07,8.196225390000001e-07,2.00948569e-07,2.88295596e-06,75.8365271,32.338284800000004,3.796053448000001e-09,9.0053707,0.0015328180500000003,0.1355070034,0.0019668541978499995,0.00020304353119000003,0.00168130493,0.43551930299999997,0.0019668541978499995,0.00020304353119000003,0.00216896505,2.0152162174000003,0.0019668541978499995,0.00020304353119000003,0.00206859908,0.785595733,0.0019668541978499995,0.00020304353119000003,2.5027167081832884
155,1656476400,0.0001021005031,0.00010210070070000002,0.2728508472200001,64.22507228880002,0.11459186810000004,0.00505001222,0.010034414699999999,0.007490999430000001,0.0001692242758,0.0016187397997,21.96853105,92.4,2.678825746e-05,1.300952538e-05,3.30034991e-06,1.511227142e-06,8.80997017e-07,6.3857969e-07,4.896102630000001e-07,3.9568893499999997e-07,8.508038339999999e-07,2.03479915e-07,2.9818633500000004e-06,70.74417979999998,25.7611828,2.8567533919999996e-09,8.9276686,0.0015899635999999998,0.2144740171,0.00076781927805,7.714882970999999e-05,0.0017704469600000002,0.4185172510000001,0.00076781927805,7.714882970999999e-05,0.0023231950400000004,0.900597948,0.00076781927805,7.714882970999999e-05,0.00240702765,1.079329071,0.00076781927805,7.714882970999999e-05,2.5027857780456544
155,1656477000,6.490854229999999e-05,6.490857179999999e-05,0.1940243646,17.916236701699994,0.0664336147,0.004577674280000001,0.009106461100000001,0.006971167179999999,7.234964256000001e-05,0.0006854482794,17.159090900000002,63.3,1.656505487e-05,7.092225280000001e-06,1.99703005e-06,9.65461946e-07,6.309323550000001e-07,5.09460812e-07,4.5197091099999996e-07,3.7363103700000005e-07,8.071426219999999e-07,1.9344307e-07,2.86782347e-06,77.4643249,33.304225100000004,1.7420504430000003e-09,9.050943,0.00153352815,0.1326641576,0.00017463617572999998,2.209886808e-05,0.0016594537700000001,0.233664608,0.00017463617572999998,2.209886808e-05,0.001989684,0.49218224349999995,0.00017463617572999998,2.209886808e-05,0.00204836619,0.7273092640000001,0.00017463617572999998,2.209886808e-05,2.5027097940444945
155,1656477600,3.51232017e-05,3.51232155e-05,-0.0703168621,3.27601096,0.035019839999999997,0.00445555968,0.00910561125,0.00699901,1.488143846e-05,0.00011686295749999999,17.6590911,83.9,6.83038852e-06,2.83931055e-06,1.23331036e-06,8.320220109999999e-07,6.2282514e-07,5.148622549999999e-07,4.2560335500000005e-07,3.84964382e-07,8.0825488e-07,1.98697738e-07,2.87121109e-06,79.42605839999999,33.1796671,7.81141597e-10,9.102849699999998,0.0015200596800000001,0.1126789172,8.37790689e-05,1.041173726e-05,0.0016185109,0.1314152724,8.37790689e-05,1.041173726e-05,0.00193922682,0.29010646900000003,8.37790689e-05,1.041173726e-05,0.00191451389,0.20163880399999998,8.37790689e-05,1.041173726e-05,2.5027878522872924
155,1656478200,2.8960224799999996e-05,2.89602486e-05,-0.035201502100000004,1.00972645042,0.0248520292,0.00422644031,0.0086878229,0.006740020070000001,6.400118050000001e-06,6.0467325800000004e-05,14.861888000000002,53.1,4.21680221e-06,2.4306443e-06,1.1958373800000003e-06,7.918626749999999e-07,6.22441943e-07,5.210626309999999e-07,4.27072488e-07,3.9875872699999994e-07,8.14764911e-07,1.95163783e-07,2.86563708e-06,81.1623566,37.3204335,5.896981680000001e-10,9.138487600000001,0.00150022816,0.1099982617,2.5955116539999996e-05,3.2745710499999998e-06,0.0015790930999999998,0.12086806590000002,2.5955116539999996e-05,3.2745710499999998e-06,0.00168737132,0.156001063,2.5955116539999996e-05,3.2745710499999998e-06,0.0018017869700000001,0.17232096759999999,2.5955116539999996e-05,3.2745710499999998e-06,2.50277419090271
155,1656478800,3.4330929999999996e-05,3.4330945799999996e-05,0.05895383679999999,3.19036465574,0.0321336781,0.004402217920000001,0.008972438550000001,0.00695474205,1.3773717950000002e-05,0.00010825523010000002,17.0227274,67.3,6.69175339e-06,2.6661546899999997e-06,1.21113683e-06,7.851366870000001e-07,6.26683325e-07,5.04697848e-07,4.2301054400000004e-07,3.6898919400000006e-07,7.99210083e-07,1.9395751599999996e-07,2.8946575100000002e-06,80.06045739999999,34.4882354,7.601902390000001e-10,9.1120871,0.0015067375600000001,0.11002274059999999,0.00011698599824999999,1.2815982719999999e-05,0.00159291064,0.125032692,0.00011698599824999999,1.2815982719999999e-05,0.0018683115100000002,0.278294209,0.00011698599824999999,1.2815982719999999e-05,0.0019306786,0.200025646,0.00011698599824999999,1.2815982719999999e-05,2.5028453826904298
155,1656479400,4.31662373e-05,4.3166241e-05,-0.1341986628,6.542705354000001,0.045128269900000004,0.004701893950000001,0.009706100799999999,0.00738738897,2.543528538e-05,0.00024408336370000005,21.2307693,68.9,9.94621784e-06,3.6082866599999997e-06,1.37852633e-06,8.45242088e-07,6.10105362e-07,5.214257e-07,4.3366230600000003e-07,3.8238438500000004e-07,7.93562706e-07,1.90488306e-07,2.87314684e-06,78.1298648,31.6228645,1.040401717e-09,9.071182199999999,0.0015131744099999998,0.1142633511,0.00010933709629999998,1.3844457880000003e-05,0.0016623457799999999,0.160886011,0.00010933709629999998,1.3844457880000003e-05,0.0022212475399999996,0.405162965,0.00010933709629999998,1.3844457880000003e-05,0.0020852883599999997,0.28563479299999994,0.00010933709629999998,1.3844457880000003e-05,2.5026440382003785
155,1656480000,2.6691644199999997e-05,2.66916533e-05,-0.005352916139999999,0.14674425766,0.022914111,0.00410945397,0.00845334465,0.006582293929999999,3.355670940000001e-06,3.0997984e-05,13.4667832,41.9,3.39167193e-06,2.22715567e-06,1.14244195e-06,8.148022309999999e-07,6.199413469999999e-07,5.101999520000001e-07,4.25500083e-07,3.6150233e-07,8.22706676e-07,1.9275520299999998e-07,2.83700493e-06,82.03342440000002,39.19451290000001,5.229535850000001e-10,9.15346355,0.00149439454,0.10878992039999999,1.570829905e-05,2.14650351e-06,0.0015497098299999997,0.1169775143,1.570829905e-05,2.14650351e-06,0.0015763376200000003,0.1277005586,1.570829905e-05,2.14650351e-06,0.00170708115,0.14329209499999998,1.570829905e-05,2.14650351e-06,2.502836489677429
155,1656480600,4.6640026e-05,4.6640041400000006e-05,-0.29960694177,6.292723952,0.036776779999999995,0.004520229129999999,0.0092129809,0.00694298264,3.7570998760000005e-05,0.0003674257564,17.7115383,74.7,1.198378948e-05,3.5121622e-06,1.22521265e-06,8.211107769999999e-07,6.163527550000001e-07,5.16368399e-07,4.11365604e-07,3.6903370100000005e-07,8.076074849999999e-07,1.9236041399999998e-07,2.8646006199999998e-06,78.94317509999999,34.0230926,1.1664472e-09,9.0807011,0.0015041413,0.1107411884,0.00033619889274999997,3.3947866889999996e-05,0.00162565328,0.139988844,0.00033619889274999997,3.3947866889999996e-05,0.0019445745200000002,0.5248660044,0.00033619889274999997,3.3947866889999996e-05,0.00199272583,0.291613668,0.00033619889274999997,3.3947866889999996e-05,2.5027739286422728
155,1656481200,4.07150285e-05,4.0715058800000004e-05,0.10603941372999996,6.253611102,0.040952766700000004,0.00453105915,0.009173785100000002,0.007012770610000001,2.6606685949999996e-05,0.00023708192229999998,18.449300700000002,79.5,9.441135309999999e-06,3.10096929e-06,1.21046161e-06,8.04313903e-07,6.186848049999999e-07,5.080025260000001e-07,4.29650523e-07,3.66197482e-07,7.942068749999999e-07,1.9902921999999998e-07,2.88475273e-06,78.6721677,32.358112399999996,9.62838135e-10,9.080423800000002,0.00151593737,0.1125257886,0.00014738593622,1.681170645e-05,0.0015916936400000002,0.134604525,0.00014738593622,1.681170645e-05,0.0020077777800000004,0.37073848800000003,0.00014738593622,1.681170645e-05,0.00202429221,0.278131202,0.00014738593622,1.681170645e-05,2.5027201890945436
155,1656481800,0.0001315566774,0.0001315566831,0.2481155678,33.7611817616,0.10378718410000001,0.004655878760000001,0.00909368955,0.006972007850000001,0.00026214228781000005,0.0024363894372999998,17.374126,67.8,4.2335518729999995e-05,1.4963544310000002e-05,1.7933054200000004e-06,8.715064740000001e-07,6.26158173e-07,5.06814167e-07,4.3107565099999997e-07,3.7914692899999993e-07,8.03034254e-07,1.9175521e-07,2.8764385600000002e-06,75.46730970000002,31.540941049999997,3.957247642e-09,8.987106700000002,0.00151834841,0.1299487675,0.0009094480924700001,8.932296066e-05,0.00164430108,0.1543077162,0.0009094480924700001,8.932296066e-05,0.00202846646,0.949593164,0.0009094480924700001,8.932296066e-05,0.0021719288999999995,2.260539852,0.0009094480924700001,8.932296066e-05,2.5027316093444822
155,1656482400,3.1117688399999995e-05,3.1117704e-05,-0.0497908009,2.8638997855,0.033314225399999994,0.0043128344800000004,0.00878374355,0.006825135360000001,9.587644859999998e-06,8.81008162e-05,15.391608499999998,54.5,5.0338366599999996e-06,2.6477805500000003e-06,1.2011239700000002e-06,8.059109449999999e-07,6.310224229999999e-07,5.233669180000001e-07,4.3053590499999996e-07,3.78427013e-07,8.27780806e-07,1.9680658499999997e-07,2.88215618e-06,80.41808360000002,35.40440589999999,6.538188980000001e-10,9.12431765,0.00151458734,0.1107048327,5.8243146479999996e-05,6.62650282e-06,0.00158933788,0.12449574999999999,5.8243146479999996e-05,6.62650282e-06,0.0017547367,0.1919842834,5.8243146479999996e-05,6.62650282e-06,0.00187448009,0.191831363,5.8243146479999996e-05,6.62650282e-06,2.502763032913208
155,1656483000,3.3213654499999996e-05,3.32136603e-05,0.16894154695,6.8002672654000005,0.051440339,0.004307291909999999,0.008781150399999998,0.00676436379,1.331470434e-05,0.00012003029769999999,15.748251899999996,67.1,5.63394857e-06,2.93506728e-06,1.24510832e-06,8.536274810000001e-07,6.446710749999999e-07,5.490567760000001e-07,4.4150904299999996e-07,3.8853385799999996e-07,8.414241820000002e-07,1.9333452300000002e-07,2.8804495e-06,80.0805695,35.5902174,7.209484299999999e-10,9.1155376,0.00150973467,0.11572163790000001,4.9285682290000004e-05,7.274722379999999e-06,0.0015845106599999999,0.1268750806,4.9285682290000004e-05,7.274722379999999e-06,0.0017450188000000001,0.22997080799999997,4.9285682290000004e-05,7.274722379999999e-06,0.0018371790700000001,0.20439615499999997,4.9285682290000004e-05,7.274722379999999e-06,2.502611541748047
155,1656483600,2.59204458e-05,2.59204573e-05,-0.019929599640000004,2.6335214423999997,0.0288105555,0.003990369090000001,0.0082057498,0.0063911364,5.054697970000001e-06,5.00396916e-05,11.4458044,46.3,2.9537760999999997e-06,2.2719241100000002e-06,1.14896293e-06,8.03286404e-07,6.128203109999999e-07,4.91800885e-07,4.2380336200000004e-07,3.75357777e-07,8.214584660000001e-07,1.92272327e-07,2.8646110200000002e-06,82.66508080000001,40.7290536,4.99459864e-10,9.16213445,0.00149317894,0.10785246899999998,3.9813190250000005e-05,4.11113208e-06,0.00151862453,0.11450429979999999,3.9813190250000005e-05,4.11113208e-06,0.0013979548,0.11448704960000003,3.9813190250000005e-05,4.11113208e-06,0.0016331693000000002,0.13679618659999998,3.9813190250000005e-05,4.11113208e-06,2.5028175354003905
155,1656484200,2.94680697e-05,2.9468086e-05,0.072858197132,1.70617646135,0.0320956015,0.004123315759999999,0.008453598650000001,0.006521180830000001,7.80134282e-06,5.964077360000001e-05,13.143356649999998,50.1,4.325234680000001e-06,2.5613443099999995e-06,1.19898329e-06,8.31430188e-07,6.409314140000001e-07,5.04577519e-07,4.1619504699999996e-07,3.72289448e-07,8.243389410000001e-07,1.94102924e-07,2.86455561e-06,81.76257939999999,39.5444515,6.101729369999999e-10,9.143460099999999,0.00151420755,0.11212847740000001,2.5042769409999998e-05,3.6362018839999997e-06,0.00157780413,0.126411451,2.5042769409999998e-05,3.6362018839999997e-06,0.00147652215,0.1487646808,2.5042769409999998e-05,3.6362018839999997e-06,0.0017317341800000001,0.1877495756,2.5042769409999998e-05,3.6362018839999997e-06,2.5027510643005373
155,1656484800,3.1540362600000006e-05,3.1540369e-05,-0.008838461040000009,9.21160962743,0.039666802699999996,0.00414174452,0.0084228272,0.00650232179,1.602831629e-05,0.00013499450239999998,13.2814684,64.2,5.121528129999999e-06,2.6745244300000003e-06,1.19296094e-06,7.954794159999999e-07,6.37022874e-07,6.40000841e-07,4.47813963e-07,3.79514803e-07,8.416162160000001e-07,1.94286047e-07,2.8453076100000004e-06,80.6741442,37.07290929999999,6.70272354e-10,9.126791749999999,0.0015127743800000001,0.1162054261,6.759663735999999e-05,7.519908833999999e-06,0.00154668192,0.12047017,6.759663735999999e-05,7.519908833999999e-06,0.00147603266,0.1691962408,6.759663735999999e-05,7.519908833999999e-06,0.00175130238,0.22408599519999997,6.759663735999999e-05,7.519908833999999e-06,2.502801442146301
155,1656485400,3.33773972e-05,3.33774148e-05,-0.29159400385,11.43090845232,0.0371454868,0.0041510687599999995,0.008346547599999999,0.006473342230000001,2.159997054e-05,0.0001922241462,12.597902000000001,66.4,6.3559241800000005e-06,2.56687379e-06,1.2160188099999997e-06,7.783019660000001e-07,6.20934457e-07,5.033645290000001e-07,4.25304035e-07,3.5806169000000006e-07,8.19982573e-07,1.9706003600000002e-07,2.84683438e-06,80.8582102,36.7974194,7.3627583e-10,9.123080400000001,0.00149944734,0.10943069679999999,0.00016117868231000002,1.8338944239999998e-05,0.0015566611400000003,0.1244025665,0.00016117868231000002,1.8338944239999998e-05,0.0015443115,0.27374872889999996,0.00016117868231000002,1.8338944239999998e-05,0.0016861833099999998,0.1798041094,0.00016117868231000002,1.8338944239999998e-05,2.5027734994888307
155,1656486000,2.80308952e-05,2.8030905999999993e-05,-0.16769718277999995,5.8649234097,0.0315117946,0.00407071908,0.0083399506,0.00646894839,1.194008577e-05,0.00011835525330000004,12.4160837,59.9,3.53220314e-06,2.39704102e-06,1.14064956e-06,7.910111539999999e-07,6.85368711e-07,6.43619539e-07,4.62159315e-07,3.8254848699999996e-07,8.912417020000001e-07,1.98652408e-07,2.89093646e-06,81.7265756,39.3068133,5.55674705e-10,9.1487137,0.0015273541799999998,0.11949236859999998,4.441301360000001e-05,4.9578995e-06,0.00152216535,0.11463862039999999,4.441301360000001e-05,4.9578995e-06,0.00143414064,0.1352346149,4.441301360000001e-05,4.9578995e-06,0.00166317037,0.1540126894,4.441301360000001e-05,4.9578995e-06,2.502795171737671
155,1656486600,6.0396040700000007e-05,6.03960571e-05,-0.14243699504839996,19.4488048382,0.0667410757,0.0049455383,0.010211300500000001,0.00749180443,5.810157022e-05,0.000527053489,22.5034969,107.2,1.556968446e-05,5.94587938e-06,1.68167316e-06,9.772925340000002e-07,6.8396141e-07,5.548591640000001e-07,4.73138005e-07,3.9309187799999996e-07,8.40012692e-07,1.9701617899999998e-07,2.8813859200000002e-06,74.958814,28.5051652,1.5741048260000002e-09,9.00938915,0.0015680946500000001,0.1288442925,0.00021462843232999997,2.6889873967e-05,0.00179282705,0.23150154210000004,0.00021462843232999997,2.6889873967e-05,0.00220826375,0.6329437005999999,0.00021462843232999997,2.6889873967e-05,0.0022037521699999995,0.45916770799999995,0.00021462843232999997,2.6889873967e-05,2.5029670000076294
155,1656487200,3.74090051e-05,3.74090078e-05,-0.4314052157,21.676806364599997,0.0508982923,0.004222678299999999,0.00852006075,0.006553844709999999,2.785742846e-05,0.0002281297474,13.914335600000001,79.2,7.6027307e-06,3.1757422699999997e-06,1.2578321600000002e-06,8.31549114e-07,6.50099102e-07,5.065485399999999e-07,4.35765795e-07,3.76114132e-07,7.98363183e-07,1.9829627200000002e-07,2.8714038899999997e-06,79.2123132,34.2105849,8.55628796e-10,9.094224400000002,0.00151901465,0.1126174225,0.00032503358846,3.1196077334e-05,0.0015721629,0.1380104821,0.00032503358846,3.1196077334e-05,0.00159996998,0.335495109,0.00032503358846,3.1196077334e-05,0.0017769422600000002,0.2166444466,0.00032503358846,3.1196077334e-05,2.5025323152542116
155,1656487800,5.87301087e-05,5.8730118000000005e-05,0.18265603622999999,11.39867148843,0.06881757620000001,0.004811783209999999,0.0098140659,0.007202999560000001,4.529358759000001e-05,0.00038837350120000003,20.6118882,96.8,1.503097795e-05,5.74903071e-06,1.54755635e-06,9.276531799999999e-07,6.974662099999999e-07,6.342784979999999e-07,4.83801757e-07,3.8716023599999994e-07,8.443064819999999e-07,1.9468538600000002e-07,2.86809204e-06,76.40331629999999,31.2637968,1.538712271e-09,9.0299254,0.0015657063799999998,0.129985361,0.00026717298823000004,3.060798415e-05,0.00169242626,0.1873451764,0.00026717298823000004,3.060798415e-05,0.00209753247,0.6191633616000001,0.00026717298823000004,3.060798415e-05,0.00217186959,0.467963104,0.00026717298823000004,3.060798415e-05,2.5028249979019166
155,1656488400,5.7377398700000006e-05,5.73774102e-05,-0.7395974069,29.932480412460002,0.048252143,0.00410290421,0.0082126296,0.00637441926,8.672489814e-05,0.0008084354724000001,11.552447399999998,51.6,1.5596029149999998e-05,5.0576337499999995e-06,1.40221684e-06,8.44943289e-07,6.20374593e-07,5.006139449999999e-07,4.4148426599999997e-07,3.6463389400000005e-07,8.04258203e-07,1.9573270000000005e-07,2.8607031700000003e-06,79.9503564,38.9403114,1.520806608e-09,9.0900579,0.0015154780800000001,0.11486938659999998,0.0010218542808400001,9.7401489737e-05,0.00155664856,0.2074788007,0.0010218542808400001,9.7401489737e-05,0.0014641681599999999,0.8120604359,0.0010218542808400001,9.7401489737e-05,0.0016605455999999998,0.23925838060000001,0.0010218542808400001,9.7401489737e-05,2.502693247795105
155,1656489000,4.20519135e-05,4.20519339e-05,0.39491413090000005,22.122519975299998,0.0550552348,0.004144447000000001,0.008386622899999998,0.006458933910000001,7.816891054000001e-05,0.0008271904080999999,12.9912587,52.4,8.816845179999998e-06,3.65565955e-06,1.17920582e-06,8.05843131e-07,7.848600989999999e-07,7.555138490000001e-07,5.5598635e-07,4.22802778e-07,9.577916400000001e-07,1.95957985e-07,2.89543056e-06,79.85427910000001,38.5903968,9.96650094e-10,9.11102795,0.0015601923400000001,0.1321455086,0.00036578926263000004,3.5876741109999995e-05,0.00157249142,0.1639639698,0.00036578926263000004,3.5876741109999995e-05,0.0014335222599999998,0.38231020039999997,0.00036578926263000004,3.5876741109999995e-05,0.0016651063,0.23551128239999994,0.00036578926263000004,3.5876741109999995e-05,2.502833342552185
155,1656489600,2.8202561e-05,2.8202565499999996e-05,0.27016297976,4.86883483241,0.0354214052,0.00413202158,0.008481137500000001,0.006603895730000001,9.16382611e-06,9.558979750000001e-05,13.407342700000001,47.7,3.9771945e-06,2.39444522e-06,1.16178106e-06,8.17693242e-07,6.165695e-07,4.9116695e-07,4.1845316300000003e-07,3.64470111e-07,7.999619599999998e-07,1.97419653e-07,2.8620446e-06,81.74780159999999,38.075584,5.68209002e-10,9.145049199999999,0.00150851298,0.11018218259999998,5.234015969999999e-05,5.48228588e-06,0.0015431641000000001,0.11742408210000002,5.234015969999999e-05,5.48228588e-06,0.0015646591299999998,0.15071891939999998,5.234015969999999e-05,5.48228588e-06,0.0017487008700000002,0.16342104759999998,5.234015969999999e-05,5.48228588e-06,2.502670645713806
155,1656490200,2.9461208899999995e-05,2.9461227100000004e-05,-0.0859916887,1.882322432,0.0353276874,0.0042125906300000005,0.0086432826,0.006691669280000001,7.70472192e-06,7.0111586e-05,14.695803999999999,65.2,4.32172771e-06,2.56030406e-06,1.22899055e-06,7.963990819999999e-07,6.24304431e-07,4.997587910000001e-07,4.2470433300000003e-07,3.71852193e-07,8.23705187e-07,1.93231541e-07,2.88557505e-06,81.24418229999999,37.398310499999994,6.05721391e-10,9.136301900000001,0.00150963733,0.11049029440000002,3.8981340030000005e-05,4.665527249999999e-06,0.00156592069,0.1213185935,3.8981340030000005e-05,4.665527249999999e-06,0.0015848384399999998,0.1624779478,3.8981340030000005e-05,4.665527249999999e-06,0.0017971073000000001,0.178989381,3.8981340030000005e-05,4.665527249999999e-06,2.5028370141983034
155,1656490800,2.92398535e-05,2.9239858099999998e-05,0.021909941189999997,5.0671238232,0.037801036999999996,0.00411235432,0.0084159064,0.00651323256,1.2488864410000001e-05,0.000121627835,13.197552299999998,66.0,4.334288749999999e-06,2.56131693e-06,1.1658735299999998e-06,7.96810606e-07,6.0439461e-07,5.050959259999999e-07,4.16565115e-07,3.63471599e-07,8.03492827e-07,1.98635833e-07,2.86985947e-06,81.5090016,37.962973,6.014827639999999e-10,9.137724850000001,0.0014922327599999998,0.109934405,6.073966219e-05,6.554404004e-06,0.00153840777,0.11793181209999999,6.073966219e-05,6.554404004e-06,0.0015112008199999998,0.1645345241,6.073966219e-05,6.554404004e-06,0.0017555366999999998,0.17760411999999998,6.073966219e-05,6.554404004e-06,2.5026969432830812
155,1656491400,2.7625345800000004e-05,2.7625351199999997e-05,-0.057626859885000006,5.45886178765,0.032387303699999995,0.00403529392,0.0082287733,0.00639041224,1.263008754e-05,0.000129100323,11.896853250000001,51.3,3.5959239500000004e-06,2.5107477200000003e-06,1.13918273e-06,7.963585950000001e-07,6.126146200000001e-07,5.01742297e-07,4.3468382199999997e-07,3.62371333e-07,8.104873930000001e-07,1.9569260299999997e-07,2.8528019799999996e-06,82.0271209,39.446154899999996,5.52596795e-10,9.1491859,0.00150685329,0.1101118944,3.8922799209999996e-05,4.1507925549999995e-06,0.0015470096399999998,0.1206635855,3.8922799209999996e-05,4.1507925549999995e-06,0.00136606354,0.11398260199999999,3.8922799209999996e-05,4.1507925549999995e-06,0.00169867987,0.17976367399999998,3.8922799209999996e-05,4.1507925549999995e-06,2.50271360874176
155,1656492000,2.85191031e-05,2.85191507e-05,-0.030748015849999998,1.56062643827,0.0290499852,0.00411481427,0.0084694227,0.00653337463,7.407010879999999e-06,6.12261664e-05,13.2325179,58.3,4.0020895199999994e-06,2.44035706e-06,1.1962640500000001e-06,8.23133928e-07,6.12164721e-07,5.031605279999999e-07,4.4552535199999997e-07,3.7319517600000006e-07,8.057480359999999e-07,1.9381210399999997e-07,2.86403429e-06,81.4847186,38.4517008,5.7762216e-10,9.144105300000001,0.00151409728,0.1110751351,3.751902549999999e-05,4.876356865000001e-06,0.00157588487,0.1216540746,3.751902549999999e-05,4.876356865000001e-06,0.0014852763600000003,0.152575081,3.751902549999999e-05,4.876356865000001e-06,0.0017124825,0.16163102840000004,3.751902549999999e-05,4.876356865000001e-06,2.502812314033508
155,1656492600,3.23015166e-05,3.2301528500000004e-05,0.45973400149999993,16.5370445119,0.049842632000000005,0.00413430655,0.0084062616,0.006512436619999999,2.6754352849999996e-05,0.00027516956500000004,12.938810999999998,74.8,5.38510086e-06,2.91062941e-06,1.17318325e-06,7.95078108e-07,6.421629159999999e-07,5.334318800000001e-07,4.56375074e-07,3.71187079e-07,8.2205763e-07,1.9354089399999999e-07,2.8679216999999996e-06,80.3429611,36.2152058,6.932277400000001e-10,9.1197017,0.00151450876,0.11266482209999999,0.00015958788254,1.6474035370000005e-05,0.00156741497,0.13185731039999998,0.00015958788254,1.6474035370000005e-05,0.0014928168899999998,0.2369919256,0.00015958788254,1.6474035370000005e-05,0.0017020717599999999,0.1725463734,0.00015958788254,1.6474035370000005e-05,2.5026806592941284
155,1656493200,0.000143203247,0.000143203319,-0.04523900588,9.7021882408,0.086158231,0.00606316906,0.013094476150000001,0.009131101329999999,0.00014107527479,0.0013459069844,31.185314599999998,78.5,4.895473942e-05,1.2722756600000004e-05,2.6291792900000002e-06,1.206596899e-06,7.58899541e-07,5.63696845e-07,4.58121827e-07,3.822617510000001e-07,8.351989659999999e-07,1.95707607e-07,2.8944667e-06,73.46762389999999,31.997136899999997,4.3244504129999995e-09,8.937681600000001,0.00162037755,0.1563442146,0.00061975916703,8.498780607299998e-05,0.0020256671099999997,0.46141396749999997,0.00061975916703,8.498780607299998e-05,0.00328313185,2.1662643774,0.00061975916703,8.498780607299998e-05,0.00275631989,1.0338020326000001,0.00061975916703,8.498780607299998e-05,2.502790641784668
155,1656493800,2.52587125e-05,2.52587305e-05,0.031598185825,0.1873207774,0.024591567300000006,0.00400434945,0.0082805767,0.00644719208,2.17865377e-06,1.82456037e-05,11.604895299999999,27.4,2.64895939e-06,2.25726246e-06,1.1682239600000002e-06,7.6977555e-07,6.16482929e-07,4.96585321e-07,4.33361458e-07,3.58288256e-07,8.177396330000001e-07,1.9360148299999997e-07,2.86905698e-06,82.9419834,41.4712278,4.789155059999999e-10,9.169066500000001,0.0014883624499999997,0.1083768862,6.02503522e-06,1.107847175e-06,0.00153462261,0.11433531990000001,6.02503522e-06,1.107847175e-06,0.00138465866,0.09331180700000001,6.02503522e-06,1.107847175e-06,0.0016835435,0.13902717599999997,6.02503522e-06,1.107847175e-06,2.5027847051620484
155,1656494400,0.0001023812346,0.0001023812395,-0.41346124014,31.9330628057,0.0801327857,0.00440938113,0.008560332450000001,0.0065930669,0.00018852882313,0.0016691291455,14.290209599999997,77.2,3.393415499e-05,9.25996856e-06,1.4559406000000002e-06,8.09898549e-07,6.073361419999999e-07,4.96503897e-07,4.0961528600000004e-07,3.5835646399999997e-07,8.129648860000001e-07,1.9436591999999998e-07,2.85137454e-06,77.1938264,34.179437899999996,3.009730082e-09,9.019746000000001,0.00149951811,0.11169641749999999,0.00061535328624,6.2585397067e-05,0.00159579985,0.23416879549999997,0.00061535328624,6.2585397067e-05,0.0017579965199999998,0.7428037278999999,0.00061535328624,6.2585397067e-05,0.00197182181,1.5754331625,0.00061535328624,6.2585397067e-05,2.502774977684021
155,1656495000,8.47946803e-05,8.4794683e-05,0.17676124205999993,26.671745781,0.0814240178,0.004604863399999999,0.009099778749999999,0.006921546249999999,0.00021510132215000005,0.0022646342733,18.159090900000002,87.3,2.7892322620000007e-05,6.35172955e-06,1.4280189899999998e-06,8.976969669999999e-07,6.538753290000001e-07,5.00509492e-07,4.24705258e-07,3.64790575e-07,8.166227350000001e-07,1.9522014899999998e-07,2.8717592699999996e-06,76.3667502,31.78817348,2.4143782929999997e-09,9.01392245,0.0015178677300000001,0.1147904019,0.0007678540720800002,9.889052392e-05,0.00165864711,0.2139718892,0.0007678540720800002,9.889052392e-05,0.00200343831,1.2512426085,0.0007678540720800002,9.889052392e-05,0.00201914569,0.5782548235,0.0007678540720800002,9.889052392e-05,2.502828574180603
155,1656495600,4.429202409999999e-05,4.4292039499999993e-05,-0.4156492164030001,49.9815690753,0.0612586848,0.00415678466,0.008317348050000001,0.006454480339999999,5.512302205999999e-05,0.000555382106,12.283216849999999,55.1,9.30714735e-06,4.75111592e-06,1.4721959e-06,8.220870359999999e-07,6.28715849e-07,5.047490530000001e-07,4.24238166e-07,3.6015458e-07,8.11354909e-07,1.9225412200000001e-07,2.87194364e-06,78.4032632,35.0304632,1.069315697e-09,9.07756495,0.0014941111500000003,0.11112438760000001,0.00039010251230000003,3.730541954600001e-05,0.00155465683,0.1505869933,0.00039010251230000003,3.730541954600001e-05,0.0015212579599999999,0.36689476779999997,0.00039010251230000003,3.730541954600001e-05,0.00179133116,0.370781594,0.00039010251230000003,3.730541954600001e-05,2.502793383598328
155,1656496200,2.72896486e-05,2.7289659699999996e-05,-0.05496225341000001,3.5297941751,0.0371945317,0.00405889474,0.008343922949999999,0.006467163199999999,9.43686813e-06,9.84727634e-05,12.1188811,59.5,3.52704523e-06,2.3706119200000003e-06,1.1484559900000001e-06,8.142285760000001e-07,6.150670609999999e-07,4.96612575e-07,4.3791459500000003e-07,3.6264741e-07,8.081570819999999e-07,1.9781629700000002e-07,2.86626712e-06,82.04098549999999,39.23021129999999,5.39702545e-10,9.151338849999998,0.0015021791299999999,0.1095553309,6.331769052e-05,6.47023632e-06,0.0015274151599999999,0.11392225389999999,6.331769052e-05,6.47023632e-06,0.0014374158,0.1389881951,6.331769052e-05,6.47023632e-06,0.0017068905799999998,0.15078096459999998,6.331769052e-05,6.47023632e-06,2.502654767036438
155,1656496800,6.458402189999999e-05,6.45840418e-05,0.05997873039999999,14.284001008999999,0.0547783219,0.00491603237,0.01040730385,0.0076731839999999996,5.192066516e-05,0.0005057697882999999,21.557692999999997,72.7,1.978477208e-05,4.438768119999999e-06,1.3710533300000002e-06,8.43870837e-07,6.311265909999999e-07,5.144845610000001e-07,4.2996325700000003e-07,3.7354763099999994e-07,8.171191720000001e-07,2.00692489e-07,2.88659301e-06,77.994638,33.81772593000001,1.7561271140000001e-09,9.0502606,0.0015208075999999999,0.1143487564,0.00031016515543000003,3.8233506810000005e-05,0.00169872602,0.16361654399999997,0.00031016515543000003,3.8233506810000005e-05,0.00226664029,0.889446077,0.00031016515543000003,3.8233506810000005e-05,0.002148431,0.4093027255,0.00031016515543000003,3.8233506810000005e-05,2.502771520614624
155,1656497400,2.9866999699999996e-05,2.9867024000000003e-05,-0.0149020643,3.1482943191,0.0326690811,0.00412529315,0.0084104977,0.00649815926,1.099482737e-05,9.73419465e-05,13.159090799999998,57.6,4.6997623999999994e-06,2.54701417e-06,1.14038211e-06,7.838561879999999e-07,6.16872457e-07,5.036524320000001e-07,4.0275835399999995e-07,3.67557596e-07,8.096269339999998e-07,1.95415771e-07,2.8665311200000002e-06,81.56859950000002,38.0698834,6.228852920000001e-10,9.1384429,0.0014849114699999999,0.1076778185,3.108171545e-05,4.171040849000001e-06,0.001557499,0.12156452850000002,3.108171545e-05,4.171040849000001e-06,0.0014856867200000001,0.1559684572,3.108171545e-05,4.171040849000001e-06,0.0017501629099999998,0.199731207,3.108171545e-05,4.171040849000001e-06,2.502741813659668
155,1656498000,3.25953195e-05,3.2595332700000005e-05,0.47349980229999994,17.4736764803,0.0524084954,0.004116404,0.0083181714,0.00645118363,2.739416507e-05,0.0002755727117,12.596154000000002,72.2,5.37535604e-06,2.92794358e-06,1.1983758800000002e-06,8.22723293e-07,6.458561239999999e-07,5.332235849999999e-07,4.4930823799999995e-07,3.89460739e-07,8.74315925e-07,1.95662076e-07,2.88523084e-06,80.36850840000001,36.8039221,6.992344559999999e-10,9.12194165,0.0015223322499999998,0.114317067,9.660131717000001e-05,1.0466170191e-05,0.0015549029999999998,0.12901178,9.660131717000001e-05,1.0466170191e-05,0.0014344917000000002,0.1936879249,9.660131717000001e-05,1.0466170191e-05,0.0016901806800000002,0.21920707300000003,9.660131717000001e-05,1.0466170191e-05,2.502791142463684
155,1656498600,3.23544375e-05,3.2354455e-05,-0.1750416621,4.8894753618,0.0327746183,0.00419082082,0.0085687586,0.00658698806,1.172041632e-05,0.0001021082649,13.765734500000002,59.6,5.498689649999999e-06,2.82483541e-06,1.2432857900000001e-06,8.26531622e-07,6.32213743e-07,5.1259709e-07,4.3683350400000003e-07,3.50141781e-07,8.060852419999999e-07,1.93626761e-07,2.85224206e-06,80.85996700000001,37.36684900000001,6.99812253e-10,9.127786700000001,0.00151041012,0.11199879880000001,3.88903868e-05,5.29348588e-06,0.0015771574400000002,0.131087726,3.88903868e-05,5.29348588e-06,0.00154333234,0.193982529,3.88903868e-05,5.29348588e-06,0.00179639781,0.216718527,3.88903868e-05,5.29348588e-06,2.502903389930725
155,1656499200,3.2868179200000004e-05,3.28681922e-05,-0.18009915249000003,13.218879884199998,0.038160739699999995,0.004099618059999999,0.00830391595,0.0064592359200000005,3.199392387e-05,0.00033941174869999997,12.7639861,51.8,5.735307330000001e-06,2.8384495299999997e-06,1.2339346700000001e-06,8.29153447e-07,6.068852169999999e-07,5.076179829999999e-07,4.2438412399999997e-07,3.73705739e-07,8.164541820000001e-07,1.9391795300000002e-07,2.87414678e-06,81.0251586,38.380759999999995,7.15622323e-10,9.1302215,0.00151742169,0.1117728331,0.00014139430926999997,1.5535120047e-05,0.00155906108,0.1246066154,0.00014139430926999997,1.5535120047e-05,0.00152594142,0.2608962428,0.00014139430926999997,1.5535120047e-05,0.00166980939,0.175802908,0.00014139430926999997,1.5535120047e-05,2.5027617692947386
155,1656499800,2.8983938000000003e-05,2.89839474e-05,0.04836551117,1.7088807098,0.0328351732,0.004171449420000001,0.008563932350000001,0.00662011349,8.246769109999999e-06,7.05213054e-05,14.1048949,58.6,4.2024387e-06,2.49326255e-06,1.2271159800000002e-06,8.011806899999999e-07,6.17690593e-07,5.0502982e-07,4.1792254999999996e-07,3.68285021e-07,8.000422569999999e-07,1.93760824e-07,2.86506939e-06,81.351714,37.68298,5.926316609999999e-10,9.139097099999999,0.00149131413,0.1086566185,4.113858338e-05,4.84121904e-06,0.0015786685400000003,0.1252225544,4.113858338e-05,4.84121904e-06,0.00160475842,0.1653448,4.113858338e-05,4.84121904e-06,0.00174411188,0.162498146,4.113858338e-05,4.84121904e-06,2.5026914834976197
155,1656500400,5.20869921e-05,5.208701039999999e-05,-0.1804489102,15.464499003,0.0575086863,0.00499078697,0.0101324098,0.007646845540000001,4.413228533e-05,0.0003856952244,25.6713286,108.4,1.2362072020000001e-05,5.388144080000001e-06,1.50799317e-06,9.11257553e-07,6.56684464e-07,5.373955290000001e-07,4.3219420600000007e-07,3.6913903500000003e-07,8.196797199999999e-07,1.985881e-07,2.8602955200000002e-06,74.18377339999999,24.2136041,1.3030743329999998e-09,9.00133825,0.00156309983,0.12133413149999998,0.0001636272483,1.946437986e-05,0.0017722706800000002,0.17898671500000002,0.0001636272483,1.946437986e-05,0.0023183638099999997,0.44348983900000005,0.0001636272483,1.946437986e-05,0.00242154922,0.47671137,0.0001636272483,1.946437986e-05,2.502817225456238
155,1656501000,3.0395719900000008e-05,3.0395730499999998e-05,0.03226258363000001,5.9987081639,0.03869685739999999,0.004202384710000001,0.008615581449999998,0.00668620824,1.171851739e-05,0.00010550960020000002,14.127622400000002,57.7,4.9305154499999996e-06,2.50196744e-06,1.15812306e-06,7.941898869999999e-07,6.23170525e-07,4.85086191e-07,4.30305112e-07,3.63785877e-07,8.195965050000001e-07,1.9458610100000002e-07,2.8964988500000004e-06,81.09534640000001,36.808615700000004,6.352538589999999e-10,9.133430299999999,0.0014922279000000001,0.1084555108,9.216946735e-05,9.52785388e-06,0.0015669018100000001,0.1199212529,9.216946735e-05,9.52785388e-06,0.0016421264500000002,0.1976612245,9.216946735e-05,9.52785388e-06,0.00180962702,0.17411274399999999,9.216946735e-05,9.52785388e-06,2.502738094329834
155,1656501600,2.85433011e-05,2.8543306300000006e-05,-0.06898921872,1.56996208064,0.029242990200000003,0.004139911380000001,0.008473387249999999,0.006587321960000001,7.2725227200000005e-06,7.112169535e-05,13.3006991,46.2,4.00949098e-06,2.48253099e-06,1.2045490000000002e-06,7.893543989999999e-07,6.21260519e-07,5.02026012e-07,4.1603634e-07,3.69627114e-07,8.15399497e-07,1.9086846699999996e-07,2.8703257399999996e-06,81.78860460000001,38.5802793,5.79391916e-10,9.144615149999998,0.00150587512,0.11010797850000001,4.0023431840000004e-05,4.8661169599999996e-06,0.0015722914,0.12087024449999999,4.0023431840000004e-05,4.8661169599999996e-06,0.0015497132400000002,0.15514344759999998,4.0023431840000004e-05,4.8661169599999996e-06,0.0017738160399999997,0.1637941966,4.0023431840000004e-05,4.8661169599999996e-06,2.5027684450149534
155,1656502200,2.7477518299999996e-05,2.7477524799999998e-05,0.09281227943,3.2177910287000002,0.0296704412,0.0040447830200000005,0.00828960835,0.00642942997,9.56966209e-06,9.181228359999999e-05,12.16258735,41.0,3.3941198699999997e-06,2.47869757e-06,1.1320531e-06,7.79521426e-07,6.571009130000001e-07,5.59989965e-07,4.6107642899999996e-07,3.91211175e-07,8.298566649999999e-07,1.94138632e-07,2.86088198e-06,82.1128199,40.2047324,5.441038400000001e-10,9.154791549999999,0.0015103390499999999,0.1132949049,2.706253742e-05,3.7739640840000004e-06,0.00152945454,0.1175474174,2.706253742e-05,3.7739640840000004e-06,0.0014001526,0.12042257380000003,2.706253742e-05,3.7739640840000004e-06,0.0017010829099999999,0.16315357300000002,2.706253742e-05,3.7739640840000004e-06,2.502686786651611
155,1656502800,5.3004388999999993e-05,5.30043983e-05,-0.5219196555,43.2764360719,0.0704505865,0.0043845848,0.00865624575,0.00667181689,8.929622173e-05,0.0009182123181,14.7587413,94.9,1.4603437590000001e-05,4.02112626e-06,1.25472509e-06,8.18533499e-07,6.368955050000001e-07,5.08135416e-07,4.17155241e-07,3.67892822e-07,8.148451149999999e-07,1.9709522400000002e-07,2.86226492e-06,76.9778866,30.641778799999997,1.3621566879999998e-09,9.034659999999999,0.0015156356100000002,0.1124859716,0.0006608687374,6.600700315e-05,0.0016021730800000003,0.14648945640000002,0.0006608687374,6.600700315e-05,0.0017818477699999998,0.6258492615,0.0006608687374,6.600700315e-05,0.00191391154,0.363645762,0.0006608687374,6.600700315e-05,2.5027934551239013
155,1656503400,2.9238660899999997e-05,2.9238672800000008e-05,0.21602782945000004,8.029267805699998,0.041323011800000004,0.0041542966,0.0085163963,0.00660800741,9.298294640000001e-06,9.094980269999999e-05,13.634615300000002,51.5,4.02517296e-06,2.66836024e-06,1.2629691199999998e-06,8.22498445e-07,6.275469190000001e-07,5.195478029999999e-07,4.3285249299999995e-07,3.68965464e-07,8.035808070000001e-07,1.9702939000000002e-07,2.89070852e-06,81.070287,37.523375,5.941742599999999e-10,9.13700215,0.0015080739400000001,0.11563495060000002,3.992123841000001e-05,4.26736124e-06,0.00158592169,0.12495265489999999,3.992123841000001e-05,4.26736124e-06,0.00159172324,0.143983583,3.992123841000001e-05,4.26736124e-06,0.0017402275999999998,0.181510357,3.992123841000001e-05,4.26736124e-06,2.502769875526428
155,1656504000,2.7493999e-05,2.7494005900000003e-05,-0.19845508430000008,4.601123904230001,0.027148017199999996,0.00408499857,0.00840096455,0.0065339449100000006,8.95344915e-06,9.231846729999998e-05,12.676573499999998,43.1,3.5471223000000003e-06,2.44219406e-06,1.1774508799999999e-06,8.103364649999998e-07,5.99993265e-07,5.104093810000001e-07,4.10399114e-07,3.77988961e-07,8.082381330000001e-07,1.94176475e-07,2.86848363e-06,81.92505969999999,39.0418734,5.4608959e-10,9.150388050000002,0.00149470643,0.1085370199,4.8322728589999994e-05,5.09979676e-06,0.0015489448199999998,0.1188505,4.8322728589999994e-05,5.09979676e-06,0.00148152445,0.1316197658,4.8322728589999994e-05,5.09979676e-06,0.00172738664,0.15947024199999998,4.8322728589999994e-05,5.09979676e-06,2.5027812719345093
155,1656504600,5.208133859999999e-05,5.2081373899999996e-05,-0.4866744419,40.4899220099,0.08297754249999999,0.00440559617,0.0088172876,0.006775280860000001,8.553195288000001e-05,0.0009011456878,16.1608391,68.0,1.286126984e-05,4.57465373e-06,1.4897013099999998e-06,9.21735387e-07,6.95986365e-07,5.590107899999999e-07,4.48404738e-07,4.0134525199999996e-07,8.631521569999999e-07,1.9951229100000002e-07,3.02584968e-06,77.9329318,33.9366403,1.310294284e-09,9.069312649999999,0.0015340288999999999,0.12778808409999998,0.0006786474721,6.454880862999999e-05,0.00163445316,0.1471136971,0.0006786474721,6.454880862999999e-05,0.0017794972800000003,0.5612015949999999,0.0006786474721,6.454880862999999e-05,0.00192345169,0.36603848199999994,0.0006786474721,6.454880862999999e-05,2.5027211189270018
155,1656505200,5.746348690000001e-05,5.74635267e-05,-0.20966757519999998,9.251934902399999,0.0531876083,0.00497953833,0.010333714150000001,0.007704847370000001,3.700240886e-05,0.0003036088288,23.816434,94.7,1.572800822e-05,4.81755921e-06,1.4306507900000001e-06,8.69072353e-07,6.51214041e-07,5.33915365e-07,4.36669556e-07,3.83910828e-07,8.159755420000001e-07,1.9825741799999998e-07,2.86607126e-06,76.5313794,30.3234685,1.5046107310000001e-09,9.032291899999999,0.00155442681,0.1195335216,0.00018762887164,2.4793632850000002e-05,0.0017261052499999998,0.17273396759999998,0.00018762887164,2.4793632850000002e-05,0.0023410673700000003,0.6520382849999999,0.00018762887164,2.4793632850000002e-05,0.00224600038,0.428203491,0.00018762887164,2.4793632850000002e-05,2.502974605560303
155,1656505800,7.99515616e-05,7.99515863e-05,0.8851045720999998,49.75757285226,0.0875683786,0.0050042253500000005,0.010293921700000002,0.00761894425,8.982773829999999e-05,0.0008787537038000001,21.6311189,59.9,1.907526662e-05,1.08797242e-05,2.38857255e-06,1.247577267e-06,8.039479600000001e-07,6.053381469999999e-07,4.915031379999999e-07,4.2820902e-07,8.74204838e-07,1.9959806499999998e-07,2.98163045e-06,76.26205920000001,33.6960548,2.20679854e-09,9.0325906,0.0015614175,0.15374373889999998,0.00023400818817,3.024485385e-05,0.00181503435,0.35274743480000004,0.00023400818817,3.024485385e-05,0.00233622582,0.777448108,0.00023400818817,3.024485385e-05,0.00226119424,0.7194663020000001,0.00023400818817,3.024485385e-05,2.5041577577590943
155,1656506400,5.3311751199999996e-05,5.33117956e-05,0.214182412114,9.6061078613,0.052295004699999995,0.00508521098,0.010500268499999998,0.007964024359999999,2.4961418110000002e-05,0.00020421621889999997,27.225525000000005,99.5,1.31281282e-05,5.07712903e-06,1.6020079200000002e-06,9.23111579e-07,6.75041313e-07,5.09571937e-07,4.29508145e-07,3.7585974e-07,8.25672588e-07,1.99422684e-07,2.91024207e-06,76.6267508,30.751381499999997,1.355788376e-09,9.0423873,0.00156918659,0.12249762999999998,0.0001017100249,1.287412891e-05,0.0018128556000000001,0.1970845094,0.0001017100249,1.287412891e-05,0.00233443736,0.4620515410000001,0.0001017100249,1.287412891e-05,0.0024247966300000004,0.46840350500000005,0.0001017100249,1.287412891e-05,2.5012457370758057
155,1656507000,3.01697377e-05,3.0169749900000002e-05,-0.0335354633076,1.56220757062,0.024778042899999998,0.00417650711,0.00852525725,0.00660087524,9.001634780000002e-06,7.192222649999998e-05,13.902098,49.9,4.38958084e-06,2.90461087e-06,1.1947017099999998e-06,8.005034710000001e-07,6.23584026e-07,5.0723968e-07,4.1429137699999995e-07,3.59726002e-07,8.083046020000001e-07,1.9866919700000002e-07,2.8835543e-06,81.63033949999999,38.5298948,6.304465730000001e-10,9.138850999999999,0.00150261538,0.10974015200000001,3.1760535610000004e-05,4.40200024e-06,0.0015418817700000001,0.11907506050000001,3.1760535610000004e-05,4.40200024e-06,0.00159494074,0.17034622890000004,3.1760535610000004e-05,4.40200024e-06,0.00177997627,0.19437048,3.1760535610000004e-05,4.40200024e-06,2.5027263164520264
155,1656507600,4.45015598e-05,4.450156609999999e-05,-0.217349839135,9.079363593459998,0.0432116363,0.004532411070000001,0.0093244412,0.00697328763,3.643392298e-05,0.0003309707849,17.805944099999998,77.1,1.091338397e-05,3.2749915799999995e-06,1.25949302e-06,8.40880539e-07,6.59345965e-07,5.625186910000001e-07,4.5782020699999996e-07,3.938689619999999e-07,8.34583708e-07,1.91623135e-07,2.86216204e-06,78.76218750000001,34.04217320000001,1.089892541e-09,9.077760799999998,0.0015460310700000002,0.11913057099999999,0.00015322787395000002,1.7858669060000003e-05,0.0016232788200000001,0.139005183,0.00015322787395000002,1.7858669060000003e-05,0.0019053462700000003,0.40992151740000005,0.00015322787395000002,1.7858669060000003e-05,0.00199917406,0.334080027,0.00015322787395000002,1.7858669060000003e-05,2.5028498649597166
155,1656508200,0.00014962158310000002,0.00014962164489999998,-0.26690216050000004,6.219794955,0.0638856681,0.00677329411,0.0149081694,0.01040359286,8.264968786000001e-05,0.0005560910226,38.166084,137.4,4.838810968e-05,1.5588486240000003e-05,3.14181756e-06,1.40037045e-06,8.93540858e-07,6.114373130000001e-07,4.7449735800000007e-07,4.0425746399999995e-07,8.324100670000001e-07,1.9266409900000003e-07,2.88293138e-06,70.46642640000002,24.26008174,4.500561103e-09,8.895807000000001,0.0016896803799999998,0.1714579634,0.0003388439788999999,4.80565383e-05,0.00221860865,0.4730337741,0.0003388439788999999,4.80565383e-05,0.00378785134,1.9310931219999996,0.0003388439788999999,4.80565383e-05,0.0033657718000000003,1.4172170400000002,0.0003388439788999999,4.80565383e-05,2.504172444343567
155,1656508800,9.570561750000002e-05,9.570567510000001e-05,0.015314328299999996,9.107345906,0.0608862832,0.00611859143,0.0129394857,0.009362775729999998,5.004707173e-05,0.00034721139770000004,36.93881089999999,135.2,2.9368565119999997e-05,9.29660739e-06,2.13413226e-06,1.08807327e-06,7.39686805e-07,5.53186109e-07,4.36324402e-07,3.7333548399999996e-07,8.007142300000002e-07,1.9211782099999999e-07,2.8699174e-06,72.1464653,23.92333784,2.735302503e-09,8.93426815,0.00161713715,0.1419013975,0.00020155048979999998,3.0263224080000006e-05,0.00201502266,0.28623760039999996,0.00020155048979999998,3.0263224080000006e-05,0.0032663836799999998,1.1371205999999998,0.00020155048979999998,3.0263224080000006e-05,0.0030834304499999994,0.89876637,0.00020155048979999998,3.0263224080000006e-05,2.5014771938323976
155,1656509400,3.9014039099999994e-05,3.90140566e-05,-0.05332433830000001,4.136432351000001,0.038251257500000004,0.00455588657,0.00936639885,0.0070823400199999985,2.186629004e-05,0.000182773061,19.1311191,94.7,8.087765930000002e-06,3.52522519e-06,1.2678824299999998e-06,8.271563679999999e-07,6.1508891e-07,5.05683502e-07,4.30429056e-07,3.61580685e-07,8.18267152e-07,1.9427358e-07,2.8734524e-06,78.56660989999999,32.22530569999999,9.03908587e-10,9.0834376,0.0015144186100000002,0.1116971801,7.158526815e-05,1.017851027e-05,0.0016524639799999998,0.1422331739,7.158526815e-05,1.017851027e-05,0.0019660189600000004,0.3169502009,7.158526815e-05,1.017851027e-05,0.0020060564999999997,0.275332621,7.158526815e-05,1.017851027e-05,2.5026512145996094
155,1656510000,3.0216360799999994e-05,3.02163743e-05,-0.03948092643,3.3614494323599997,0.034514356999999996,0.00422169837,0.008621905750000002,0.006677373539999999,9.835506170000001e-06,9.07059332e-05,14.4667833,57.2,4.65844225e-06,2.66950587e-06,1.1783919099999997e-06,8.20280371e-07,6.256958669999999e-07,4.86439729e-07,4.29932916e-07,3.57472366e-07,8.269563150000001e-07,1.95834974e-07,2.85909612e-06,80.96077109999999,36.5977175,6.289590509999999e-10,9.131551049999999,0.00150211577,0.1093343524,5.970004201999999e-05,6.406162860000001e-06,0.0015814286400000002,0.12473538260000001,5.970004201999999e-05,6.406162860000001e-06,0.00164805581,0.17705423199999998,5.970004201999999e-05,6.406162860000001e-06,0.0017964786,0.185360197,5.970004201999999e-05,6.406162860000001e-06,2.502710151672363
155,1656510600,4.04215303e-05,4.0421538700000004e-05,0.12835074734800003,14.6891372781,0.051246722700000004,0.004366706220000001,0.0090421313,0.006788913200000001,2.556212392e-05,0.0002560463562,16.1048949,46.8,8.66800786e-06,3.5143020899999997e-06,1.2392417399999997e-06,8.379896730000001e-07,6.36415775e-07,5.277110309999999e-07,4.39595637e-07,3.72882499e-07,8.326499709999999e-07,1.9808357700000002e-07,2.9436967799999996e-06,80.3345739,37.586008899999996,9.56443429e-10,9.10928365,0.00150856286,0.11447602099999998,0.00012988531279,1.4076193689999998e-05,0.0016205314600000003,0.1403269298,0.00012988531279,1.4076193689999998e-05,0.00174129173,0.3353769319,0.00012988531279,1.4076193689999998e-05,0.0019112873800000002,0.29000115600000004,0.00012988531279,1.4076193689999998e-05,2.5027302265167237
155,1656511200,3.624859679999999e-05,3.62486095e-05,-0.03601676236000001,7.489162917419999,0.037736993499999996,0.00427628814,0.00866226635,0.006685130930000001,2.9857768440000006e-05,0.0002486605497,14.568181999999998,56.4,5.6943532000000005e-06,4.08567272e-06,1.65467292e-06,8.432572820000001e-07,6.748194700000001e-07,5.10919187e-07,4.26737273e-07,3.6368043099999996e-07,8.110157690000001e-07,1.93278979e-07,2.8658038100000002e-06,79.82737139999999,36.1605059,8.13833097e-10,9.1098125,0.00152163716,0.12303738559999997,5.017762435e-05,6.01834675e-06,0.00162404582,0.1972398337,5.017762435e-05,6.01834675e-06,0.0016453384200000002,0.1829329594,5.017762435e-05,6.01834675e-06,0.0018658593199999997,0.265706766,5.017762435e-05,6.01834675e-06,2.5027393817901613
155,1656511800,2.7916841e-05,2.79168496e-05,0.11930518125,3.1050557524000006,0.0340577209,0.0041297024,0.008499142599999999,0.00660089755,7.20026875e-06,6.9480773e-05,13.136364,38.0,3.70989373e-06,2.41549925e-06,1.1589913699999999e-06,8.37034189e-07,6.09699492e-07,5.149648150000001e-07,4.32930669e-07,3.7516897600000003e-07,8.159110800000002e-07,1.9545096e-07,2.8927039800000003e-06,81.8163499,38.85546000000001,5.56595089e-10,9.148040250000001,0.0015209826699999999,0.11223284619999999,2.933414067e-05,3.824995199999999e-06,0.00155017965,0.1201819575,2.933414067e-05,3.824995199999999e-06,0.00155797373,0.1391032316,2.933414067e-05,3.824995199999999e-06,0.00175929064,0.15747508000000002,2.933414067e-05,3.824995199999999e-06,2.5027215003967287
155,1656512400,3.51452175e-05,3.514523260000001e-05,-0.08546636068999999,25.21083369235,0.052454574,0.00423105909,0.0085604983,0.006633311620000001,3.6730851539999994e-05,0.0003915723322,13.909090999999998,61.9,6.23565425e-06,3.40267169e-06,1.30154882e-06,8.261558979999999e-07,6.396042709999999e-07,5.18138939e-07,4.17323738e-07,3.63606775e-07,8.046138399999999e-07,1.93719058e-07,2.8693678499999996e-06,79.34230140000001,34.2203296,7.78574088e-10,9.102443849999998,0.0015094586199999999,0.1143757826,0.00010326210381000003,1.106734892e-05,0.00159642576,0.1505605065,0.00010326210381000003,1.106734892e-05,0.0016608571899999996,0.20738587799999997,0.00010326210381000003,1.106734892e-05,0.0018191293699999999,0.26613140300000004,0.00010326210381000003,1.106734892e-05,2.502768087387085
155,1656513000,3.58109252e-05,3.58109441e-05,-0.50838829721,15.7220089397,0.0414898915,0.004328298699999999,0.0087845951,0.0067853624799999995,2.234371652e-05,0.00020532752829999996,15.648601199999998,70.7,6.930205359999999e-06,3.1465773100000006e-06,1.23020767e-06,8.125659609999999e-07,6.10487317e-07,5.19972701e-07,4.2285783000000003e-07,3.56338497e-07,8.182673440000001e-07,1.93297092e-07,2.8645214300000003e-06,79.3901773,33.6845996,8.0361971e-10,9.09902605,0.00150959968,0.11108962819999998,0.00022296993965000003,2.1899822209999996e-05,0.0016180542899999998,0.132693086,0.00022296993965000003,2.1899822209999996e-05,0.0017642409300000002,0.2956943475,0.00022296993965000003,2.1899822209999996e-05,0.0018788763400000002,0.217409792,0.00022296993965000003,2.1899822209999996e-05,2.5027514934539794
155,1656513600,3.07670322e-05,3.0767036300000005e-05,-0.04162984264,8.0622177564,0.0424657148,0.00418040455,0.00851513225,0.006605746879999999,1.801401206e-05,0.0001870218734,13.5926572,62.0,5.1430087400000005e-06,2.42108956e-06,1.18171766e-06,8.09196397e-07,6.18408086e-07,5.05371484e-07,4.3649152900000005e-07,3.74788108e-07,8.103754880000001e-07,1.94547562e-07,2.8883475299999998e-06,80.89323449999999,36.5848845,6.474769219999999e-10,9.1297871,0.0015044885,0.1095988191,0.00010043935243,1.098746784e-05,0.00156756227,0.12244316080000002,0.00010043935243,1.098746784e-05,0.0016123506700000002,0.20042943099999996,0.00010043935243,1.098746784e-05,0.0017642489499999996,0.178097971,0.00010043935243,1.098746784e-05,2.5027364253997804
155,1656514200,4.23250785e-05,4.232511730000001e-05,-0.8636131237000001,32.41254723736001,0.0437868607,0.00428631023,0.0086618136,0.006723778430000001,4.889992324e-05,0.0005035608257,14.0716784,54.9,9.46278173e-06,3.64580794e-06,1.40150556e-06,8.46378438e-07,6.400741429999999e-07,5.010287080000001e-07,4.34155559e-07,3.6838924899999995e-07,8.0089174e-07,1.95284474e-07,2.8660846500000004e-06,78.9445825,34.828436599999996,1.01228768e-09,9.0888963,0.0015123877,0.11491194630000001,0.00043882037906000005,4.276584433e-05,0.0016052681,0.16588269010000004,0.00043882037906000005,4.276584433e-05,0.00171416235,0.4406307577,0.00043882037906000005,4.276584433e-05,0.0018474912,0.22185264300000002,0.00043882037906000005,4.276584433e-05,2.5028958320617676
155,1656514800,3.19032272e-05,3.19032425e-05,-0.32663728446999996,8.80491181253,0.0381384144,0.00425764201,0.0086815952,0.006710632730000001,1.7193915750000003e-05,0.00016459778640000002,14.8094407,81.9,5.41780995e-06,2.7406460799999995e-06,1.19570161e-06,8.090479570000001e-07,5.988498949999999e-07,5.102093159999999e-07,4.15417563e-07,3.6355273699999997e-07,8.288072489999999e-07,1.9884612499999998e-07,2.8726852600000004e-06,80.28104689999999,35.14288409999999,6.807520110000001e-10,9.1188977,0.00149283503,0.10814273299999999,8.26135866e-05,9.18697557e-06,0.0015965477900000001,0.12678397280000003,8.26135866e-05,9.18697557e-06,0.0016570599500000001,0.1992062765,8.26135866e-05,9.18697557e-06,0.00186204367,0.20886997100000002,8.26135866e-05,9.18697557e-06,2.502618908882141
155,1656515400,3.82153396e-05,3.82153489e-05,-0.16371244296999996,13.331787705100002,0.046371714800000005,0.0043488033499999995,0.008771482399999999,0.00676037705,3.273322116000001e-05,0.00030865769570000005,15.360139799999999,75.6,8.31968499e-06,2.9451133800000002e-06,1.2226547000000002e-06,8.275022569999999e-07,6.35258033e-07,4.96779752e-07,4.2719219700000003e-07,3.59025533e-07,8.115078000000001e-07,1.9481370400000002e-07,2.86806294e-06,79.0230685,32.7506739,8.841644849999999e-10,9.088625500000001,0.0015125632399999999,0.11192699300000002,0.00017694428105999999,1.90073021e-05,0.0015652849,0.126855195,0.00017694428105999999,1.90073021e-05,0.00176826247,0.303538502,0.00017694428105999999,1.90073021e-05,0.00190696445,0.283897936,0.00017694428105999999,1.90073021e-05,2.5027727842330934
155,1656516000,2.73119848e-05,2.7312000000000002e-05,-0.025298943350000002,1.80611104252,0.032111283600000005,0.0041264597200000004,0.0085200076,0.00663904183,5.02753906e-06,5.04588745e-05,13.335664300000001,37.8,3.4852965399999996e-06,2.42772571e-06,1.15630225e-06,8.13523559e-07,6.04516449e-07,5.005739460000001e-07,4.12947076e-07,3.73292002e-07,8.120215909999999e-07,1.9844408899999998e-07,2.8710710900000003e-06,81.75891620000002,38.7427129,5.39361866e-10,9.15021385,0.0015065036000000002,0.1098276539,1.744079779e-05,2.37860357e-06,0.00153998304,0.1154925145,1.744079779e-05,2.37860357e-06,0.00153004683,0.1238304845,1.744079779e-05,2.37860357e-06,0.00179919035,0.16336218900000002,1.744079779e-05,2.37860357e-06,2.5027292490005495
155,1656516600,0.00010139204150000003,0.00010139204620000002,0.5526350933999999,40.67148075378,0.1048645734,0.00445000602,0.00869583895,0.00671330673,0.00027034463249999997,0.0028303387023,14.784965099999999,85.2,2.749667231e-05,1.3478368999999998e-05,2.7994410599999997e-06,1.109196791e-06,6.544847269999999e-07,5.010831389999999e-07,4.1871305e-07,3.7174449399999996e-07,8.0949235e-07,1.9633213799999999e-07,2.8604078e-06,76.10636480000001,32.685393899999994,2.920917154e-09,9.009761450000001,0.0015165849299999998,0.11544171610000001,0.0017007754491299998,0.00016310341356,0.00163588068,0.25398666750000004,0.0017007754491299998,0.00016310341356,0.0018416790899999998,1.3472990445000002,0.0017007754491299998,0.00016310341356,0.00196505853,0.9166848919999999,0.0017007754491299998,0.00016310341356,2.502762198448181
155,1656517200,0.00012923721780000002,0.00012924031309999998,-0.16623721045,52.86960641399999,0.1271798655,0.0047202955,0.009145743549999998,0.00699875707,0.00033365296134999997,0.003505172811300001,18.1136366,93.8,3.609080433e-05,1.72478848e-05,3.90543057e-06,1.3743724350000002e-06,7.77793561e-07,5.36009569e-07,4.2836404e-07,3.77041756e-07,8.155880670000001e-07,1.9672335e-07,2.87153886e-06,73.04399550000001,27.88571965,3.793498743e-09,8.961949,0.00155347065,0.16457859440000003,0.002387777802,0.00022657160361000002,0.0016678732599999999,0.22172423700000002,0.002387777802,0.00022657160361000002,0.0020526568399999996,1.803411178,0.002387777802,0.00022657160361000002,0.00213667404,1.1317675130000002,0.002387777802,0.00022657160361000002,2.5027846813201906
155,1656517800,5.22105575e-05,5.22105766e-05,-0.27415156,11.996728295599999,0.052898325499999996,0.0049062957199999995,0.01010555585,0.00751489278,3.7775450089999996e-05,0.0003163486103,22.9999999,99.5,1.3469805829999999e-05,4.524425e-06,1.4053337e-06,8.81621961e-07,6.470674690000001e-07,5.000644750000001e-07,4.33084166e-07,3.7194796800000003e-07,8.086218789999999e-07,1.969688e-07,2.8660476600000007e-06,75.7740161,27.817205100000002,1.3229660690000002e-09,9.02224735,0.00154115832,0.11783962640000001,0.00018688369987999998,2.0680478849999998e-05,0.0017270991799999999,0.170427489,0.00018688369987999998,2.0680478849999998e-05,0.0022980779199999997,0.5020183624000001,0.00018688369987999998,2.0680478849999998e-05,0.00228849365,0.43301787599999997,0.00018688369987999998,2.0680478849999998e-05,2.5028605461120605
155,1656518400,0.00013721492880000002,0.0001372149548,0.559481192,95.88031017,0.18577359580000002,0.005231467609999999,0.009914099300000001,0.00746902299,0.0003487275138,0.0034329509879999997,24.183566499999998,109.5,4.243073430000001e-05,1.4508631749999997e-05,3.2898628699999994e-06,1.5383802290000001e-06,9.3763364e-07,6.78035014e-07,5.42406531e-07,4.44994289e-07,9.395001180000001e-07,2.0628143599999999e-07,3.09096177e-06,67.14157300000001,21.429910600000003,4.014574849999999e-09,8.846388600000001,0.00159354926,0.18493732449999997,0.0019744888838999996,0.00019003005829,0.00184554083,0.46846353200000007,0.0019744888838999996,0.00019003005829,0.00251040735,1.6837919890000002,0.0019744888838999996,0.00019003005829,0.0025056326899999997,1.28192082,0.0019744888838999996,0.00019003005829,2.5027210474014283
155,1656519000,4.44167432e-05,4.4416751e-05,0.2006961649,29.253951636999993,0.07157574550000001,0.00435036819,0.0087523548,0.006720480730000001,4.7971578420000006e-05,0.00048059331199999997,15.3688812,94.5,8.695670929999999e-06,4.8646011899999994e-06,1.68134759e-06,9.9828273e-07,7.0006555e-07,5.414371700000001e-07,4.4864049299999996e-07,3.7662994699999997e-07,8.15496358e-07,1.98594119e-07,2.8874367000000002e-06,77.4373635,31.871868999999993,1.05717897e-09,9.07010845,0.0015203812100000001,0.1274606526,0.00018451327716999998,1.850962992e-05,0.00162446895,0.24124545,0.00018451327716999998,1.850962992e-05,0.0017699924199999998,0.286374923,0.00018451327716999998,1.850962992e-05,0.0018882266700000002,0.3440100169999999,0.00018451327716999998,1.850962992e-05,2.502756118774414
155,1656519600,3.6464570500000006e-05,3.64645954e-05,-0.26316959,8.704472293599999,0.04126723389999999,0.004499409540000001,0.009184631149999999,0.00707589859,2.191361568e-05,0.0002136306385,18.414335599999998,77.3,7.064332980000001e-06,3.2415553599999994e-06,1.2931396199999999e-06,8.472831420000001e-07,6.3565689e-07,4.96541797e-07,4.1710372499999996e-07,3.73811162e-07,7.997250869999999e-07,1.9850704699999998e-07,2.86455004e-06,78.5071365,31.3263028,8.19386301e-10,9.0874197,0.00152937201,0.1144277899,7.45775008e-05,8.74069842e-06,0.0016547173600000003,0.142029876,7.45775008e-05,8.74069842e-06,0.00195480402,0.246689287,7.45775008e-05,8.74069842e-06,0.00201903628,0.271108003,7.45775008e-05,8.74069842e-06,2.502783441543579
155,1656520200,7.416513029999999e-05,7.416514200000001e-05,0.9232507239000001,33.61057246,0.0981674465,0.0048541726100000005,0.009564976499999999,0.0071917423699999995,7.627330754e-05,0.0005726521623,20.3111885,90.2,2.030128596e-05,7.5089033199999996e-06,1.89130981e-06,1.09657179e-06,7.57813422e-07,6.08452676e-07,4.68648827e-07,4.01428374e-07,8.879692290000001e-07,1.9838805999999997e-07,2.96169589e-06,75.35978409999998,30.887490200000002,2.0304019990000004e-09,9.017566799999999,0.0015588950099999998,0.1420749021,0.00029520040289999995,3.665251603000001e-05,0.0017500367099999997,0.2628992065,0.00029520040289999995,3.665251603000001e-05,0.00221071462,0.7098965230000001,0.00029520040289999995,3.665251603000001e-05,0.00220251814,0.725195351,0.00029520040289999995,3.665251603000001e-05,2.5027327299118043
155,1656520800,4.26617993e-05,4.26618091e-05,-0.6721321830499999,26.525239985699994,0.0436127521,0.00435930043,0.00881820225,0.0068237700400000005,6.721123811e-05,0.0007082553673000002,15.788461900000001,59.3,9.013222360000001e-06,4.169692369999999e-06,1.45971252e-06,8.69001842e-07,6.48086867e-07,5.18265086e-07,4.1722403600000006e-07,3.6088607100000004e-07,8.138854309999999e-07,1.9553007700000002e-07,2.86537682e-06,78.62206450000001,33.9588541,1.019821852e-09,9.0821706,0.0015189702799999999,0.11189739309999999,0.00016090342697,1.623808166e-05,0.0016234384000000002,0.1767910808,0.00016090342697,1.623808166e-05,0.0017781833700000003,0.2618460066,0.00016090342697,1.623808166e-05,0.0019300797799999998,0.40276514199999996,0.00016090342697,1.623808166e-05,2.5027565479278566
155,1656521400,4.5927155199999996e-05,4.5927174400000005e-05,-0.6231915535000001,23.522773341639997,0.039828704400000005,0.00428360349,0.0086337573,0.00671391935,7.810182094999999e-05,0.0008297379556000002,14.569930100000002,55.5,1.1545569900000001e-05,3.521545450000001e-06,1.2915259e-06,8.415663819999999e-07,6.33357113e-07,5.1056714e-07,4.18942287e-07,3.58109262e-07,7.958690010000002e-07,1.9474906699999997e-07,2.85173235e-06,79.17690950000001,35.3627953,1.140632387e-09,9.087448700000001,0.0015171594900000001,0.11398123760000001,0.00034111490996999996,3.905599899e-05,0.0016025610199999999,0.126691824,0.00034111490996999996,3.905599899e-05,0.0016993553799999998,0.5132796014000001,0.00034111490996999996,3.905599899e-05,0.00183504032,0.2924967659999999,0.00034111490996999996,3.905599899e-05,2.502781057357788
155,1656522000,3.6727154099999995e-05,3.6727171e-05,0.17503684863,18.772515904600006,0.0523261753,0.004360025670000001,0.00885166025,0.006861743079999999,3.139391503e-05,0.0003325957034,16.1870628,67.9,6.249552419999999e-06,3.69014686e-06,1.50291295e-06,9.52389681e-07,6.692058769999999e-07,5.41463489e-07,4.46024282e-07,3.82520797e-07,8.25205137e-07,1.9241362499999998e-07,2.91165585e-06,78.9563512,34.1055968,8.18243916e-10,9.10124285,0.0015281204600000001,0.1303637927,0.00012015023800000002,1.201416637e-05,0.00163654694,0.164252515,0.00012015023800000002,1.201416637e-05,0.0018124826899999999,0.23241321150000002,0.00012015023800000002,1.201416637e-05,0.0019272567200000004,0.24872581,0.00012015023800000002,1.201416637e-05,2.5027239084243775
155,1656522600,5.4559120199999995e-05,5.45591294e-05,-0.6079952206,33.0233993424,0.0675799721,0.0047018562900000005,0.009383891250000002,0.00721302729,8.337262564e-05,0.0008682589849000001,20.2010491,86.6,1.234139888e-05,6.318098439999999e-06,1.8073556699999998e-06,9.440210249999999e-07,6.62645714e-07,5.24408393e-07,4.34403265e-07,3.7023277200000005e-07,8.031555589999999e-07,1.95957226e-07,2.87763687e-06,75.8780357,29.4351505,1.385601801e-09,9.0277473,0.00153474379,0.116370621,0.0003658208068,3.758409073e-05,0.00170246823,0.29004284099999994,0.0003658208068,3.758409073e-05,0.00211429465,0.549327761,0.0003658208068,3.758409073e-05,0.0021372450499999997,0.33437899400000004,0.0003658208068,3.758409073e-05,2.502819061279297
155,1656523200,3.0464824899999997e-05,3.04648863e-05,-0.061662598540000016,2.3001453182,0.031701058399999996,0.00427007898,0.008759252399999999,0.006766920800000001,9.545563109999999e-06,8.75709531e-05,15.4842658,60.1,4.92591781e-06,2.5877502199999994e-06,1.17851224e-06,8.12666712e-07,5.90230517e-07,4.889300919999999e-07,4.2604404400000003e-07,3.67920612e-07,8.078211250000001e-07,1.94143894e-07,2.85213197e-06,80.5290128,35.450523499999996,6.36425996e-10,9.1274036,0.00148314481,0.1074512161,5.2240301949999985e-05,6.437621029999999e-06,0.00159755923,0.12482077099999997,5.2240301949999985e-05,6.437621029999999e-06,0.0017530475399999998,0.1955959476,5.2240301949999985e-05,6.437621029999999e-06,0.0018277720999999997,0.176842094,5.2240301949999985e-05,6.437621029999999e-06,2.5026662588119506
155,1656523800,4.5249019e-05,4.52490593e-05,-0.060548463600000005,5.1034918488,0.045727509,0.00470219939,0.0096040086,0.0072721967599999994,2.6852125690000007e-05,0.0002557472438,20.9965035,74.6,1.077789095e-05,3.87508025e-06,1.33534624e-06,8.39305128e-07,6.228534210000001e-07,5.06885596e-07,4.25321474e-07,3.7368448899999997e-07,8.01389532e-07,1.9578994000000003e-07,2.8708681e-06,78.13041150000001,32.405248500000006,1.10878698e-09,9.0670918,0.0015085879199999998,0.1123797441,8.187703633e-05,1.093148269e-05,0.00168575985,0.1563818664,8.187703633e-05,1.093148269e-05,0.00207810894,0.37374607449999997,8.187703633e-05,1.093148269e-05,0.00218922333,0.383845157,8.187703633e-05,1.093148269e-05,2.5027517795562746
155,1656524400,4.7935082e-05,4.7937783600000004e-05,-0.6805836341300001,20.514857262689997,0.048942212,0.0044359850800000005,0.0088099308,0.0067622272,5.0486677139999994e-05,0.0005073199750999999,15.723775999999997,84.9,1.2007491720000001e-05,4.02333597e-06,1.28181065e-06,8.384052630000001e-07,6.105079490000001e-07,5.0507705e-07,4.4338039e-07,3.70921665e-07,8.229708679999999e-07,1.91187446e-07,2.87509333e-06,77.3395952,31.7269436,1.190331519e-09,9.0549149,0.00150885846,0.11282089750000002,0.00024535339878000004,2.4536927139999997e-05,0.00162272481,0.1488316425,0.00024535339878000004,2.4536927139999997e-05,0.0018201236900000002,0.38354674899999996,0.00024535339878000004,2.4536927139999997e-05,0.0019265141900000002,0.36142240999999997,0.00024535339878000004,2.4536927139999997e-05,2.5027570009231566
155,1656525000,3.50077079e-05,3.500771950000001e-05,0.12711978138999996,13.729166072300004,0.05442463039999999,0.00428899892,0.0086610318,0.00670053035,2.4524427049999998e-05,0.0002429823027,14.7185313,72.5,6.6410324899999995e-06,2.8611877000000005e-06,1.2421370000000001e-06,8.51089633e-07,6.322339339999999e-07,5.29420123e-07,4.34252662e-07,3.7928679199999996e-07,8.321866859999999e-07,1.9344327499999996e-07,2.9074258500000003e-06,79.739837,34.5240055,7.75559705e-10,9.1070521,0.00151370112,0.11255937460000001,0.00018007977488000002,1.8848570660000004e-05,0.0016040576300000002,0.13950514000000003,0.00018007977488000002,1.8848570660000004e-05,0.0017480207800000002,0.295988945,0.00018007977488000002,1.8848570660000004e-05,0.0018098614799999999,0.18140576,0.00018007977488000002,1.8848570660000004e-05,2.502783179283142
155,1656525600,4.5521575599999996e-05,4.5521991e-05,-1.08333926763,36.42568455996,0.0479398221,0.0042799145899999995,0.0086307373,0.00669599918,6.96569833e-05,0.0007369488853999999,14.393356699999998,55.6,1.034649861e-05,4.2549769900000005e-06,1.3642197200000002e-06,9.057255889999998e-07,6.64728468e-07,5.08220685e-07,4.26628146e-07,3.6801799699999997e-07,8.263978579999999e-07,1.9558591899999999e-07,2.90010859e-06,78.5692691,34.72626699999999,1.109381393e-09,9.0846407,0.00152196434,0.11302949059999998,0.00047947761476999995,4.610599651e-05,0.00158166369,0.1565492806,0.00047947761476999995,4.610599651e-05,0.0017155948899999999,0.47507644749999994,0.00047947761476999995,4.610599651e-05,0.0018331597699999997,0.25819386099999997,0.00047947761476999995,4.610599651e-05,2.502893590927124
155,1656526200,2.7587262799999995e-05,2.7587277e-05,-0.06275926475,1.0668371783609998,0.026500251000000002,0.004150175000000001,0.008543763400000001,0.00663354976,4.54156724e-06,4.37927433e-05,13.641608199999999,40.4,3.6036008200000005e-06,2.4414681300000005e-06,1.1743599100000002e-06,8.12484084e-07,6.14216358e-07,4.97804596e-07,4.0985003499999995e-07,3.66019784e-07,7.941604019999999e-07,1.95865588e-07,2.8835578399999998e-06,81.8469052,38.4890238,5.486677960000001e-10,9.148342450000001,0.0014936862200000001,0.109027567,2.5755407650000002e-05,3.07971663e-06,0.00156837302,0.1214764452,2.5755407650000002e-05,3.07971663e-06,0.0016017546099999999,0.1390786225,2.5755407650000002e-05,3.07971663e-06,0.0017711728100000001,0.153231735,2.5755407650000002e-05,3.07971663e-06,2.5025580167770385
155,1656526800,2.9810800800000002e-05,2.98108106e-05,0.53020085661,12.0173191331,0.0406448579,0.00417109353,0.008520778949999998,0.00660786055,1.135789788e-05,0.0001070755833,13.410838900000002,43.0,3.96499043e-06,2.8182062500000004e-06,1.3408310000000002e-06,8.7840855e-07,6.54484059e-07,5.273837529999999e-07,4.35896488e-07,3.837982750000001e-07,8.19374514e-07,1.98065373e-07,2.88389151e-06,80.66826990000001,37.0781206,6.082695000000001e-10,9.1338137,0.00152029786,0.1210219329,2.473870253e-05,3.2362943500000003e-06,0.0015676786599999998,0.13714783130000002,2.473870253e-05,3.2362943500000003e-06,0.0015874274100000003,0.1387798824,2.473870253e-05,3.2362943500000003e-06,0.00178016096,0.184080695,2.473870253e-05,3.2362943500000003e-06,2.502779483795166
155,1656527400,2.64979525e-05,2.6497957099999997e-05,0.014232687099999999,0.13134665665,0.0248980772,0.004093337890000001,0.008458082850000001,0.00656465894,2.6290719099999995e-06,2.2399579700000002e-05,12.76048975,31.9,3.16115551e-06,2.2810948999999998e-06,1.18682536e-06,8.125966609999999e-07,6.017113879999999e-07,5.15924388e-07,4.3213300200000003e-07,3.66959529e-07,8.15981695e-07,1.9292350400000001e-07,2.88152589e-06,82.32137509999998,39.9184288,5.14092092e-10,9.156837300000001,0.00151125123,0.1107372582,7.99068947e-06,1.4118987100000002e-06,0.00155327279,0.11782771779999998,7.99068947e-06,1.4118987100000002e-06,0.00150613824,0.11172703490000002,7.99068947e-06,1.4118987100000002e-06,0.00174062749,0.14969470599999998,7.99068947e-06,1.4118987100000002e-06,2.5027530193328857
155,1656528000,4.72230688e-05,4.72230805e-05,0.42843087186,16.160869771610002,0.055303142699999995,0.0043775047400000005,0.00874905285,0.0067209667899999995,5.980855744999999e-05,0.0005921602131,15.426573399999999,68.4,9.80662539e-06,5.5415179e-06,1.5825478999999998e-06,8.665939319999999e-07,6.376387009999999e-07,5.115811360000001e-07,4.2490298200000007e-07,3.6232183699999997e-07,8.090016449999999e-07,1.9375396199999997e-07,2.87497034e-06,78.1418174,34.090173,1.166956043e-09,9.068985099999999,0.00151653858,0.11402137679999999,0.00012491396783000002,1.479346853e-05,0.0016311513899999997,0.18163181999999997,0.00012491396783000002,1.479346853e-05,0.0017405567000000001,0.28547613110000003,0.00012491396783000002,1.479346853e-05,0.0019468762899999999,0.501937824,0.00012491396783000002,1.479346853e-05,2.5027570009231566
155,1656528600,6.61364834e-05,6.61364947e-05,-1.26896051127,58.597215083790005,0.06198729239999999,0.004553186249999999,0.0090343564,0.0070042125,0.00016718768792,0.0017764087077999998,17.438811100000002,72.4,1.940953359e-05,5.27529498e-06,1.5879290000000002e-06,9.134764899999999e-07,6.73072645e-07,5.272237929999999e-07,4.471122070000001e-07,3.7449034300000004e-07,8.08675511e-07,1.9482233299999999e-07,2.85654068e-06,75.62351469999999,29.9107619,1.7753276210000004e-09,9.01174185,0.00151538805,0.1121638385,0.0004562194105200001,4.9313545890000006e-05,0.00164153249,0.19256658039999996,0.0004562194105200001,4.9313545890000006e-05,0.0019832554100000003,0.621893093,0.0004562194105200001,4.9313545890000006e-05,0.0020859477800000007,0.695024353,0.0004562194105200001,4.9313545890000006e-05,2.5027902603149412
155,1656529200,3.47057762e-05,3.470578709999999e-05,0.7833574216000001,23.1570123415,0.0673158293,0.00426470913,0.00863742485,0.00671577771,1.986493653e-05,0.0001803701584,14.6695805,60.3,5.852916830000001e-06,3.2776407000000004e-06,1.3611766e-06,9.002394600000001e-07,6.671046569999999e-07,5.51573949e-07,4.46125785e-07,3.81280742e-07,8.189860510000001e-07,1.96746099e-07,2.89904148e-06,79.38943619999999,34.8645668,7.601237499999999e-10,9.1072821,0.00152584936,0.1230773866,0.00020035515205,1.9618913939999995e-05,0.00158617427,0.1297053944,0.00020035515205,1.9618913939999995e-05,0.00170404068,0.25824596099999997,0.00020035515205,1.9618913939999995e-05,0.0018424280500000001,0.208892967,0.00020035515205,1.9618913939999995e-05,2.5027537107467652
155,1656529800,4.2286366799999995e-05,4.2286373699999996e-05,-0.13996780150000002,5.09547096413,0.04200530949999999,0.00449214018,0.009098661749999999,0.00697800185,2.6559578069999998e-05,0.00018926358239999998,17.2325174,67.3,9.683871660000002e-06,3.50876559e-06,1.3328196200000002e-06,8.042502539999999e-07,6.4636174e-07,4.96848977e-07,4.2936546999999996e-07,3.64570432e-07,8.07779249e-07,1.95037526e-07,2.8734039899999997e-06,78.97878479999999,33.718950099999994,1.0170352089999998e-09,9.0843588,0.0015218754699999999,0.1134971365,0.00015878938685,1.894485452e-05,0.0016225006300000001,0.1392556012,0.00015878938685,1.894485452e-05,0.0019427010900000003,0.388733951,0.00015878938685,1.894485452e-05,0.0019738435999999996,0.300637738,0.00015878938685,1.894485452e-05,2.502858066558838
155,1656530400,7.1174869e-05,7.117489470000001e-05,-0.032949376470000014,11.708108749,0.0668036804,0.00517631711,0.010811503850000001,0.0078073254199999996,5.5981177600000005e-05,0.00041420332650000003,25.0524471,110.8,1.9165350739999998e-05,7.541514200000001e-06,1.9696740499999996e-06,1.014337575e-06,6.89600502e-07,5.43531012e-07,4.28817441e-07,3.63306385e-07,8.086525569999999e-07,1.95435663e-07,2.86700878e-06,74.3403827,27.868487800000004,1.930611205e-09,8.98935405,0.0015593743600000002,0.1306501555,0.00021880112865000002,2.7297055199999993e-05,0.00181582398,0.26784791510000006,0.00021880112865000002,2.7297055199999993e-05,0.0025115853900000004,0.70154376,0.00021880112865000002,2.7297055199999993e-05,0.0024728248500000003,0.666144555,0.00021880112865000002,2.7297055199999993e-05,2.5027087688446046
155,1656531000,2.67533026e-05,2.6753310800000004e-05,0.01955553016,0.025446191,0.0225284475,0.0041198387199999995,0.008536387199999999,0.006646667720000001,2.74207648e-06,2.32747718e-05,13.157342600000002,38.5,3.1937134700000004e-06,2.38908623e-06,1.1903986699999997e-06,8.021856970000001e-07,6.23772098e-07,5.055097659999999e-07,4.28847546e-07,3.6634505899999997e-07,8.04111805e-07,1.9519470399999998e-07,2.8774187500000002e-06,82.1036631,39.4559705,5.22377016e-10,9.1552518,0.0015049463699999999,0.10987113150000001,1.0178468369999999e-05,1.6167577700000003e-06,0.00156349213,0.11831203539999999,1.0178468369999999e-05,1.6167577700000003e-06,0.00154558485,0.1186956759,1.0178468369999999e-05,1.6167577700000003e-06,0.0017588634999999998,0.1504186915,1.0178468369999999e-05,1.6167577700000003e-06,2.502725672721863
155,1656531600,5.01092209e-05,5.0109238399999995e-05,0.04306747245,12.312460291259999,0.049698113,0.0043906718800000005,0.00876182075,0.00676308085,7.790243567000001e-05,0.0008024542022,15.5437063,70.5,1.450607697e-05,2.7862625299999997e-06,1.2028960400000002e-06,8.11665811e-07,6.15968897e-07,5.02981726e-07,4.23252465e-07,3.59178515e-07,8.116933849999999e-07,1.95748443e-07,2.83871135e-06,78.9875694,33.885405670000004,1.289721674e-09,9.07198175,0.00149307781,0.10787577129999999,0.00041488900172,4.4798921366e-05,0.0015981935599999996,0.13513234100000002,0.00041488900172,4.4798921366e-05,0.00182763284,0.5992584369999999,0.00041488900172,4.4798921366e-05,0.00189672319,0.32463187050000003,0.00041488900172,4.4798921366e-05,2.503154158592224
155,1656532200,3.3099591900000004e-05,3.3099600800000004e-05,0.013361872850000001,2.0783829251,0.0382068384,0.004417258910000001,0.009103008899999997,0.006991213119999999,1.0433817149999999e-05,9.03627279e-05,17.917832,82.6,5.98571473e-06,2.79691554e-06,1.22755008e-06,7.842791469999999e-07,6.21941531e-07,4.810609830000001e-07,4.220998030000001e-07,3.6480582500000004e-07,7.965798130000002e-07,1.96007261e-07,2.8727321399999997e-06,79.818634,33.549642999999996,7.180656229999999e-10,9.1099574,0.0015003203,0.10920796479999999,6.095156434999999e-05,7.5333727899999995e-06,0.00161313821,0.12933761989999998,6.095156434999999e-05,7.5333727899999995e-06,0.0019019157099999999,0.23856326500000002,6.095156434999999e-05,7.5333727899999995e-06,0.0019355819900000002,0.201995639,6.095156434999999e-05,7.5333727899999995e-06,2.5023653984069822
155,1656532800,3.18045549e-05,3.18045624e-05,0.10499587614000001,9.921635713570002,0.043217197500000006,0.004109944270000001,0.008305976699999999,0.0064364943699999995,1.935316113e-05,0.00019157374565,12.6800702,65.3,5.545972969999999e-06,2.6443431799999998e-06,1.15680188e-06,7.954540559999999e-07,6.108223640000001e-07,4.94681394e-07,4.1366866800000006e-07,3.6265416099999993e-07,8.072438300000001e-07,1.95202353e-07,2.87536042e-06,81.0974719,37.056394,6.83857228e-10,9.1271144,0.0014895687000000002,0.1074211303,0.00013982224751,1.4391851880000001e-05,0.00152216689,0.11541511450000001,0.00013982224751,1.4391851880000001e-05,0.0014983974499999998,0.23419462290000004,0.00013982224751,1.4391851880000001e-05,0.0017255083399999999,0.1855381515,0.00013982224751,1.4391851880000001e-05,2.5026424646377565
155,1656533400,4.4123775e-05,4.41237876e-05,0.26853059752999997,29.341706034699996,0.057886425500000005,0.00409449329,0.008257021500000001,0.00641630984,7.448836552e-05,0.0007894604336000002,11.9510489,46.0,9.29775315e-06,4.777655649999999e-06,1.3424209599999999e-06,8.310705119999999e-07,6.239908559999999e-07,5.15589962e-07,4.21463505e-07,3.7132560199999996e-07,8.07702831e-07,1.93991446e-07,2.87881698e-06,80.0373291,38.0082361,1.077632823e-09,9.1014257,0.0015116526000000003,0.11502783799999998,0.00019679538237,1.958223824e-05,0.0015449976299999999,0.21196571659999996,0.00019679538237,1.958223824e-05,0.0014668557899999999,0.2400569755,0.00019679538237,1.958223824e-05,0.0017242483400000002,0.42741873959999993,0.00019679538237,1.958223824e-05,2.5027626276016237
155,1656534000,2.4846856199999997e-05,2.4846868800000003e-05,0.0027964253199999995,0.035154504617,0.023335728,0.00397326278,0.00820371995,0.00637198674,2.1287018000000002e-06,1.82661605e-05,11.1678324,30.3,2.48613033e-06,2.19446099e-06,1.13134068e-06,8.016216739999999e-07,6.07315421e-07,5.21650606e-07,4.3313513500000006e-07,3.6008315300000003e-07,8.05903736e-07,1.9576765300000002e-07,2.8859588600000002e-06,83.21190329999999,42.20794059999999,4.6655945e-10,9.171151499999999,0.00150567814,0.10980321509999999,8.18719876e-06,1.2620176099999999e-06,0.0015273145400000001,0.1129715634,8.18719876e-06,1.2620176099999999e-06,0.00133631105,0.08925250510000002,8.18719876e-06,1.2620176099999999e-06,0.0016427076299999998,0.13124149400000001,8.18719876e-06,1.2620176099999999e-06,2.5027746200561523
155,1656534600,4.7025906099999994e-05,4.7025914400000005e-05,0.13161055940000005,29.6644022092,0.058174607800000014,0.004183096329999999,0.0084526663,0.00651568198,6.139461642e-05,0.0006081130255,13.344405599999998,69.7,1.1129652139999999e-05,4.55605106e-06,1.1967172e-06,8.18482703e-07,6.45424305e-07,5.27633579e-07,4.26820159e-07,3.63363957e-07,8.024548160000001e-07,1.94905384e-07,2.85134165e-06,79.3489463,35.7956441,1.1734605419999998e-09,9.085502899999998,0.001513537,0.11343717900000001,0.00025272457632999996,2.69288941e-05,0.0015476381900000002,0.1525778349,0.00025272457632999996,2.69288941e-05,0.0015462709699999998,0.36580950999999995,0.00025272457632999996,2.69288941e-05,0.00178401292,0.446223507,0.00025272457632999996,2.69288941e-05,2.502790641784668
155,1656535200,6.29875731e-05,6.29875825e-05,-1.10393758753,36.7807835186,0.0596369527,0.00436499194,0.0087009247,0.00667142924,0.00014543416567000002,0.0015327653958000001,15.258741400000002,84.2,1.6466242379999997e-05,7.03346978e-06,1.3894708100000002e-06,8.367728109999999e-07,6.214275140000001e-07,4.90977026e-07,4.2188036399999996e-07,3.69191669e-07,8.086629189999999e-07,1.9778063e-07,2.85782321e-06,77.2972925,32.1133695,1.6844545700000002e-09,9.0429745,0.0014904780400000002,0.11755682780000001,0.00023227798309999998,3.0119855409999996e-05,0.0016169243900000002,0.238913879,0.00023227798309999998,3.0119855409999996e-05,0.00176163103,0.42120923700000007,0.00023227798309999998,3.0119855409999996e-05,0.0018790331399999999,0.756484199,0.00023227798309999998,3.0119855409999996e-05,2.502796483039856
155,1656535800,2.66525103e-05,2.66525216e-05,-0.08588163576999999,1.7948362705,0.028805276799999995,0.00402735693,0.0082762328,0.0064076357899999995,6.59204856e-06,6.197357960000002e-05,11.903846,51.4,3.20262711e-06,2.34882883e-06,1.1701670799999998e-06,8.112559260000001e-07,6.313811459999999e-07,4.94640361e-07,4.2324862400000007e-07,3.69816683e-07,8.0834942e-07,1.95126823e-07,2.87063625e-06,82.3519408,39.9239675,5.20081991e-10,9.1567473,0.0015022161,0.11073586640000002,3.676109484e-05,4.1750006030000004e-06,0.00152813453,0.11506545770000001,3.676109484e-05,4.1750006030000004e-06,0.00142025204,0.12390655800000001,3.676109484e-05,4.1750006030000004e-06,0.00164400566,0.142411833,3.676109484e-05,4.1750006030000004e-06,2.5027297496795655
155,1656536400,2.671827e-05,2.6718278599999997e-05,0.006454844689999996,4.0748402106,0.038562331000000005,0.00402376137,0.0082424206,0.006392812520000001,6.873462660000001e-06,6.497075509999999e-05,11.832167900000002,52.1,3.2998868899999996e-06,2.2409670800000002e-06,1.14862847e-06,7.932530170000001e-07,6.20858974e-07,5.31295517e-07,4.2713539999999994e-07,3.7132448900000005e-07,8.2629562e-07,1.98072829e-07,2.9012677200000003e-06,82.3014405,39.9862547,5.196385350000001e-10,9.1591357,0.00149655581,0.11003000650000001,3.503214979e-05,4.0092336499999995e-06,0.0015309761699999998,0.11413825640000001,3.503214979e-05,4.0092336499999995e-06,0.0013839557099999998,0.1218731278,3.503214979e-05,4.0092336499999995e-06,0.00166790462,0.1480517575,3.503214979e-05,4.0092336499999995e-06,2.502765417098999
155,1656537000,2.7054789100000002e-05,2.7054793499999996e-05,-0.03690926455,1.4747599987000002,0.0325819943,0.00406431529,0.0083450126,0.00647656062,6.1468161e-06,5.6097661899999994e-05,12.6066434,52.6,3.41875431e-06,2.31789781e-06,1.1725911000000003e-06,8.037923269999999e-07,6.28540149e-07,4.96702577e-07,4.265198530000001e-07,3.68261577e-07,8.17149295e-07,1.9601259700000002e-07,2.8811191600000003e-06,82.149686,39.467918499999996,5.329270519999999e-10,9.15182705,0.0015044076000000001,0.11031087199999998,2.560879657e-05,3.13485509e-06,0.00153372737,0.11640842350000002,2.560879657e-05,3.13485509e-06,0.00144046433,0.1236943845,2.560879657e-05,3.13485509e-06,0.00170054208,0.15576754399999998,2.560879657e-05,3.13485509e-06,2.502835416793823
155,1656537600,3.504288979999999e-05,3.50429117e-05,0.35069386623,25.3460001924,0.05798185300000001,0.00418523481,0.008471055299999999,0.006560952300000001,3.8312525459999997e-05,0.00040161951739999994,13.5821677,71.3,6.11999079e-06,3.4906692e-06,1.26681913e-06,8.45675126e-07,6.28429957e-07,5.10942221e-07,4.3538940799999995e-07,3.6472157e-07,7.918949980000001e-07,1.9374161899999998e-07,2.8729290799999997e-06,79.438517,34.728055999999995,7.76004834e-10,9.103962399999997,0.00150354801,0.11294312209999999,0.000109539083,1.1313465579999999e-05,0.0015869417599999997,0.1365245954,0.000109539083,1.1313465579999999e-05,0.00150757597,0.19930867559999998,0.000109539083,1.1313465579999999e-05,0.0017889906800000002,0.286602904,0.000109539083,1.1313465579999999e-05,2.502683687210083
155,1656538200,3.5544020899999996e-05,3.5544027499999996e-05,-0.36508955293000006,10.5316593421,0.038000824899999994,0.00422270681,0.0085285321,0.00659020944,2.5889599110000002e-05,0.00023542880600000001,13.627622300000002,74.2,7.22421646e-06,2.78674024e-06,1.1925134499999999e-06,7.75491782e-07,6.28202483e-07,5.130486010000001e-07,4.2038103e-07,3.69080888e-07,8.103953490000001e-07,1.96679609e-07,2.85520343e-06,79.94469790000001,34.99963759999999,8.010620419999999e-10,9.105628450000001,0.00150243532,0.11019510349999999,0.00018676805233,1.886910711e-05,0.00154014053,0.120693954,0.00018676805233,1.886910711e-05,0.00163504919,0.28082581289999997,0.00018676805233,1.886910711e-05,0.00179047614,0.238854657,0.00018676805233,1.886910711e-05,2.5028037548065187
155,1656538800,3.80733776e-05,3.807339119999999e-05,0.19086208105,22.716628898729997,0.0474697162,0.0040963026500000005,0.008315913149999998,0.00645277631,4.682341083e-05,0.00048889785075,12.199300899999999,49.4,7.810042819999999e-06,3.52622382e-06,1.14937507e-06,8.235567299999999e-07,6.10759824e-07,4.9815932e-07,4.31163932e-07,3.62290215e-07,7.970387469999999e-07,1.9533103000000002e-07,2.83262398e-06,80.32552689999999,37.518001500000004,8.888383839999999e-10,9.110493400000001,0.0014920008,0.1086750425,0.00037387073112,3.6550632675e-05,0.00154990528,0.1237354128,0.00037387073112,3.6550632675e-05,0.00147684473,0.3922993591,0.00037387073112,3.6550632675e-05,0.00171517505,0.19966925200000002,0.00037387073112,3.6550632675e-05,2.5028431177139283
155,1656539400,2.7685657700000005e-05,2.7685664800000003e-05,0.04907810199999999,1.615800205,0.032387830299999996,0.00409810633,0.0084207323,0.006514178379999999,6.877585989999999e-06,6.139753330000001e-05,12.842657399999998,52.5,3.7578052300000004e-06,2.41272221e-06,1.14188044e-06,7.82609215e-07,6.10561724e-07,5.07045543e-07,4.1608047599999993e-07,3.7264628799999997e-07,8.01003397e-07,1.9540039e-07,2.84501131e-06,81.8885624,38.5914515,5.54543024e-10,9.147537949999998,0.00149805965,0.10891186359999998,2.537374436e-05,3.3374696370000005e-06,0.00154128195,0.11661768939999999,2.537374436e-05,3.3374696370000005e-06,0.00152435231,0.1428987506,2.537374436e-05,3.3374696370000005e-06,0.0017264344000000001,0.159126504,2.537374436e-05,3.3374696370000005e-06,2.502733039855957
155,1656540000,2.7073650199999998e-05,2.70736584e-05,-0.025989461900000004,1.21936539,0.029361879900000006,0.00407677438,0.00837953965,0.006478177140000001,6.38248189e-06,5.92904516e-05,12.715035,67.2,3.4658450900000006e-06,2.30684048e-06,1.14568301e-06,8.226940430000001e-07,6.132716239999999e-07,5.22254036e-07,4.14488226e-07,3.7064663399999997e-07,8.133438909999999e-07,1.9431591399999998e-07,2.86737974e-06,82.1999419,39.141906500000005,5.33837332e-10,9.1539763,0.00150953,0.11078502640000001,3.985059715e-05,4.690314606e-06,0.0015242706800000002,0.1131636206,3.985059715e-05,4.690314606e-06,0.0014503956499999997,0.1332332236,3.985059715e-05,4.690314606e-06,0.00171143136,0.149230396,3.985059715e-05,4.690314606e-06,2.502797985076904
155,1656540600,4.1479908800000004e-05,4.1479917799999995e-05,0.10808014849999999,7.589898026999999,0.0497634433,0.004579010319999999,0.009251391500000001,0.007044495569999999,2.8738710669999996e-05,0.0002518042142,19.3024478,107.9,9.51970283e-06,3.40794475e-06,1.23812941e-06,7.974968339999999e-07,5.979978510000001e-07,5.13504329e-07,4.214457430000001e-07,3.63028034e-07,8.093061339999999e-07,1.9645177899999998e-07,2.87486491e-06,78.0919873,30.3901239,9.868830500000002e-10,9.06843185,0.00150095265,0.10982163919999999,0.0001700228404,1.908872091e-05,0.0016311418599999998,0.13817598139999998,0.0001700228404,1.908872091e-05,0.0019719798100000002,0.38944203600000005,0.0001700228404,1.908872091e-05,0.00204574583,0.27783879300000003,0.0001700228404,1.908872091e-05,2.502922296524048
155,1656541200,4.0160425300000006e-05,4.01610667e-05,-0.77545825484,24.4982057345,0.044803240599999995,0.00423726387,0.008494404,0.00652786424,3.733339024e-05,0.00032655705530000004,13.7482517,76.2,8.987341439999999e-06,3.2008864099999998e-06,1.2753107000000002e-06,8.328067010000001e-07,6.337109150000001e-07,5.075477430000001e-07,4.23990948e-07,3.71589473e-07,8.06493887e-07,1.9306118999999999e-07,2.84802045e-06,79.03186939999999,34.4507509,9.4565853e-10,9.088575299999999,0.0015196424899999999,0.1134100294,0.00027303220733999997,2.7757481526e-05,0.00155065234,0.137705746,0.00027303220733999997,2.7757481526e-05,0.0016154573999999998,0.36423907629999996,0.00027303220733999997,2.7757481526e-05,0.00178658325,0.2565832055,0.00027303220733999997,2.7757481526e-05,2.502655816078186
155,1656541800,3.469541540000001e-05,3.4695422999999996e-05,-0.23321719980000002,16.3418439698,0.04878090749999999,0.0041133082299999995,0.0083061597,0.00645011068,3.485318878e-05,0.00036831478989999997,12.2674824,61.2,6.917082109999999e-06,2.4916484900000003e-06,1.2237974399999999e-06,8.37893477e-07,6.442502769999999e-07,5.197187790000001e-07,4.23261675e-07,3.7495761100000003e-07,8.216921660000001e-07,1.9233522499999998e-07,2.9009609000000003e-06,80.7712971,36.981928200000006,7.75138041e-10,9.12071315,0.00150921204,0.1132610641,0.00020743266834000003,2.5774171727e-05,0.00157107714,0.127963291,0.00020743266834000003,2.5774171727e-05,0.00148060307,0.3162111406,0.00020743266834000003,2.5774171727e-05,0.00167883869,0.1638973056,0.00020743266834000003,2.5774171727e-05,2.502801775932312
155,1656542400,7.60145256e-05,7.601454519999998e-05,-0.8356364137000002,26.35140836003,0.0697045606,0.0052877976399999995,0.010618607950000001,0.00788412297,7.670279817000001e-05,0.0006298037592999999,27.937063199999994,120.2,2.31585364e-05,6.408834930000001e-06,1.60544759e-06,9.250967529999999e-07,6.6147372e-07,5.139009320000001e-07,4.4831854000000003e-07,3.71077407e-07,8.27355982e-07,1.94159461e-07,2.8929917700000005e-06,72.9743203,24.6734588,2.095255426e-09,8.953880800000002,0.00155341054,0.12160083349999999,0.0005636040065999999,6.0308086629999994e-05,0.0017834056600000002,0.19927242299999998,0.0005636040065999999,6.0308086629999994e-05,0.00266453969,0.9604050175000001,0.0005636040065999999,6.0308086629999994e-05,0.00247478885,0.6197795279999999,0.0005636040065999999,6.0308086629999994e-05,2.5036532878875732
155,1656543000,6.486612000000001e-05,6.486801880000001e-05,-0.3129808936,9.6782021284,0.05435616980000001,0.00493552919,0.01021270865,0.00741001652,6.839114318e-05,0.0006437194755000001,22.692307899999996,102.4,1.930829953e-05,5.03556518e-06,1.38871143e-06,8.333212080000002e-07,6.567605680000001e-07,5.0440065e-07,4.3867292099999995e-07,3.6613922699999997e-07,8.174324520000001e-07,1.9826277100000002e-07,2.88732591e-06,76.0137817,29.37536596,1.746479013e-09,9.02060555,0.0015265993,0.114976002,0.00062281470171,6.068949068999999e-05,0.0016968886400000002,0.15793079599999998,0.00062281470171,6.068949068999999e-05,0.00230050008,0.8297775414000002,0.00062281470171,6.068949068999999e-05,0.00222300186,0.42243644300000005,0.00062281470171,6.068949068999999e-05,2.501990461349487
155,1656543600,2.5650490500000002e-05,2.56504959e-05,0.16843330939,3.5191038307399998,0.0363991307,0.003947840560000001,0.0081077137,0.006300424389999999,7.318432060000001e-06,7.63450906e-05,10.5664336,34.6,2.92122347e-06,2.17203059e-06,1.13611335e-06,7.918636169999999e-07,6.171849909999999e-07,5.091036000000001e-07,4.3287322600000004e-07,3.69310484e-07,8.0697656e-07,1.9516778300000002e-07,2.8733179999999997e-06,82.9317243,41.5916103,4.91937429e-10,9.165157050000001,0.0015006041699999998,0.10976719050000001,2.133015996e-05,2.560622959e-06,0.0015153943099999998,0.11333021300000001,2.133015996e-05,2.560622959e-06,0.0013145111499999998,0.09932572790000001,2.133015996e-05,2.560622959e-06,0.0015953324899999999,0.142944565,2.133015996e-05,2.560622959e-06,2.5026875257492067
155,1656544200,2.9783033599999996e-05,2.97830461e-05,0.64745165393,24.583236678200002,0.060395092,0.00405099682,0.0082474931,0.00640150808,1.8524246159999998e-05,0.00019539051180000002,11.8776225,56.1,3.98139959e-06,2.69761361e-06,1.2889536e-06,8.458182280000001e-07,6.50776461e-07,5.34298613e-07,4.68569214e-07,3.98904818e-07,8.550759420000001e-07,2.0177165e-07,2.9682625800000002e-06,81.22217560000001,38.7517401,6.032650810000001e-10,9.141798999999999,0.0015091403799999997,0.1143161385,9.258873152999999e-05,9.054226921e-06,0.0015625841000000001,0.1360761757,9.258873152999999e-05,9.054226921e-06,0.00140227269,0.1468025965,9.258873152999999e-05,9.054226921e-06,0.0016892982899999998,0.174148065,9.258873152999999e-05,9.054226921e-06,2.5028103828430175
155,1656544800,2.6815400600000004e-05,2.68154079e-05,0.7351503145999999,20.42495884631,0.06304644510000001,0.00401913263,0.0082330173,0.00638257569,6.64882869e-06,6.46344056e-05,11.860139899999998,40.8,2.9283940500000004e-06,2.32532682e-06,1.1866091899999999e-06,8.818179200000001e-07,6.54428459e-07,5.25841164e-07,4.54539652e-07,3.9178668199999997e-07,8.6478901e-07,2.0430705500000002e-07,2.9897639599999994e-06,82.3990827,40.9547287,5.14129343e-10,9.16199795,0.0015118166899999999,0.1177091388,1.4317880980000002e-05,2.03820212e-06,0.00153873969,0.11915417259999998,1.4317880980000002e-05,2.03820212e-06,0.00138765418,0.1037159363,1.4317880980000002e-05,2.03820212e-06,0.0016687892499999998,0.146338084,1.4317880980000002e-05,2.03820212e-06,2.5026882886886597
155,1656545400,5.243862039999999e-05,5.243869909999999e-05,-0.2706245116,69.764853229,0.11963917180000001,0.00427614714,0.008391035199999999,0.00649168864,7.059598313e-05,0.0006470650553,13.17307695,76.4,1.148684282e-05,5.67114241e-06,1.73721919e-06,1.019893967e-06,7.52270942e-07,5.742458570000001e-07,5.091333009999999e-07,4.238749399999999e-07,8.98351726e-07,1.96133126e-07,2.9501924400000003e-06,76.216024,32.7000477,1.302514304e-09,9.046630599999999,0.00153820645,0.1517431215,0.00032575369748000005,3.3862269205e-05,0.00160358689,0.1754559255,0.00032575369748000005,3.3862269205e-05,0.00154229836,0.3947962591,0.00032575369748000005,3.3862269205e-05,0.0018601762599999999,0.4775685259999999,0.00032575369748000005,3.3862269205e-05,2.5027992963790893
155,1656546000,2.5243732100000003e-05,2.5243741600000002e-05,-0.016921303797,0.26600128450000005,0.025093670499999998,0.00398723564,0.008188359999999999,0.00637957477,2.92122212e-06,2.41283884e-05,11.356643299999998,40.3,2.81794889e-06,2.09255347e-06,1.14549272e-06,8.030069509999999e-07,5.958835880000001e-07,5.01196831e-07,4.25086856e-07,3.8160020700000004e-07,7.964058880000001e-07,1.96971785e-07,2.8656507e-06,83.00884390000002,41.5458956,4.79711344e-10,9.16774705,0.00149558508,0.1088400437,1.0891530709999999e-05,1.6274210759999999e-06,0.0015148421199999997,0.11145237560000001,1.0891530709999999e-05,1.6274210759999999e-06,0.00135469569,0.09763932890000002,1.0891530709999999e-05,1.6274210759999999e-06,0.00166784045,0.13813509959999998,1.0891530709999999e-05,1.6274210759999999e-06,2.502747416496277
155,1656546600,2.43831162e-05,2.43831252e-05,0.0001994001200000005,0.016672435489999998,0.0200053966,0.0039375329199999995,0.0081184457,0.006318869459999999,2.07610474e-06,1.85845096e-05,10.6538462,25.8,2.3962161399999997e-06,2.11435571e-06,1.14188989e-06,7.891842689999999e-07,6.14726414e-07,5.008607830000001e-07,4.2465207299999993e-07,3.5913692200000003e-07,8.072062869999999e-07,1.9269031400000001e-07,2.8505794100000003e-06,83.4462845,42.619586399999996,4.54314887e-10,9.175042900000001,0.00149311693,0.10784362760000002,6.3822254e-06,1.08959841e-06,0.0015330884099999998,0.1145383198,6.3822254e-06,1.08959841e-06,0.0013351568300000003,0.0865011207,6.3822254e-06,1.08959841e-06,0.0015862139399999999,0.12252409149999999,6.3822254e-06,1.08959841e-06,2.5027496337890627
155,1656547200,7.41740298e-05,7.41740851e-05,-0.146344808,2.95441109,0.051748557699999996,0.00584161666,0.01234711415,0.00907765112,3.5851874179999994e-05,0.00024699162670000006,37.2639861,97.8,2.194536362e-05,6.572173420000001e-06,1.7599273999999997e-06,9.434995949999999e-07,6.611709569999999e-07,5.222389180000001e-07,4.34466289e-07,3.7506677400000003e-07,8.163010010000001e-07,1.9156784000000001e-07,2.8652361299999997e-06,73.29984900000001,25.344917399999996,2.0341493799999998e-09,8.962463600000001,0.00157947134,0.1243725064,0.00016888055540000002,2.4503984799999997e-05,0.0019438983,0.23335100310000004,0.00016888055540000002,2.4503984799999997e-05,0.00318527315,0.9078262250000002,0.00016888055540000002,2.4503984799999997e-05,0.0028749381899999997,0.5836413450000001,0.00016888055540000002,2.4503984799999997e-05,2.50289409160614
155,1656547800,3.9813805600000005e-05,3.98139013e-05,-0.19593768785,8.8907331666,0.0424830799,0.00452618664,0.0091738667,0.007045164079999999,2.548201771e-05,0.0002459765205,18.680069699999997,75.1,7.83924931e-06,3.71321522e-06,1.33593069e-06,8.73377234e-07,6.809347639999999e-07,6.017473140000001e-07,4.785644939999999e-07,4.00459271e-07,9.214150409999998e-07,1.91100258e-07,2.87092831e-06,78.2685548,33.342627300000004,9.21464127e-10,9.086282,0.00154891788,0.12304966899999999,8.00343532e-05,9.2673579e-06,0.0016478303099999997,0.15498444699999997,8.00343532e-05,9.2673579e-06,0.00191010239,0.27659803559999996,8.00343532e-05,9.2673579e-06,0.00200337823,0.30451379200000006,8.00343532e-05,9.2673579e-06,2.502816343307495
155,1656548400,6.429970519999999e-05,6.429973059999999e-05,-0.42512139809999994,27.844438941599996,0.07160551350000001,0.00491311685,0.00974610035,0.00732960524,7.500797326999999e-05,0.0006798396406000001,22.409090900000002,110.7,1.807891417e-05,5.8722995200000005e-06,1.47909083e-06,8.87674155e-07,6.52231484e-07,4.900264929999999e-07,4.29208345e-07,3.7119792000000007e-07,8.192976230000001e-07,1.91501742e-07,2.87839845e-06,74.42730709999998,26.591380499999996,1.715092087e-09,8.98677915,0.0015325312000000002,0.118911528,0.0003496533558,3.992677792e-05,0.00171311423,0.1785192056,0.0003496533558,3.992677792e-05,0.00232257826,0.692611437,0.0003496533558,3.992677792e-05,0.00229480652,0.57866036,0.0003496533558,3.992677792e-05,2.502554249763489
155,1656549000,5.36769398e-05,5.3676993799999995e-05,-0.085958424,17.888458985000003,0.0647868929,0.0050430347600000005,0.010295062400000003,0.007724864600000001,4.82874077e-05,0.0004800844659000001,26.6153846,108.5,1.2680508620000001e-05,5.537180400000001e-06,1.6875354399999997e-06,9.84035694e-07,6.89804879e-07,5.3805904e-07,4.41094309e-07,3.82053964e-07,8.198588430000001e-07,1.92124964e-07,2.88621246e-06,74.11677650000001,24.82794975,1.3482045500000002e-09,9.001924249999998,0.00155369124,0.1292680042,0.0001517020769,1.8716620110000003e-05,0.0017988980600000004,0.218118282,0.0001517020769,1.8716620110000003e-05,0.00244270237,0.49211286900000006,0.0001517020769,1.8716620110000003e-05,0.0023687014,0.420416801,0.0001517020769,1.8716620110000003e-05,2.5027302265167237
155,1656549600,8.65727378e-05,8.65727753e-05,-0.22622197595000001,13.796815704099998,0.07457632519999999,0.00603872753,0.012218479449999998,0.008960917099999998,7.485845315e-05,0.0006566952156,39.3951049,138.7,2.501785417e-05,8.84674872e-06,2.24454102e-06,1.068269814e-06,7.272490860000001e-07,5.857784939999999e-07,4.56182728e-07,3.9818094199999996e-07,8.394900160000001e-07,1.95655862e-07,2.90630013e-06,69.313763,19.632233,2.395817241e-09,8.88900015,0.0016346978099999999,0.14628282099999995,0.00038168140947,4.23540188e-05,0.0020174999800000003,0.273920337,0.00038168140947,4.23540188e-05,0.00339670369,1.0053876529999999,0.00038168140947,4.23540188e-05,0.00303906561,0.7680195089999999,0.00038168140947,4.23540188e-05,2.503068733215332
155,1656550200,0.0001440698938,0.0001440699858,-0.3608980352,13.6040526394,0.08594785299999999,0.00677002957,0.013905821600000002,0.00981126682,0.00014622627595,0.0012639636453999998,44.494754799999995,153.8,5.011295614999999e-05,1.2350523739999998e-05,2.3662991099999996e-06,1.159134295e-06,7.578941270000001e-07,5.64745471e-07,4.540128319999999e-07,3.8318563199999996e-07,8.21034018e-07,2.00150175e-07,2.8648869700000003e-06,67.8054909,19.2132894,4.3197923299999995e-09,8.826917349999999,0.0016279988600000003,0.14513627099999998,0.0006483782033,8.207011094999999e-05,0.00208320251,0.33330490640000004,0.0006483782033,8.207011094999999e-05,0.00402793491,2.006343941,0.0006483782033,8.207011094999999e-05,0.0033929118600000002,1.3527531089999998,0.0006483782033,8.207011094999999e-05,2.5033677339553835
155,1656550800,2.6429510800000002e-05,2.64295278e-05,0.01685015567,0.20608133969000003,0.0238787964,0.00408929747,0.008406486400000001,0.0065370171199999995,2.9987861599999998e-06,2.8062327800000004e-05,12.639859999999999,36.5,3.21396551e-06,2.24839207e-06,1.14827287e-06,8.03286807e-07,6.36733629e-07,5.02805855e-07,4.31286068e-07,3.6630033800000005e-07,8.04182252e-07,1.9388311399999998e-07,2.86558902e-06,82.2487176,39.79123890000001,5.14369212e-10,9.1568527,0.00151088917,0.11101853479999998,1.18286031e-05,1.73470694e-06,0.0015390362,0.11451833650000001,1.18286031e-05,1.73470694e-06,0.00153877061,0.11772884539999999,1.18286031e-05,1.73470694e-06,0.0017073472,0.145447025,1.18286031e-05,1.73470694e-06,2.5018070697784425
155,1656551400,2.9718877200000005e-05,2.9718898099999997e-05,-0.0536142545,4.810986873700001,0.033059212000000004,0.004133860810000001,0.0084499026,0.0065634106,1.3626720160000001e-05,0.0001394580136,13.414335600000001,52.4,4.3419884499999995e-06,2.65586783e-06,1.23574814e-06,8.094670059999999e-07,6.27841439e-07,5.12475335e-07,4.23335512e-07,3.7179727100000003e-07,8.140232130000001e-07,1.9711185299999997e-07,2.8697021299999997e-06,81.28351289999999,37.8433369,6.14814195e-10,9.1373839,0.00150083746,0.1127462424,3.6140295269999995e-05,4.2658931299999995e-06,0.00155272499,0.11895940220000001,3.6140295269999995e-05,4.2658931299999995e-06,0.0015444576399999998,0.14566966340000004,3.6140295269999995e-05,4.2658931299999995e-06,0.0017613546500000001,0.204021214,3.6140295269999995e-05,4.2658931299999995e-06,2.5027621030807494
155,1656552000,3.24440504e-05,3.24440547e-05,1.1021835487999998,35.530303985829995,0.0533551337,0.00422753115,0.0086416533,0.00668451964,1.713482893e-05,0.0001721420499,14.6311188,48.4,5.23418758e-06,2.71436512e-06,1.36492995e-06,9.48955006e-07,6.840362789999999e-07,5.629106040000001e-07,4.5677981199999994e-07,3.6035718800000005e-07,8.07163729e-07,1.9753181399999996e-07,2.89076983e-06,80.3363069,36.6554502,6.94284906e-10,9.1221341,0.00151043094,0.1280330965,8.049884782000001e-05,9.44892719e-06,0.00160021672,0.14245920640000004,8.049884782000001e-05,9.44892719e-06,0.00165233979,0.22236014660000003,8.049884782000001e-05,9.44892719e-06,0.00180063038,0.165950918,8.049884782000001e-05,9.44892719e-06,2.5027418613433836
155,1656552600,2.9598869900000005e-05,2.95988762e-05,0.08602420397999996,9.2061656923,0.043287143800000004,0.00418510609,0.008545761499999999,0.006646122379999999,1.121701282e-05,0.00011306207179999998,14.0734266,53.7,4.3201122000000006e-06,2.59859257e-06,1.2067182400000001e-06,8.190905499999999e-07,6.21544255e-07,5.34250425e-07,4.27805275e-07,3.7309777500000005e-07,8.2152899e-07,1.9659875e-07,2.88004963e-06,80.9372918,36.8282678,6.074729540000001e-10,9.134547999999999,0.00150224493,0.11039978499999999,4.122234358e-05,4.81853006e-06,0.0015683034500000002,0.1223030164,4.122234358e-05,4.81853006e-06,0.0016262918100000002,0.1637272266,4.122234358e-05,4.81853006e-06,0.0017965951099999998,0.180377717,4.122234358e-05,4.81853006e-06,2.5027426958084105
155,1656553200,4.7144045e-05,4.7144064099999995e-05,0.08465032148999999,2.2670666699999997,0.0381288237,0.005068866920000001,0.0107440186,0.00792714099,1.6177479150000002e-05,0.00012101485900000001,27.5979021,82.7,1.007307923e-05,5.06863894e-06,1.57530815e-06,9.213021560000001e-07,6.68327453e-07,5.36549231e-07,4.5179317600000003e-07,3.91583955e-07,8.187094e-07,1.99250909e-07,2.86741428e-06,75.71418299999998,27.482994699999995,1.146774613e-09,9.0323899,0.0015703282200000002,0.12364927399999999,4.637768013e-05,7.256922060000001e-06,0.0018274853900000002,0.186684359,4.637768013e-05,7.256922060000001e-06,0.00239067107,0.37138758699999996,4.637768013e-05,7.256922060000001e-06,0.00248115582,0.392137517,4.637768013e-05,7.256922060000001e-06,2.5027175426483153
155,1656553800,2.57676632e-05,2.5767700199999997e-05,0.010810536300000001,0.012352545830000002,0.0208168372,0.00404775476,0.00834972335,0.0064854942,2.2387720499999997e-06,1.84883624e-05,12.2062937,28.7,2.8936630399999997e-06,2.29576871e-06,1.1540329500000002e-06,7.749932669999999e-07,6.075954080000001e-07,4.96708209e-07,4.1696566699999996e-07,3.69206446e-07,8.00736576e-07,1.96159566e-07,2.8779670599999997e-06,82.693615,40.6934171,4.93714908e-10,9.163502900000001,0.00149589777,0.10871949709999999,7.90276057e-06,1.32755493e-06,0.00154809865,0.11653394860000002,7.90276057e-06,1.32755493e-06,0.0014746064700000001,0.10492483550000001,7.90276057e-06,1.32755493e-06,0.00168914539,0.13896149900000002,7.90276057e-06,1.32755493e-06,2.50271897315979
155,1656554400,2.6310339399999998e-05,2.63103458e-05,0.19880966286999996,3.0607871957,0.029142105699999997,0.00406262855,0.008348276999999998,0.0065020389,4.55155512e-06,4.42758782e-05,12.3321679,33.5,2.94767762e-06,2.41403137e-06,1.2119326399999998e-06,8.23913913e-07,6.10595867e-07,4.87348309e-07,4.19487553e-07,3.7094357299999995e-07,8.139683880000001e-07,1.98694216e-07,2.8564837000000003e-06,82.3968308,40.0690843,5.09686537e-10,9.15768135,0.0014946743100000002,0.11110129120000001,7.98104377e-06,1.3930971300000002e-06,0.00158769294,0.1227077094,7.98104377e-06,1.3930971300000002e-06,0.00147082038,0.105851947,7.98104377e-06,1.3930971300000002e-06,0.00171277463,0.146320268,7.98104377e-06,1.3930971300000002e-06,2.5027802705764772
155,1656555000,2.70835021e-05,2.7083509e-05,-0.16191972364,3.720590465050001,0.0256067883,0.00406741671,0.008364622649999999,0.00649563375,8.019655170000001e-06,8.38574982e-05,12.493007,44.4,3.3871979300000003e-06,2.48742525e-06,1.1552926099999998e-06,7.962519669999999e-07,5.92900798e-07,4.89853505e-07,4.16994801e-07,3.68018458e-07,8.014733240000001e-07,1.97490234e-07,2.8487379600000004e-06,82.072407,39.141524499999996,5.353781639999999e-10,9.152180000000001,0.00149305397,0.1083793085,4.0977457189999994e-05,4.44916904e-06,0.0015637158599999998,0.12001424460000001,4.0977457189999994e-05,4.44916904e-06,0.00146323154,0.1292548794,4.0977457189999994e-05,4.44916904e-06,0.0017384619300000001,0.152558043,4.0977457189999994e-05,4.44916904e-06,2.502755880355835
155,1656555600,2.58215461e-05,2.5821558099999997e-05,0.00946581547,-0.002514627389999998,0.0213996868,0.00405655429,0.008367734799999998,0.006521113570000001,2.2335971699999998e-06,1.85433125e-05,12.127622500000001,27.7,2.91308896e-06,2.3014753899999998e-06,1.12983159e-06,7.68995816e-07,6.1594171e-07,4.907019070000001e-07,4.3271682100000004e-07,3.6748643999999997e-07,8.32359226e-07,1.9670834099999998e-07,2.8614023799999996e-06,82.6069051,40.5889734,4.956972279999999e-10,9.1623496,0.00149534899,0.1086406006,6.38363275e-06,1.2081299000000002e-06,0.0015475073100000001,0.1157702161,6.38363275e-06,1.2081299000000002e-06,0.0014546839500000001,0.10248794090000002,6.38363275e-06,1.2081299000000002e-06,0.00172255159,0.14369867900000002,6.38363275e-06,1.2081299000000002e-06,2.5027157068252563
155,1656556200,2.9828645099999996e-05,2.98286631e-05,-0.26723442831,9.1425291222,0.0307533646,0.00415727329,0.008474612000000001,0.006583197530000001,1.3464761079999999e-05,0.000137948692,13.312937,53.2,4.5135208399999994e-06,2.6487178200000004e-06,1.19744867e-06,8.008740990000001e-07,6.28019502e-07,4.97372073e-07,4.1913751e-07,3.5799849200000004e-07,8.104023279999999e-07,1.9408266900000002e-07,2.84671857e-06,81.112318,37.3453642,6.195146399999998e-10,9.135678799999999,0.00149966593,0.1088845085,8.579794533e-05,8.67429219e-06,0.0015763977999999998,0.12436251949999999,8.579794533e-05,8.67429219e-06,0.00157804631,0.1733570045,8.579794533e-05,8.67429219e-06,0.00176818262,0.18017341,8.579794533e-05,8.67429219e-06,2.5028316736221314
155,1656556800,2.8110458199999996e-05,2.8110468599999997e-05,0.012671632339999999,0.19075359535,0.023986307999999998,0.0042098306599999994,0.0086937046,0.006752331150000001,3.4300039299999994e-06,2.94009915e-05,14.617132899999998,37.9,3.77608258e-06,2.42289611e-06,1.1791741099999998e-06,8.02481107e-07,6.405731699999999e-07,5.247556079999999e-07,4.2856652299999997e-07,3.8943964300000005e-07,8.2543585e-07,1.9266542400000001e-07,2.87311172e-06,81.397234,37.96597520000001,5.62413206e-10,9.144147199999999,0.00152621902,0.11286243170000002,1.256979515e-05,1.9957633700000003e-06,0.00155529292,0.118179854,1.256979515e-05,1.9957633700000003e-06,0.00167168826,0.1429940736,1.256979515e-05,1.9957633700000003e-06,0.0018004020300000003,0.15911365600000002,1.256979515e-05,1.9957633700000003e-06,2.502707052230835
155,1656557400,2.75473415e-05,2.75473566e-05,-0.014456265470000002,0.040424457770000005,0.0212028046,0.00418187617,0.0086017765,0.0067130198900000005,2.8942543899999995e-06,2.41700859e-05,14.1346156,39.4,3.6693689499999998e-06,2.34947208e-06,1.1777327e-06,8.137353449999999e-07,6.1761159e-07,5.095003610000001e-07,4.2259899799999995e-07,3.63488399e-07,7.97204033e-07,1.90051785e-07,2.8628596400000003e-06,81.8042479,38.38271629999999,5.473670360000001e-10,9.1490509,0.00150560584,0.1099022269,9.60694971e-06,1.60461038e-06,0.00156869504,0.11871864439999999,9.60694971e-06,1.60461038e-06,0.00164008124,0.1314537909,9.60694971e-06,1.60461038e-06,0.0018042365599999998,0.160224503,9.60694971e-06,1.60461038e-06,2.5027257919311525
155,1656558000,2.90463096e-05,2.9046321700000002e-05,0.07481483054,5.13228548,0.0419481466,0.00423572662,0.008719375599999999,0.00677343306,5.866025120000001e-06,5.29446831e-05,14.874125699999999,47.3,4.10923854e-06,2.52114118e-06,1.18324101e-06,8.07230123e-07,6.40061322e-07,5.29142806e-07,4.3591944100000004e-07,3.7495876599999993e-07,8.22994996e-07,1.99116995e-07,2.90003676e-06,81.2551564,37.5068347,5.87706202e-10,9.1403803,0.0015082922999999997,0.11304791350000001,1.955979417e-05,2.79381418e-06,0.00157223365,0.12025033749999998,1.955979417e-05,2.79381418e-06,0.00169831373,0.154474864,1.955979417e-05,2.79381418e-06,0.0018428111800000001,0.17234814599999998,1.955979417e-05,2.79381418e-06,2.502794694900513
155,1656558600,5.41699165e-05,5.41699295e-05,-0.08758874435,20.47914609532,0.0614513938,0.0048836407,0.00989723015,0.0074326435799999995,6.712127836e-05,0.0006577434557,23.5699304,116.2,1.325799858e-05,5.4399862900000005e-06,1.65202317e-06,9.0602838e-07,6.535013059999999e-07,5.03200285e-07,4.290584469999999e-07,3.72853455e-07,8.089749840000001e-07,1.9473039699999998e-07,2.8664974900000004e-06,75.17367399999999,27.2686466,1.375819908e-09,9.016770099999999,0.0015284415699999998,0.11865079939999998,0.00017351761073,2.032387966e-05,0.0017500444899999999,0.242024297,0.00017351761073,2.032387966e-05,0.00229789313,0.4826427300000001,0.00017351761073,2.032387966e-05,0.0022502603,0.43641308199999995,0.00017351761073,2.032387966e-05,2.502786374092102
155,1656559200,2.8551049800000002e-05,2.8551074199999997e-05,0.004695042600000003,2.04041838736,0.027334963900000002,0.004158930690000001,0.0085118928,0.00661782717,8.295384519999999e-06,8.21300834e-05,13.791958099999999,45.8,3.984106510000001e-06,2.5123771099999996e-06,1.1603769099999998e-06,8.01840943e-07,6.39334476e-07,4.96422963e-07,4.3721056900000003e-07,3.65862949e-07,8.207927390000001e-07,1.9773309999999998e-07,2.85946077e-06,81.52322339999999,38.2026981,5.78643694e-10,9.143559699999999,0.00150804866,0.11012781,3.331433792e-05,3.9452781699999995e-06,0.00156866778,0.12097067589999999,3.331433792e-05,3.9452781699999995e-06,0.0015885612900000002,0.1426391965,3.331433792e-05,3.9452781699999995e-06,0.00177669846,0.174071086,3.331433792e-05,3.9452781699999995e-06,2.502671504020691
155,1656559800,2.77066915e-05,2.7706710100000003e-05,0.01025183627,0.08890566637,0.023787667699999997,0.00418661559,0.008642264700000001,0.006705332329999999,3.07376465e-06,2.49531297e-05,14.55244735,42.1,3.7437463600000003e-06,2.3311426200000005e-06,1.1891660300000002e-06,7.78850694e-07,6.19274384e-07,5.12090604e-07,4.2191574000000007e-07,3.6947301e-07,8.10024342e-07,1.9485303300000002e-07,2.88280836e-06,81.7922977,38.2773489,5.51074541e-10,9.1479336,0.0014993543,0.1094333807,1.327237065e-05,2.04599022e-06,0.0015573547299999998,0.1169250902,1.327237065e-05,2.04599022e-06,0.0016684535,0.1399961564,1.327237065e-05,2.04599022e-06,0.00179341281,0.15757496599999998,1.327237065e-05,2.04599022e-06,2.5028019189834594
155,1656560400,2.6953050299999996e-05,2.69530548e-05,0.0340764604,0.13216724906000002,0.0239250574,0.00412764482,0.0085671117,0.00664816766,2.9981174900000003e-06,2.5861995699999998e-05,13.597902000000001,40.0,3.3664565899999997e-06,2.35368076e-06,1.14189509e-06,8.23941209e-07,6.02951187e-07,5.047257260000001e-07,4.2325426400000004e-07,3.64195092e-07,8.19264451e-07,1.9804733899999999e-07,2.8780320299999997e-06,82.0504949,39.2042905,5.28145344e-10,9.1525785,0.00150178627,0.11040015319999999,1.5641868700000004e-05,2.1218387e-06,0.00155901285,0.11832068039999999,1.5641868700000004e-05,2.1218387e-06,0.00160774119,0.129741881,1.5641868700000004e-05,2.1218387e-06,0.00171560149,0.14368644600000002,1.5641868700000004e-05,2.1218387e-06,2.5027347803115845
155,1656561000,0.0001300320691,0.00013003209009999998,-0.24796244477999996,33.17070625016999,0.0911004058,0.00512559256,0.010007225800000002,0.00734441007,0.00020678123935,0.0015735775894999999,21.9580421,118.9,4.746033815e-05,8.58527609e-06,1.91348744e-06,1.13620438e-06,6.988974449999999e-07,5.321172e-07,4.465965919999999e-07,3.73440866e-07,8.0927212e-07,1.9445126200000002e-07,2.86588902e-06,72.9635636,27.71115444,3.900528103e-09,8.9285123,0.00153668914,0.1252083625,0.0010307052126900002,0.00010617691087999997,0.0017279799300000003,0.26777121809999993,0.0010307052126900002,0.00010617691087999997,0.0025108570000000005,1.417823613,0.0010307052126900002,0.00010617691087999997,0.00244553097,1.6384670510000003,0.0010307052126900002,0.00010617691087999997,2.5028423070907593
155,1656561600,3.17820962e-05,3.17821122e-05,-0.08472057556299999,1.3271507764000001,0.032373703000000004,0.00439941883,0.009024436400000002,0.006989906759999999,7.577140159999999e-06,6.8559661e-05,17.2919581,63.9,5.41113067e-06,2.75579102e-06,1.1637885899999999e-06,8.03355349e-07,6.094086689999999e-07,5.056271360000002e-07,4.1722485899999997e-07,3.69548501e-07,8.038625189999999e-07,1.9278102999999996e-07,2.85841619e-06,80.1077826,34.1875093,6.76714669e-10,9.117475500000001,0.00149557894,0.10887669629999999,5.018768021e-05,5.5183518e-06,0.0016078271499999999,0.1267527536,5.018768021e-05,5.5183518e-06,0.0019006232800000001,0.20837114699999998,5.018768021e-05,5.5183518e-06,0.00194809705,0.19753707299999998,5.018768021e-05,5.5183518e-06,2.5031779527664186
155,1656562200,4.6948129400000004e-05,4.6948146899999996e-05,-0.20052006694000007,19.469168214599996,0.05531855040000001,0.00459404203,0.00923932095,0.007119934739999998,6.527544346e-05,0.0006882666633000001,19.1940558,70.9,1.183264924e-05,3.65631831e-06,1.30230552e-06,8.81654919e-07,6.16244758e-07,5.074702099999998e-07,4.2739308500000004e-07,3.7412933999999996e-07,8.10088775e-07,1.95113935e-07,2.87058894e-06,77.3736153,31.014187849999995,1.158302241e-09,9.0573217,0.00150052852,0.11137269010000002,0.00030591314214999994,3.120183636e-05,0.0016240146599999998,0.1406523201,0.00030591314214999994,3.120183636e-05,0.00214264633,0.473626884,0.00030591314214999994,3.120183636e-05,0.0020287454,0.34869096999999993,0.00030591314214999994,3.120183636e-05,2.5023391246795654
155,1656562800,7.221051440000001e-05,7.22105357e-05,0.08144422349999998,18.39529735825,0.07532827880000001,0.004813747960000001,0.00923497655,0.007001427189999999,9.797050005e-05,0.0007894205045,18.127622499999994,117.8,2.2592097689999997e-05,5.11749373e-06,1.56720517e-06,9.65034481e-07,6.41498777e-07,5.14481252e-07,4.4282438299999996e-07,3.6893198599999996e-07,8.157021280000001e-07,1.96052356e-07,2.8839000399999998e-06,74.9363421,28.36528275,1.985539753e-09,8.98827955,0.00152655479,0.12109223320000002,0.00043354953899999994,5.1436541e-05,0.0016696116300000002,0.177001654,0.00043354953899999994,5.1436541e-05,0.00211897292,0.81727868,0.00043354953899999994,5.1436541e-05,0.00222934305,0.678962922,0.00043354953899999994,5.1436541e-05,2.5027327060699465
155,1656563400,2.9938710100000004e-05,2.99387192e-05,-0.026516207630000004,8.685235322099999,0.0428186555,0.00419450453,0.00857989755,0.006648014589999999,1.0878347720000002e-05,0.0001029283556,14.190559400000001,58.5,4.02608931e-06,2.51752295e-06,1.2325001e-06,8.757330129999999e-07,6.993234079999999e-07,7.30495116e-07,4.97536662e-07,4.12068462e-07,8.887660340000001e-07,1.94812469e-07,2.89447843e-06,80.56687300000002,37.4001489,6.088227659999999e-10,9.133992349999998,0.0015506163299999999,0.125842411,5.349105178e-05,5.591689969999999e-06,0.00156400422,0.1261339314,5.349105178e-05,5.591689969999999e-06,0.00157423671,0.1495203175,5.349105178e-05,5.591689969999999e-06,0.0017617417099999998,0.171673339,5.349105178e-05,5.591689969999999e-06,2.5027541160583495
155,1656564000,3.8428146099999996e-05,3.842816329999999e-05,0.15806273997000003,5.20949779035,0.043531931600000004,0.00448698186,0.009181666049999999,0.007026024410000001,2.197490408e-05,0.0002211218953,17.8076923,63.9,8.12696192e-06,3.1509996400000004e-06,1.2883846e-06,8.16224231e-07,6.264906369999999e-07,5.06609215e-07,4.30117555e-07,3.69882807e-07,8.130092909999999e-07,1.95656226e-07,2.88966361e-06,79.57693850000001,34.5927052,8.907498630000001e-10,9.1002664,0.0015052483799999998,0.11176022710000003,7.76036732e-05,1.036226183e-05,0.0016516973599999998,0.1428606029,7.76036732e-05,1.036226183e-05,0.00191853391,0.318433448,7.76036732e-05,1.036226183e-05,0.00198909972,0.255521501,7.76036732e-05,1.036226183e-05,2.502763342857361
155,1656564600,2.92262421e-05,2.92262516e-05,0.0611134403,1.48873279002,0.0334016621,0.00423411811,0.00870831215,0.00675745698,7.236209860000002e-06,7.26436853e-05,15.0874124,49.0,4.26343881e-06,2.5034441099999997e-06,1.2026527599999999e-06,8.351948740000001e-07,6.11891863e-07,4.90594448e-07,4.38647284e-07,3.6777744499999997e-07,8.09263243e-07,1.9528692300000003e-07,2.89490947e-06,81.3040829,37.409546999999996,5.97255806e-10,9.139206900000001,0.00151188038,0.1114205466,3.692155159999999e-05,4.17587267e-06,0.0015893837600000002,0.12425037409999999,3.692155159999999e-05,4.17587267e-06,0.0016401109799999997,0.15494084209999998,3.692155159999999e-05,4.17587267e-06,0.00184004272,0.175553937,3.692155159999999e-05,4.17587267e-06,2.5028357982635496
155,1656565200,4.962677300000001e-05,4.96268353e-05,-0.1520238296,2.7818273096000006,0.0392149752,0.00494823203,0.01034034115,0.007758063710000001,2.077592211e-05,0.00015840652260000002,24.0069921,72.4,1.190850314e-05,4.56448901e-06,1.4328571600000001e-06,8.92940527e-07,7.19071691e-07,5.56136608e-07,4.44021188e-07,3.85537528e-07,8.44299088e-07,1.92535719e-07,2.87300557e-06,77.19717849999999,31.542812100000003,1.2372824539999998e-09,9.0577711,0.00155652177,0.1251056315,0.00013712671614999998,1.5433199149999994e-05,0.0017322866199999999,0.170444946,0.00013712671614999998,1.5433199149999994e-05,0.00236496865,0.48216990099999996,0.00013712671614999998,1.5433199149999994e-05,0.00226362025,0.36807041499999993,0.00013712671614999998,1.5433199149999994e-05,2.502700686454773
155,1656565800,2.95076894e-05,2.9507700999999998e-05,0.05776652225000001,3.0305181224999997,0.034746524099999995,0.00422237932,0.008650775099999999,0.006737041270000001,8.24370401e-06,7.11775844e-05,15.0384615,59.0,4.4085687299999995e-06,2.51512906e-06,1.14234821e-06,8.00950128e-07,6.15558617e-07,5.33598575e-07,4.5069196699999996e-07,3.78018033e-07,8.33710006e-07,1.9485532500000002e-07,2.88026288e-06,80.9768959,36.8921845,6.048439710000001e-10,9.134771699999998,0.00150524269,0.1111107168,4.1642369299999996e-05,5.466585e-06,0.0015604014899999999,0.11877931179999998,4.1642369299999996e-05,5.466585e-06,0.0016638775200000001,0.1706856519,4.1642369299999996e-05,5.466585e-06,0.00180874352,0.171312209,4.1642369299999996e-05,5.466585e-06,2.502767467498779
155,1656566400,3.0251787599999995e-05,3.0251793600000005e-05,0.016819633400000002,3.25957506543,0.0342720239,0.004243597149999999,0.008693518849999998,0.00673512047,9.13280096e-06,7.815095159999999e-05,14.646853199999999,44.0,4.58068962e-06,2.71042344e-06,1.18619837e-06,8.096104400000001e-07,6.32214404e-07,5.101067400000001e-07,4.2581556400000004e-07,3.7836845399999997e-07,8.202392590000001e-07,1.95599073e-07,2.8764881099999998e-06,80.87373260000001,36.350838100000004,6.279151679999999e-10,9.1307471,0.00151042498,0.11158627759999999,3.205688653e-05,4.04384345e-06,0.0015723099100000003,0.12288023209999999,3.205688653e-05,4.04384345e-06,0.00168559,0.1597823024,3.205688653e-05,4.04384345e-06,0.0018485264900000003,0.202379556,3.205688653e-05,4.04384345e-06,2.502812910079956
155,1656567000,2.8625292599999996e-05,2.86252971e-05,0.10487712839999999,5.2271542526,0.0589776979,0.0041865609499999994,0.0086059768,0.006673148559999999,7.981873530000001e-06,8.445843320000001e-05,14.2534964,48.1,3.9233420299999996e-06,2.4888767499999997e-06,1.15019006e-06,8.13438771e-07,6.26286582e-07,5.17783334e-07,4.35005142e-07,3.89227823e-07,8.49191547e-07,1.9811557e-07,2.9209346000000004e-06,81.38380199999999,37.8875577,5.74232436e-10,9.142797599999998,0.0014975562100000002,0.1109249266,3.118359245e-05,3.5416693000000003e-06,0.0015632084100000003,0.12222688799999999,3.118359245e-05,3.5416693000000003e-06,0.0016500632099999998,0.1456092802,3.118359245e-05,3.5416693000000003e-06,0.00178366212,0.16539931400000002,3.118359245e-05,3.5416693000000003e-06,2.502701735496521
155,1656567600,2.8133698899999997e-05,2.8133711299999996e-05,0.35764661756,7.230275127200002,0.0449482052,0.00418762247,0.008597791249999999,0.006715188250000001,5.99331074e-06,5.86665653e-05,13.847902199999998,35.8,3.68513325e-06,2.4472622300000003e-06,1.22976502e-06,8.55980763e-07,6.44430215e-07,5.134711069999999e-07,4.30387453e-07,3.64998656e-07,7.96463863e-07,1.9517649200000004e-07,2.9037485700000005e-06,81.5621379,38.0862476,5.606401250000001e-10,9.145763400000002,0.0015074513499999998,0.1123825669,1.1793933290000001e-05,1.8054290700000001e-06,0.0015782173699999999,0.1256808149,1.1793933290000001e-05,1.8054290700000001e-06,0.00162796084,0.13118768939999997,1.1793933290000001e-05,1.8054290700000001e-06,0.0018234604299999999,0.166150442,1.1793933290000001e-05,1.8054290700000001e-06,2.5027215003967287
155,1656568200,3.52380991e-05,3.52381081e-05,-0.4339517848399999,20.109921361859996,0.04932005490000001,0.00432675358,0.008811652000000001,0.00677268583,2.5440697880000002e-05,0.0002535201424,15.480769300000002,61.0,6.2784647900000005e-06,3.0791762300000005e-06,1.2951912499999997e-06,8.46988379e-07,6.555849300000001e-07,6.476240240000001e-07,4.75107789e-07,3.9796237e-07,8.635623160000001e-07,1.97145523e-07,2.88222947e-06,79.0694339,34.284861,7.76071291e-10,9.10202825,0.00153925355,0.1215179582,0.00011095916706999997,1.27736512e-05,0.00158842141,0.1420357941,0.00011095916706999997,1.27736512e-05,0.0017526745499999996,0.26011508200000005,0.00011095916706999997,1.27736512e-05,0.0018480504599999998,0.207351314,0.00011095916706999997,1.27736512e-05,2.5027912616729737
155,1656568800,3.08359069e-05,3.08359187e-05,0.36429966444999995,12.08812178706,0.0488674204,0.004241522459999999,0.008711656449999999,0.00676131648,1.4514952459999998e-05,0.0001507440062,14.860139949999999,48.0,4.30001435e-06,2.88191278e-06,1.31618637e-06,8.993466350000001e-07,6.93577426e-07,5.6813644e-07,4.42039769e-07,3.87244716e-07,8.46792938e-07,2.00680596e-07,2.8819225200000007e-06,80.2395959,36.580721,6.374089930000002e-10,9.1291582,0.00151278154,0.1164273715,2.992004674e-05,4.09018524e-06,0.0016125900799999998,0.150805835,2.992004674e-05,4.09018524e-06,0.0016994795800000001,0.1646478296,2.992004674e-05,4.09018524e-06,0.0018318676200000002,0.174406556,2.992004674e-05,4.09018524e-06,2.5027281522750853
155,1656569400,4.32351743e-05,4.3235189e-05,0.0024621351499999966,7.061577054019999,0.047707277199999995,0.00442572076,0.008944493500000001,0.00684968004,3.764340306000001e-05,0.0003523304293999999,16.4772727,62.4,8.59902284e-06,4.260403459999999e-06,1.60322214e-06,9.14593426e-07,6.98567826e-07,6.31030959e-07,4.944508750000001e-07,4.40638189e-07,8.89865301e-07,1.9615493299999997e-07,2.88958945e-06,78.8511381,35.455566600000004,1.0274907569999998e-09,9.095562000000001,0.0015410569100000001,0.12811177040000002,0.00017120085279999998,1.8441261430000005e-05,0.0016387254,0.18843434660000002,0.00017120085279999998,1.8441261430000005e-05,0.00178996143,0.3535292375,0.00017120085279999998,1.8441261430000005e-05,0.0019238328199999999,0.282822399,0.00017120085279999998,1.8441261430000005e-05,2.5028071880340574
155,1656570000,3.6173368299999996e-05,3.61733845e-05,2.940439801816,147.3622573477,0.1000728013,0.004334268939999999,0.00887184055,0.006818404509999999,2.2876747139999997e-05,0.00021395713200000004,16.3846154,62.8,5.18324953e-06,3.2256376600000003e-06,1.4548004500000002e-06,1.0336188029999999e-06,8.32755795e-07,6.814649910000001e-07,5.768800480000001e-07,4.88979028e-07,1.1063275369999997e-06,2.0556551000000003e-07,3.29731169e-06,79.191404,35.780901300000004,7.583465510000001e-10,9.118118399999998,0.0015236587599999998,0.148918822,2.4419336450000003e-05,3.49256299e-06,0.00160995754,0.155814452,2.4419336450000003e-05,3.49256299e-06,0.0017449332199999997,0.1783980718,2.4419336450000003e-05,3.49256299e-06,0.00191866222,0.22387369800000007,2.4419336450000003e-05,3.49256299e-06,2.5027333974838255
155,1656570600,3.7565713900000005e-05,3.7565759100000005e-05,2.21909327536,88.71125138744999,0.10068982769999998,0.0043992515199999995,0.009008497700000001,0.006889275099999999,2.6918760620000004e-05,0.0002569098271,16.599650200000003,68.2,6.05677471e-06,3.30752798e-06,1.60719301e-06,1.121978939e-06,8.726172720000001e-07,6.79661387e-07,5.4954823e-07,4.4146416800000007e-07,9.12302091e-07,2.01558628e-07,3.0321771100000006e-06,78.36848669999999,34.4847536,8.170908579999998e-10,9.10592585,0.00152798204,0.1429691565,6.217576390999999e-05,7.4828630900000005e-06,0.0016314090699999998,0.15817127350000001,6.217576390999999e-05,7.4828630900000005e-06,0.00183476939,0.23767850100000004,6.217576390999999e-05,7.4828630900000005e-06,0.00193530897,0.23227211800000003,6.217576390999999e-05,7.4828630900000005e-06,2.5027818202972414
155,1656571200,3.58528986e-05,3.58529133e-05,-0.003983202799999998,3.5761144066999995,0.038804797599999996,0.00433918717,0.00878428145,0.00677159198,1.964904876e-05,0.00016272369250000003,15.524475599999999,62.9,7.286732420000001e-06,2.8477729100000003e-06,1.1851696000000004e-06,7.955046180000001e-07,6.11231802e-07,5.15068973e-07,4.2536605200000003e-07,3.68426285e-07,8.14893799e-07,1.9658261500000001e-07,2.87967071e-06,80.0780585,35.399785349999995,8.132657720000001e-10,9.1100324,0.0015073098300000002,0.11069820799999999,7.67371429e-05,9.33249372e-06,0.00158208175,0.125803053,7.67371429e-05,9.33249372e-06,0.00179374231,0.2492913105,7.67371429e-05,9.33249372e-06,0.0018870876299999998,0.270513978,7.67371429e-05,9.33249372e-06,2.502698302268982
155,1656571800,2.9332141199999995e-05,2.93321548e-05,-0.06358735276000001,4.773018781500001,0.0414639829,0.00422151372,0.008690528999999999,0.00674921866,8.654006510000001e-06,8.63006105e-05,14.459790000000002,51.2,4.156741930000001e-06,2.6143023100000002e-06,1.23516335e-06,8.04732223e-07,6.29040655e-07,5.02688061e-07,4.35164285e-07,3.6697131900000003e-07,8.119689119999999e-07,1.9690780199999998e-07,2.9122557399999996e-06,81.2312051,37.104804699999995,5.958025170000001e-10,9.1394113,0.00151510884,0.112459193,3.864764281000001e-05,4.209385180000001e-06,0.00160499676,0.1282644959,3.864764281000001e-05,4.209385180000001e-06,0.0016376033499999997,0.1497387475,3.864764281000001e-05,4.209385180000001e-06,0.00182130449,0.17972445900000003,3.864764281000001e-05,4.209385180000001e-06,2.502772402763367
155,1656572400,2.82708298e-05,2.8270840400000003e-05,0.11506212342000002,2.0272690203999995,0.0329322948,0.00418408615,0.00861347065,0.00669896686,5.1294237499999995e-06,4.9078521499999997e-05,14.0804194,42.5,3.72712408e-06,2.4886780899999995e-06,1.23355587e-06,8.34801529e-07,6.55211487e-07,5.22553171e-07,4.285603519999999e-07,3.7188149600000005e-07,8.159522760000001e-07,1.9709563599999998e-07,2.8599790099999996e-06,81.33524759999999,37.84592919999999,5.663572710000001e-10,9.1430662,0.00151401489,0.11309053360000001,1.7054979239999997e-05,2.2573442000000002e-06,0.00158737604,0.12418459230000001,1.7054979239999997e-05,2.2573442000000002e-06,0.00162043261,0.132717192,1.7054979239999997e-05,2.2573442000000002e-06,0.0018062890799999999,0.16955407900000002,1.7054979239999997e-05,2.2573442000000002e-06,2.5028021574020385
155,1656573000,6.27861772e-05,6.27861927e-05,-0.6573257222999999,25.82140639365,0.053941786000000005,0.0045097506,0.009030494699999999,0.006923445679999999,9.844810401000001e-05,0.0009838591617000003,17.1258745,79.0,1.7524737640000002e-05,5.509481970000001e-06,1.58745702e-06,9.36322115e-07,6.659705e-07,5.12946049e-07,4.22883384e-07,3.7450471600000003e-07,8.159738529999999e-07,1.9272835199999996e-07,2.8500597499999995e-06,77.3510105,33.21591966999999,1.6797333139999996e-09,9.04770985,0.00152300742,0.12617113600000002,0.00033631893265000004,4.054544266999999e-05,0.00166793969,0.23371958359999997,0.00033631893265000004,4.054544266999999e-05,0.0019227381699999998,0.5810570781,0.00033631893265000004,4.054544266999999e-05,0.0019658115099999997,0.586358531,0.00033631893265000004,4.054544266999999e-05,2.5028078317642213
155,1656573600,2.52014954e-05,2.5201509400000004e-05,-0.00559559965,0.02403424356,0.0208954956,0.003998822050000001,0.00823705185,0.006424383190000001,2.1955056599999998e-06,1.83043824e-05,11.554195799999999,29.7,2.78503774e-06,2.17564517e-06,1.13078171e-06,7.835840609999999e-07,6.257096319999999e-07,4.88656808e-07,4.2149785599999996e-07,3.58855795e-07,8.057762680000001e-07,1.9563403100000002e-07,2.82948449e-06,82.8436735,41.1743439,4.793281770000001e-10,9.1670805,0.0014922155,0.1078570261,6.92491007e-06,1.287987567e-06,0.0015106570099999998,0.1112176704,6.92491007e-06,1.287987567e-06,0.0014531385999999999,0.103414352,6.92491007e-06,1.287987567e-06,0.0016592367799999996,0.134095588,6.92491007e-06,1.287987567e-06,2.50271852016449
155,1656574200,6.421750779999999e-05,6.42175185e-05,-0.26409343671999996,5.53311748287,0.0417669832,0.004830250999999999,0.0101646827,0.007338538920000001,4.546541076e-05,0.00031145920660000006,19.5244753,75.9,1.7191953029999998e-05,6.31344566e-06,1.76683528e-06,9.768936809999998e-07,6.38104731e-07,5.32213084e-07,4.447242939999999e-07,3.7976268899999997e-07,8.170144460000001e-07,1.91833185e-07,2.8559394099999996e-06,77.3279146,33.4341063,1.7272957850000002e-09,9.046843200000001,0.00154981988,0.12596841250000002,0.00017429247325000002,2.210699602e-05,0.0017323221,0.225268749,0.00017429247325000002,2.210699602e-05,0.0021443962200000002,0.6237883162,0.00017429247325000002,2.210699602e-05,0.00220988608,0.593439009,0.00017429247325000002,2.210699602e-05,2.502780532836914
155,1656574800,9.03716599e-05,9.03716649e-05,-0.5756403434999998,42.880386556190004,0.0766801548,0.004643536430000001,0.009199516199999999,0.00702049624,0.00027611778801,0.0029245489657000003,18.428322100000003,89.2,2.828219585e-05,8.34879034e-06,1.7839754800000002e-06,9.21858263e-07,6.662249580000001e-07,4.9699932e-07,4.2913117700000007e-07,3.66933349e-07,8.29748912e-07,1.96821673e-07,2.86309721e-06,75.5351162,30.44383593,2.579916736e-09,8.9986234,0.00151508774,0.133394496,0.00122431638512,0.00012016331973,0.0016552480899999999,0.1612068415,0.00122431638512,0.00012016331973,0.00203628769,1.2044554039,0.00122431638512,0.00012016331973,0.0020895990700000003,0.8165569189999999,0.00122431638512,0.00012016331973,2.5026904582977294
155,1656575400,3.7383068799999997e-05,3.73830816e-05,-0.14772495577740002,8.18985592667,0.041389157600000004,0.00433502994,0.0087962475,0.00675876059,2.7021613730000002e-05,0.00024966971259999995,15.496503500000003,65.9,7.75164292e-06,2.9937118e-06,1.23370133e-06,8.25738968e-07,6.577061310000001e-07,5.305048780000001e-07,4.4220599699999997e-07,3.72348849e-07,8.284130010000001e-07,1.9381949e-07,2.86172782e-06,79.57208349999999,35.329215899999994,8.58593386e-10,9.1033433,0.00153000606,0.11463260360000001,0.00010199496809000001,1.160973902e-05,0.00160451009,0.13517429499999997,0.00010199496809000001,1.160973902e-05,0.0017040788600000002,0.2485694745,0.00010199496809000001,1.160973902e-05,0.0018948613700000001,0.3007224889999999,0.00010199496809000001,1.160973902e-05,2.502834177017212
155,1656576000,2.85739116e-05,2.8573923500000002e-05,-0.01511617388999999,3.79260052677,0.0317120143,0.00413946684,0.008476937249999998,0.00657346204,1.017328505e-05,0.00010611734900000002,13.3583915,52.6,4.20500619e-06,2.4306684e-06,1.14554092e-06,7.937431570000001e-07,6.088847139999999e-07,4.8753534e-07,4.27206839e-07,3.51110112e-07,7.93125712e-07,1.94325151e-07,2.8497793400000002e-06,81.6122912,37.682051,5.81523184e-10,9.141543449999999,0.0014866613500000001,0.1070862619,3.425010039e-05,4.3743288200000006e-06,0.0015482695299999997,0.1189607713,3.425010039e-05,4.3743288200000006e-06,0.00157595432,0.14955843400000002,3.425010039e-05,4.3743288200000006e-06,0.00177527638,0.17633536260000002,3.425010039e-05,4.3743288200000006e-06,2.502707052230835
155,1656576600,4.08541683e-05,4.0854183199999996e-05,0.04777790038,6.018402796500001,0.0441084552,0.00455828322,0.0092733325,0.00705272324,2.724237903e-05,0.0002526590492,18.6660841,97.0,8.603367770000001e-06,3.7982228199999997e-06,1.35742469e-06,8.542562e-07,6.207504379999999e-07,5.06670493e-07,4.43842488e-07,3.64742894e-07,8.10636039e-07,1.94369762e-07,2.87271236e-06,78.321752,32.1296717,9.615395300000002e-10,9.076581899999999,0.0015201941,0.1138039724,0.00013819241100000002,1.6017229302999998e-05,0.0016417524399999998,0.142344746,0.00013819241100000002,1.6017229302999998e-05,0.0019460770100000004,0.33252830299999997,0.00013819241100000002,1.6017229302999998e-05,0.00203600096,0.309032105,0.00013819241100000002,1.6017229302999998e-05,2.5026472568511964
155,1656577200,3.31494974e-05,3.31495159e-05,0.14020976849999997,5.0275287032,0.04092845590000001,0.00434745727,0.0088581326,0.00681251387,1.3486212930000002e-05,0.0001224099169,16.540209600000004,87.3,5.10042216e-06,2.6516143699999996e-06,1.21260133e-06,8.444939880000001e-07,8.394028600000001e-07,9.113655390000001e-07,5.90351749e-07,4.36182666e-07,9.05485677e-07,1.95452795e-07,2.88724494e-06,79.42615789999999,35.6529708,7.02641271e-10,9.11461795,0.00159247753,0.144622903,4.549882844e-05,5.46437493e-06,0.0015853388700000001,0.12525545440000002,4.549882844e-05,5.46437493e-06,0.00167593531,0.1879558676,4.549882844e-05,5.46437493e-06,0.0018472000700000002,0.1950828654,4.549882844e-05,5.46437493e-06,2.5026516675949098
155,1656577800,3.9601242e-05,3.9601248e-05,-0.26196007097,5.347778433529999,0.03457617389999999,0.00454717776,0.0094309479,0.00713686478,1.921410208e-05,0.0001750382347,18.779719800000002,61.5,8.56736488e-06,3.3401497699999995e-06,1.26427269e-06,8.04292055e-07,6.663507479999999e-07,4.94933899e-07,4.3370136400000005e-07,3.6955098999999996e-07,8.041545090000001e-07,1.9542862100000002e-07,2.86033045e-06,79.12874980000001,34.030297600000004,9.29520005e-10,9.08926335,0.00150994955,0.11163059039999998,6.963068188e-05,1.011592539e-05,0.00164488208,0.1434373766,6.963068188e-05,1.011592539e-05,0.0019551771,0.333915989,6.963068188e-05,1.011592539e-05,0.0020210164700000003,0.27597479799999997,6.963068188e-05,1.011592539e-05,2.503106379508972
155,1656578400,3.1520153200000005e-05,3.152019719999999e-05,0.30719070179999997,12.078336686479998,0.0444539342,0.00422087045,0.00865200205,0.00668715064,1.3057883680000001e-05,0.0001158099244,14.3811189,64.7,4.88863373e-06,3.0266661100000003e-06,1.25155625e-06,7.956734130000001e-07,6.28201725e-07,4.977609590000001e-07,4.25984281e-07,3.68894205e-07,8.137762009999999e-07,1.95462314e-07,2.8674680800000003e-06,80.3023874,35.744370599999996,6.65913907e-10,9.12272855,0.0015118801299999999,0.111464763,8.00475143e-05,8.11549584e-06,0.00161153632,0.13019699850000002,8.00475143e-05,8.11549584e-06,0.0016300801400000002,0.17997897590000003,8.00475143e-05,8.11549584e-06,0.0018043610199999997,0.20969849899999998,8.00475143e-05,8.11549584e-06,2.502274203300476
155,1656579000,3.40191257e-05,3.40191436e-05,0.09353985655000001,1.4467256374,0.0362718738,0.0044958735599999996,0.0093400441,0.007158033039999999,6.930237360000001e-06,4.724854439999999e-05,19.5192308,63.6,6.0243767299999995e-06,3.01913468e-06,1.26401458e-06,8.28799059e-07,6.34558286e-07,5.109179220000001e-07,4.23537277e-07,3.81038459e-07,8.22325837e-07,1.9991781799999998e-07,2.90089231e-06,79.84239389999999,35.016426800000005,7.445492309999999e-10,9.112607800000001,0.0015090129600000002,0.1121248351,2.4314220739999997e-05,3.95419402e-06,0.00165621104,0.1381802198,2.4314220739999997e-05,3.95419402e-06,0.0018898206699999999,0.22011672599999996,2.4314220739999997e-05,3.95419402e-06,0.0020186651099999998,0.22862407,2.4314220739999997e-05,3.95419402e-06,2.502752685546875
155,1656579600,3.2712479000000005e-05,3.27126363e-05,-0.026230130190000006,1.4390906964999999,0.0284710159,0.00437633715,0.0089419896,0.0069174555900000005,7.91191763e-06,6.15035788e-05,16.543706500000003,54.9,5.7236075800000005e-06,2.83939804e-06,1.15445293e-06,7.997566910000001e-07,6.41162847e-07,5.16175071e-07,4.379544429999999e-07,3.66119188e-07,8.168703680000002e-07,1.9792744500000002e-07,2.8629250900000003e-06,80.19176259999999,35.299338399999996,7.059967559999999e-10,9.118808900000001,0.00151457222,0.11159506159999999,2.9374489400000004e-05,4.02798797e-06,0.00156706611,0.12411933190000002,2.9374489400000004e-05,4.02798797e-06,0.0018083637399999998,0.19687934949999997,2.9374489400000004e-05,4.02798797e-06,0.00195354774,0.226504824,2.9374489400000004e-05,4.02798797e-06,2.5027360916137695
155,1656580200,3.72076835e-05,3.7207703299999996e-05,0.24859407989,10.370164291,0.05031176639999999,0.004449836509999999,0.009045530699999998,0.00697815185,2.126773563e-05,0.00019223854590000002,17.284965,64.8,7.547836389999999e-06,2.9388328e-06,1.3014428699999998e-06,8.95296375e-07,6.460424760000001e-07,5.43136302e-07,4.4867912200000006e-07,3.73057178e-07,8.3592527e-07,1.98504598e-07,2.8750602000000003e-06,78.99685679999999,33.0532118,8.452488369999999e-10,9.0953904,0.0015294832,0.1233667713,0.0001227956522,1.3198870640000004e-05,0.00161940076,0.1359800745,0.0001227956522,1.3198870640000004e-05,0.0019487627600000001,0.298679647,0.0001227956522,1.3198870640000004e-05,0.00196126244,0.234937929,0.0001227956522,1.3198870640000004e-05,2.50269730091095
155,1656580800,3.3757731600000005e-05,3.37577565e-05,2.0606086006099997,70.26664738705,0.0706621898,0.0042831567299999995,0.008792595949999999,0.00682648877,1.53660299e-05,0.00014184779889999999,15.690559400000001,44.5,4.425390730000001e-06,3.2722928300000005e-06,1.73758006e-06,1.1868556309999997e-06,8.247195860000001e-07,6.075974049999999e-07,4.6146728500000007e-07,3.81768269e-07,8.561759089999999e-07,1.96827723e-07,2.9281460399999997e-06,79.3370831,35.738033300000005,7.13758516e-10,9.116902299999998,0.0015212711999999999,0.16301350539999998,2.8162040130000003e-05,3.4441375000000003e-06,0.0015873221099999997,0.1742850111,2.8162040130000003e-05,3.4441375000000003e-06,0.00176938277,0.16676517149999998,2.8162040130000003e-05,3.4441375000000003e-06,0.00185759175,0.180101638,2.8162040130000003e-05,3.4441375000000003e-06,2.502621126174927
155,1656581400,0.00012036840140000001,0.00012037035680000001,0.1791239398499998,32.883910736000004,0.10420022960000001,0.004904032680000001,0.009175952099999999,0.00695112799,0.00023740884603999998,0.0022027089058,17.821749850000003,88.3,4.4341165880000004e-05,7.32211849e-06,1.6104578499999999e-06,8.860559370000001e-07,6.48288304e-07,5.43222796e-07,4.36123111e-07,3.6995662299999994e-07,8.487220869999999e-07,2.0086759599999999e-07,2.97905658e-06,73.9765316,29.054099859999997,3.577131549e-09,8.95138915,0.00153009366,0.11909653490000001,0.00087338903795,0.00011805692494000001,0.0016678674800000002,0.2518381511,0.00087338903795,0.00011805692494000001,0.002351283,1.9588270985999998,0.00087338903795,0.00011805692494000001,0.00215072864,0.835983525,0.00087338903795,0.00011805692494000001,2.5027978658676147
155,1656582000,0.0002231488842,0.00022314890020000002,-0.26655571891,31.389201045599993,0.1295800863,0.00486456494,0.00892519135,0.00686058596,0.0006419126146700001,0.006369990817399999,16.449300599999997,80.3,8.949276456999999e-05,1.2325005979999998e-05,2.4155423599999995e-06,1.2997916019999998e-06,7.49838239e-07,5.928170150000001e-07,4.55491439e-07,3.71844399e-07,8.11058481e-07,1.9197399200000005e-07,2.86819459e-06,74.0311594,32.3739498,7.055847237e-09,8.9342618,0.00153533735,0.153754301,0.00569871188801,0.0005571350410800001,0.0016982056000000001,0.39213645649999995,0.00569871188801,0.0005571350410800001,0.00233979174,4.9723544996,0.00569871188801,0.0005571350410800001,0.00199485577,0.594344775,0.00569871188801,0.0005571350410800001,2.50277419090271
155,1656582600,3.2690573900000006e-05,3.2690582500000004e-05,-0.011166915000000003,2.2059499366,0.032391733,0.00440888412,0.009102399649999999,0.00700106018,9.9940021e-06,9.26433553e-05,17.6695802,62.5,5.64672566e-06,2.6343902999999997e-06,1.21018967e-06,8.041611629999999e-07,6.66880863e-07,5.76688544e-07,4.654864250000001e-07,4.1112620400000005e-07,8.43542585e-07,1.93075884e-07,2.89295638e-06,79.90163550000001,34.604730700000005,6.99338639e-10,9.116983900000001,0.0015213762699999999,0.11852771699999998,6.594485860000001e-05,7.1707614599999996e-06,0.00159730527,0.1254705381,6.594485860000001e-05,7.1707614599999996e-06,0.00188543769,0.224120894,6.594485860000001e-05,7.1707614599999996e-06,0.0019048655500000001,0.191602822,6.594485860000001e-05,7.1707614599999996e-06,2.502822470664978
155,1656583200,3.23928609e-05,3.2392880000000005e-05,0.12498330311000001,7.158996785499999,0.036912173099999994,0.00429306339,0.00874423245,0.00678651911,1.2799100810000002e-05,0.0001123300939,15.435314499999999,71.2,5.09704447e-06,2.7781950399999997e-06,1.22420012e-06,8.300327890000001e-07,7.137925499999999e-07,7.155879129999999e-07,5.414442389999999e-07,4.03452796e-07,8.36494948e-07,1.95346141e-07,2.86065024e-06,79.955071,35.856146,6.8897485e-10,9.1200195,0.00155009003,0.1307977915,3.4763858769999996e-05,4.8167729500000005e-06,0.0015756587700000001,0.124375461,3.4763858769999996e-05,4.8167729500000005e-06,0.00166555554,0.1823725154,3.4763858769999996e-05,4.8167729500000005e-06,0.0018437782100000002,0.211240642,3.4763858769999996e-05,4.8167729500000005e-06,2.5027968168258665
155,1656583800,3.4234785000000005e-05,3.42347976e-05,-0.23709482190000006,5.8765219629,0.030839531000000003,0.004323678290000001,0.00883737905,0.006785754870000001,2.1176437269999996e-05,0.0002093463527,15.8811189,71.8,6.51828938e-06,2.84885553e-06,1.1664995499999998e-06,8.05362569e-07,6.240794599999999e-07,4.97236499e-07,4.3493636400000005e-07,3.62571377e-07,8.065518270000001e-07,1.9560599299999999e-07,2.85731948e-06,80.0549721,35.110550999999994,7.581152709999999e-10,9.111433900000002,0.0015009233100000002,0.1095738286,8.444573175e-05,9.975449590000002e-06,0.0015886240200000002,0.12702363509999998,8.444573175e-05,9.975449590000002e-06,0.0017794743700000001,0.249523803,8.444573175e-05,9.975449590000002e-06,0.00186470161,0.22556883,8.444573175e-05,9.975449590000002e-06,2.5027936935424804
155,1656584400,2.7837762400000002e-05,2.78377682e-05,0.12569003792,6.926796185900001,0.0390300825,0.00408342458,0.00835305395,0.0065137271900000005,1.051955338e-05,0.0001083668084,12.463286700000001,43.6,3.6232209999999994e-06,2.49966251e-06,1.16806302e-06,8.17907444e-07,6.424725630000001e-07,5.053485099999998e-07,4.235889420000001e-07,3.64475928e-07,8.0905219e-07,1.9615957799999998e-07,2.8688684300000002e-06,81.81588149999999,38.871748600000004,5.55448965e-10,9.14885695,0.00150136532,0.1114506861,4.6210461200000004e-05,5.25211956e-06,0.0015455133200000001,0.117652392,4.6210461200000004e-05,5.25211956e-06,0.00149487635,0.1446490446,4.6210461200000004e-05,5.25211956e-06,0.00172193743,0.155064442,4.6210461200000004e-05,5.25211956e-06,2.5026995182037353
155,1656585000,3.3652275e-05,3.36523042e-05,-0.09863857039999999,2.9691936535,0.0346501181,0.00433682196,0.0089033265,0.00679518506,1.298668393e-05,0.0001052120786,16.449300700000002,81.3,6.031350059999999e-06,3.02944089e-06,1.20833788e-06,7.931217579999999e-07,6.17189988e-07,4.991151809999999e-07,4.2400310100000006e-07,3.65226485e-07,8.04623171e-07,1.92887448e-07,2.86077614e-06,79.9671895,34.6588369,7.379221110000001e-10,9.11059575,0.0014973306500000003,0.10904629240000001,7.019985023e-05,8.69107137e-06,0.00160739398,0.13128394250000003,7.019985023e-05,8.69107137e-06,0.0017612853000000006,0.24016443400000004,7.019985023e-05,8.69107137e-06,0.0018491387099999995,0.21339455300000001,7.019985023e-05,8.69107137e-06,2.5029474258422852
155,1656585600,6.353112388888889e-05,6.353113755555557e-05,-0.2929440925777778,12.325882889111114,0.054697194,0.004798898677777778,0.010166190111111112,0.0072025158,5.349869332222222e-05,0.0004435923458888889,19.518260111111108,80.77777777777777,1.9027420255555554e-05,4.6366161333333335e-06,1.4414639222222221e-06,8.375041099999999e-07,6.350622555555556e-07,5.162042644444444e-07,4.410907811111111e-07,3.722804911111111e-07,7.982978433333335e-07,1.901789211111111e-07,2.869288344444444e-06,77.17163155555556,32.13240666666667,1.7183054466666669e-09,9.036849055555555,0.0015314360555555556,0.11690047522222222,0.00023398943981111113,3.2943930988888886e-05,0.001689167711111111,0.18239381488888892,0.00023398943981111113,3.2943930988888886e-05,0.0021572192666666663,0.7837286644444444,0.00023398943981111113,3.2943930988888886e-05,0.0020781788222222226,0.4653398877777779,0.00023398943981111113,3.2943930988888886e-05,2.5025551319122314
155,1656586200,2.59124812e-05,2.5912490800000002e-05,0.41450694530000015,8.488560662769999,0.043694276299999994,0.00397867536,0.008180162449999997,0.006332967890000001,4.7414896600000004e-06,4.25723687e-05,11.1695806,35.3,2.70833631e-06,2.27127986e-06,1.20701096e-06,8.129358970000001e-07,6.256974459999999e-07,5.109584619999999e-07,4.4540793400000004e-07,3.89403178e-07,8.311168619999999e-07,1.9704525799999998e-07,2.95701608e-06,82.92778559999999,41.713408300000005,4.90479304e-10,9.168205649999999,0.0014964922499999997,0.11334099140000001,1.183267392e-05,1.8181210530000003e-06,0.00152128703,0.1159689851,1.183267392e-05,1.8181210530000003e-06,0.0013610940500000002,0.0975215319,1.183267392e-05,1.8181210530000003e-06,0.00164344561,0.13857163600000003,1.183267392e-05,1.8181210530000003e-06,2.502690863609314
155,1656586800,3.53060233e-05,3.5306030500000004e-05,0.08024280052300001,15.354886541900004,0.04531759519999999,0.0040903385199999994,0.008276450950000002,0.006411888160000001,3.047995195e-05,0.00028527728819999996,11.889860199999998,62.1,7.41132982e-06,2.48557655e-06,1.1620274199999998e-06,8.134923160000001e-07,6.083662139999999e-07,4.964882520000001e-07,4.19747868e-07,3.7358160300000003e-07,8.15283783e-07,1.9617105699999999e-07,2.8708589399999996e-06,80.92202460000001,37.80403305,8.013715750000001e-10,9.12008505,0.0015029880600000002,0.10994786599999999,0.00037249184079,3.5684346849999994e-05,0.00152782038,0.1163757504,0.00037249184079,3.5684346849999994e-05,0.0014789139200000001,0.34804125199999997,0.00037249184079,3.5684346849999994e-05,0.00166584436,0.168366974,0.00037249184079,3.5684346849999994e-05,2.5027525186538697
155,1656587400,8.807464290000001e-05,8.807470340000001e-05,-0.10110571905999999,8.076577102895001,0.0512265368,0.004648470710000001,0.0094379407,0.00677401968,0.00011431383349,0.0009079825621000001,15.875874049999998,62.8,3.0154915119999997e-05,5.529145100000001e-06,1.6254677299999998e-06,8.87928601e-07,6.42525562e-07,5.202677789999999e-07,4.4086938899999996e-07,3.7269395900000005e-07,7.87022823e-07,1.99344799e-07,2.8771105899999996e-06,78.65228040000001,36.46674983999999,2.556899807e-09,9.052389300000002,0.0015299047899999998,0.11957595439999999,0.00076450770994,7.777627415299999e-05,0.0016649889600000001,0.1976594763,0.00076450770994,7.777627415299999e-05,0.00191304283,1.1286474684,0.00076450770994,7.777627415299999e-05,0.0020361550400000003,0.78001886,0.00076450770994,7.777627415299999e-05,2.5044249534606933
155,1656588000,5.5610088499999997e-05,5.5610123799999994e-05,-0.05850414355,1.4241288234,0.036772628099999996,0.00470994489,0.010183033749999999,0.00734140722,2.5901983599999993e-05,0.0001622876158,18.8863639,65.9,1.4619610329999998e-05,4.94238316e-06,1.50143038e-06,9.008714459999999e-07,6.367422290000001e-07,5.2179034e-07,4.3786322600000003e-07,3.7510127800000005e-07,8.030559420000001e-07,1.9605927700000002e-07,2.8700745e-06,79.39597669999999,36.856013,1.4636923690000002e-09,9.08426035,0.00154385862,0.12061079460000002,7.677530311000001e-05,1.3371436259999996e-05,0.00165161079,0.17359127559999998,7.677530311000001e-05,1.3371436259999996e-05,0.0020293258999999997,0.5673140409999999,7.677530311000001e-05,1.3371436259999996e-05,0.0020998104199999998,0.458694081,7.677530311000001e-05,1.3371436259999996e-05,2.5011105060577394
155,1656588600,8.0629693e-05,8.06297012e-05,-0.07616498819999995,59.815568089600006,0.09978543599999999,0.00439730776,0.008618009049999998,0.0065983351800000005,0.00024498086774000003,0.0025870686957,14.414335500000002,85.1,2.111120239e-05,9.59179463e-06,2.56398289e-06,1.140491524e-06,7.253658810000001e-07,5.411685260000001e-07,4.12418106e-07,3.6212933999999996e-07,8.14699026e-07,1.9800901299999998e-07,2.85356902e-06,75.1149004,31.587899100000005,2.225531289e-09,8.9978238,0.0015142128599999998,0.1208998491,0.0008729050202900001,0.00010056202085300002,0.0016078795699999999,0.21256979549999996,0.0008729050202900001,0.00010056202085300002,0.0017657058900000001,1.0575908872,0.0008729050202900001,0.00010056202085300002,0.0018627024400000001,0.6483813385999999,0.0008729050202900001,0.00010056202085300002,2.502798318862915
155,1656589200,4.9731445000000006e-05,4.9731469300000007e-05,-0.12899060264000003,47.643490045019,0.07531069459999999,0.00433605156,0.0086151212,0.00662026126,6.357138094000001e-05,0.0006108394423999999,14.9248254,72.0,1.082744525e-05,5.157713349999999e-06,1.70933863e-06,1.0104161360000002e-06,7.156884869999999e-07,5.72266438e-07,4.6392103400000003e-07,4.12498688e-07,8.433595929999999e-07,1.9874583499999998e-07,2.9542809800000003e-06,76.62061400000002,32.4065998,1.2220095469999998e-09,9.0507343,0.0015449351000000001,0.1201896016,0.00019563408861,2.15049569e-05,0.0016361494099999998,0.2592486488,0.00019563408861,2.15049569e-05,0.0016468539800000002,0.329840516,0.00019563408861,2.15049569e-05,0.00184849362,0.43274649200000004,0.00019563408861,2.15049569e-05,2.5026999950408935
155,1656589800,2.70729545e-05,2.7072966e-05,-0.14595623942,4.23206335192,0.0326828494,0.004035660389999999,0.0082967779,0.006413095229999999,7.6229660899999984e-06,7.24167009e-05,11.9562936,58.3,2.78616417e-06,2.2420551400000004e-06,1.16344343e-06,1.004513932e-06,8.54102003e-07,7.070979870000001e-07,5.23917911e-07,3.9956957400000007e-07,8.103970549999999e-07,1.9217128399999998e-07,2.85297479e-06,81.9121159,40.5278525,5.27017395e-10,9.1536127,0.0015880092800000002,0.14000436759999998,2.652337118e-05,3.0476504970000004e-06,0.00153616386,0.1187589555,2.652337118e-05,3.0476504970000004e-06,0.00131479157,0.1029319711,2.652337118e-05,3.0476504970000004e-06,0.00162729223,0.1363497045,2.652337118e-05,3.0476504970000004e-06,2.5027065753936766
155,1656590400,3.3559825000000005e-05,3.35598346e-05,-0.3390206391,31.2953797607,0.0453637383,0.004016209469999999,0.00814071815,0.00630219742,3.957969492e-05,0.0004210402726000001,11.181818049999999,56.9,5.99663839e-06,2.90962035e-06,1.26417747e-06,7.98211428e-07,6.268370669999999e-07,5.008760780000001e-07,4.3063715500000005e-07,3.8451633899999996e-07,8.201481859999999e-07,1.9150692200000003e-07,2.8566406099999996e-06,80.5543244,37.923449,7.362467809999999e-10,9.121683299999999,0.0014924760399999998,0.10909357459999999,0.00012934327352000002,1.2988046e-05,0.00152826897,0.1354207394,0.00012934327352000002,1.2988046e-05,0.00136041732,0.1877016401,0.00012934327352000002,1.2988046e-05,0.00166879723,0.25899329699999996,0.00012934327352000002,1.2988046e-05,2.5027231931686402
155,1656591000,2.4926429900000003e-05,2.492644e-05,-0.035862575900000006,1.3488274681999999,0.025408191099999998,0.00393342468,0.008086784500000001,0.0062981604400000005,4.7914833e-06,4.53276955e-05,10.4143357,39.4,2.55831176e-06,2.1752081900000002e-06,1.11639419e-06,7.982734120000002e-07,6.2754516e-07,5.008407629999999e-07,4.33965265e-07,3.74618128e-07,8.013516259999999e-07,1.95351459e-07,2.88129043e-06,83.1426461,42.385863500000006,4.692522389999999e-10,9.1707864,0.00150502774,0.110200122,1.8154796729999997e-05,2.534649598e-06,0.00151361995,0.11404419260000001,1.8154796729999997e-05,2.534649598e-06,0.0012968209599999998,0.09827459699999999,1.8154796729999997e-05,2.534649598e-06,0.0015842766799999998,0.12389531610000001,1.8154796729999997e-05,2.534649598e-06,2.502733063697815
155,1656591600,2.72503637e-05,2.7250374699999996e-05,-0.44343845500000006,10.762157499919999,0.030616461400000006,0.003961114470000001,0.0080994724,0.0062857339600000004,1.268253893e-05,0.0001278675698,10.8216784,45.6,3.60153138e-06,2.4083122900000006e-06,1.115592164e-06,7.5709272e-07,6.221852650000001e-07,4.938283119999999e-07,4.1009761500000003e-07,3.63355655e-07,7.92461895e-07,1.9260666e-07,2.86782189e-06,82.28006099999999,39.98118100000001,5.417255830000001e-10,9.15450545,0.0014756445699999998,0.10621573399999999,4.7670519719999997e-05,5.666485942999999e-06,0.0015073838800000001,0.11326967140000002,4.7670519719999997e-05,5.666485942999999e-06,0.0013554593,0.13109244859999997,4.7670519719999997e-05,5.666485942999999e-06,0.0016095614299999998,0.163543831,4.7670519719999997e-05,5.666485942999999e-06,2.5027512311935425
155,1656592200,2.6629241900000002e-05,2.6629252299999996e-05,-0.11740156857999999,2.6689091107000005,0.029626075699999997,0.0040131707,0.0082240542,0.006392653820000001,8.12292527e-06,8.49942991e-05,11.655594400000002,51.2,3.4010527399999996e-06,2.1655808000000003e-06,1.14885004e-06,8.31236387e-07,6.026466869999999e-07,5.109903919999999e-07,4.234274029999999e-07,3.5544008499999995e-07,8.16070153e-07,1.9741710800000002e-07,2.8617660499999997e-06,82.5019403,40.336784,5.2117435e-10,9.1585036,0.00150530638,0.1101597965,4.480571262e-05,5.217624145e-06,0.00152514424,0.1141588021,4.480571262e-05,5.217624145e-06,0.00142328365,0.139314047,4.480571262e-05,5.217624145e-06,0.0016226604499999999,0.1326847463,4.480571262e-05,5.217624145e-06,2.5029345035552977
155,1656592800,2.52255318e-05,2.52255395e-05,0.025054176599999995,0.7307089546000001,0.025533447000000004,0.0039733569200000015,0.008177791649999998,0.006359961360000001,3.79107152e-06,3.64949832e-05,11.19055945,36.3,2.77378766e-06,2.19558712e-06,1.1319815299999998e-06,7.747903799999998e-07,6.21004188e-07,4.77162906e-07,4.12232241e-07,3.7558595699999994e-07,8.097280909999999e-07,1.96045314e-07,2.84472526e-06,83.0736844,41.398999,4.80525714e-10,9.16695225,0.0014746218200000002,0.10500226260000001,1.666535407e-05,2.1199496810000004e-06,0.0015382822700000002,0.115125181,1.666535407e-05,2.1199496810000004e-06,0.00137433356,0.10058410599999998,1.666535407e-05,2.1199496810000004e-06,0.0016178013000000002,0.1346865306,1.666535407e-05,2.1199496810000004e-06,2.5025725603103637
155,1656593400,3.40033057e-05,3.4003314400000005e-05,0.2683349037200001,12.854007462514,0.0543981026,0.00429647942,0.008669600699999998,0.006684466070000001,2.273520131e-05,0.000219748162,15.2395104,86.1,6.265680749999999e-06,2.82654875e-06,1.2424679e-06,8.331090019999997e-07,6.18675808e-07,5.14508873e-07,4.3921555599999996e-07,3.7113598199999996e-07,8.1711111e-07,1.9129349600000002e-07,2.88163506e-06,79.6915721,33.7811601,7.45495676e-10,9.1059001,0.00149797239,0.1110091935,7.679814340000001e-05,9.35958689e-06,0.0015592875400000001,0.1244459035,7.679814340000001e-05,9.35958689e-06,0.00171317548,0.224410204,7.679814340000001e-05,9.35958689e-06,0.00187665409,0.24105658500000002,7.679814340000001e-05,9.35958689e-06,2.5028074026107787
155,1656594000,2.66327535e-05,2.66327601e-05,-0.014875166650000002,0.5378131259799999,0.0228240505,0.0040529276599999995,0.008333245,0.00645976211,4.181147530000001e-06,3.52649291e-05,12.5087413,40.2,3.21756334e-06,2.36239194e-06,1.14706609e-06,8.24644566e-07,6.01248262e-07,5.032768609999999e-07,4.30809732e-07,3.5709672499999997e-07,8.139471599999999e-07,1.91575714e-07,2.8665126499999995e-06,82.50809100000001,40.616704299999995,5.21839482e-10,9.156407399999999,0.0015044046000000002,0.10978268440000001,1.4773376160000001e-05,2.1485725599999996e-06,0.00156059674,0.11901313929999999,1.4773376160000001e-05,2.1485725599999996e-06,0.00143769261,0.1122063762,1.4773376160000001e-05,2.1485725599999996e-06,0.00169356245,0.1545887189,1.4773376160000001e-05,2.1485725599999996e-06,2.5026984214782715
155,1656594600,2.69960211e-05,2.69960334e-05,0.38916168151700004,9.447949448329998,0.036399016500000006,0.004040794710000001,0.008288567100000001,0.00645581635,6.0644564499999995e-06,5.78599928e-05,12.11888095,39.4,3.20197147e-06,2.4650073000000003e-06,1.17577873e-06,8.414249859999999e-07,6.12608088e-07,5.105754399999999e-07,4.37659969e-07,3.7742552199999997e-07,8.077768020000001e-07,1.9585491700000002e-07,2.8717620599999998e-06,82.1724336,39.8055188,5.284682869999999e-10,9.155027100000002,0.00149293791,0.1129325149,1.8896245100000002e-05,2.33593494e-06,0.00152371265,0.11665096370000001,1.8896245100000002e-05,2.33593494e-06,0.00146172263,0.113128033,1.8896245100000002e-05,2.33593494e-06,0.0017006721400000002,0.16121197599999998,1.8896245100000002e-05,2.33593494e-06,2.5028794765472413
155,1656595200,3.455248400000001e-05,3.4552526e-05,0.033282726080000005,3.0556645777699996,0.0327150947,0.00429544441,0.0087604584,0.0067469823800000005,1.533472046e-05,0.00012025378409999999,15.4318185,56.7,5.741259849999999e-06,3.5902145199999997e-06,1.28569257e-06,8.53774786e-07,6.28865848e-07,5.04585284e-07,4.22421126e-07,3.6737320500000007e-07,8.06976738e-07,1.97202063e-07,2.87772908e-06,80.38442940000002,37.1374592,7.649884669999999e-10,9.118884,0.00151801341,0.11235074490000001,4.754215004e-05,6.328532819999999e-06,0.00160434555,0.15067780490000002,4.754215004e-05,6.328532819999999e-06,0.00167680967,0.2111095455,4.754215004e-05,6.328532819999999e-06,0.0018504098,0.2446861938,4.754215004e-05,6.328532819999999e-06,2.502730703353882
155,1656595800,4.0173287600000005e-05,4.0173293800000004e-05,-0.5615367749600001,25.477524746200004,0.04303719500000001,0.00419826432,0.008434728499999999,0.00657861591,6.299059625000001e-05,0.0006597190362,13.347902,61.4,8.62924607e-06,3.50026215e-06,1.32965213e-06,8.13537435e-07,6.28841185e-07,5.116463299999999e-07,4.23230348e-07,3.6812220400000004e-07,8.155454000000001e-07,1.9202353700000001e-07,2.87437418e-06,79.6034401,36.0354758,9.465192869999999e-10,9.0981319,0.0015077212399999998,0.1142497756,0.00035028114366,3.3860387390000006e-05,0.00156244888,0.12429428549999999,0.00035028114366,3.3860387390000006e-05,0.00159673026,0.3468629818000001,0.00035028114366,3.3860387390000006e-05,0.00180014476,0.29669078899999995,0.00035028114366,3.3860387390000006e-05,2.502678084373474
155,1656596400,0.0015693178658,0.0015693229526999998,0.6837633033999999,58.157391079700005,0.46198006189999996,0.01088339655,0.0222816563,0.01400034644,0.005107764504980001,0.05411053462955,60.166086199999995,139.9,0.0006300717353399999,0.00012602819084,1.587841995e-05,4.433333285999999e-06,1.964021792e-06,1.117162478e-06,6.918938600000001e-07,5.04454371e-07,9.210184719999999e-07,1.93714723e-07,2.8599112500000003e-06,59.4930648,22.91216339,5.1889060321000005e-08,8.54958304,0.00197364344,0.5071264095,0.023097703100349996,0.0026767670953399994,0.0031936635300000003,2.9274864945,0.023097703100349996,0.0026767670953399994,0.007155521039999999,32.191919825499994,0.023097703100349996,0.0026767670953399994,0.0057319050500000005,8.773262302000001,0.023097703100349996,0.0026767670953399994,2.4894755840301515
155,1656597000,0.00032329624099999995,0.00032329627599999997,0.32401102899999995,46.8042543,0.21223833620000004,0.00877807467,0.01785578035,0.012107096700000002,0.00043084787529999995,0.0037841182800000006,61.7902105,188.2,0.00010827920830000001,3.6464249170000003e-05,7.11827329e-06,2.6883578600000004e-06,1.3894644359999997e-06,8.34225027e-07,5.6859852e-07,4.200504419999999e-07,8.638159479999999e-07,1.90771031e-07,2.8310169400000005e-06,56.3288049,10.51207872,1.010264878e-08,8.552223849999999,0.0017652762699999999,0.19996751799999998,0.0028392405420000003,0.00029639531650000006,0.0026060173,0.825689506,0.0028392405420000003,0.00029639531650000006,0.005744545250000001,4.764273117,0.0028392405420000003,0.00029639531650000006,0.0047204388,3.165979182,0.0028392405420000003,0.00029639531650000006,2.5015556812286377
155,1656597600,0.000431666781,0.00043166695000000004,-0.17667975679999995,65.23624253,0.21362883089999998,0.00912091203,0.0178250815,0.012638692100000001,0.0008055785206000001,0.007532318475000001,66.6923071,196.7,0.00017182761669999998,2.9642031800000003e-05,5.423626420000001e-06,2.1038422250000003e-06,1.1622080069999998e-06,7.227859320000001e-07,5.589216019999999e-07,4.4364518899999994e-07,8.648431919999999e-07,1.9327912699999998e-07,2.89057529e-06,54.835898199999995,10.188563740000001,1.3839509700000003e-08,8.49597198,0.00178186354,0.24727883280000001,0.004408779326000001,0.00048418622930000005,0.00266122489,0.706825231,0.004408779326000001,0.00048418622930000005,0.00601962469,7.179579657,0.004408779326000001,0.00048418622930000005,0.00487186256,3.9113551600000003,0.004408779326000001,0.00048418622930000005,2.501768779754639
155,1656598200,0.00012583374640000002,0.0001258337801,-0.23439267985000006,83.59587703999999,0.15325094449999996,0.0055959067,0.010572906900000002,0.007740521060000001,0.0002897397,0.0029563944689999996,27.5611886,157.4,3.92033958e-05,1.3959610560000002e-05,2.5275919e-06,1.211662185e-06,7.73481772e-07,5.637838399999999e-07,4.4892961300000006e-07,3.93744937e-07,8.269483319999999e-07,1.9054070699999998e-07,2.81720736e-06,65.02054840000001,15.692472270000001,3.668248483e-09,8.7865573,0.00156794342,0.157542068,0.0009715993726000001,0.0001109405562,0.0018597545,0.36253480800000004,0.0009715993726000001,0.0001109405562,0.00301284736,1.6851385010000002,0.0009715993726000001,0.0001109405562,0.0026308974800000003,1.107543395,0.0009715993726000001,0.0001109405562,2.5025777339935305
155,1656598800,0.00014914069759999998,0.0001491407165,0.54833043,80.11581624000002,0.1790778003,0.00540093488,0.00993861945,0.007498810470000001,0.0003397932445,0.0035104161230000005,24.2937062,140.2,5.042669207e-05,1.3698888189999999e-05,2.8258793799999997e-06,1.44381479e-06,8.761484919999999e-07,6.24338719e-07,4.76875385e-07,3.83860783e-07,8.126184750000001e-07,1.9252175000000003e-07,2.80847597e-06,65.5467398,17.41454554,4.462060774e-09,8.799916699999999,0.0015892683000000001,0.164634588,0.001897170179,0.00018495221526,0.0018469667099999996,0.414724215,0.001897170179,0.00018495221526,0.0027677691000000003,1.9738910179999998,0.001897170179,0.00018495221526,0.00266187254,1.439266719,0.001897170179,0.00018495221526,2.5023964166641237
155,1656599400,0.000349889799,0.0003498898223,0.806251692,128.16773278,0.308043368,0.006477236209999999,0.0113874108,0.0081743002,0.0009850623994500003,0.0100236661254,32.484265199999996,177.6,0.00011219762386,4.465538084e-05,8.58009842e-06,2.8494979960000003e-06,1.162544439e-06,7.109158799999999e-07,5.07187191e-07,4.10203357e-07,8.480760970000001e-07,1.91491205e-07,2.8316873100000003e-06,57.0899582,13.50093198,1.0936814296000002e-08,8.574783229999998,0.0016634204,0.4140951285999999,0.0042909674816,0.00043272369365,0.0021255750399999996,1.2354876359999998,0.0042909674816,0.00043272369365,0.0036369242800000008,4.341060209999999,0.0042909674816,0.00043272369365,0.00323385646,3.728795797,0.0042909674816,0.00043272369365,2.502566957473755
155,1656600000,9.176743190000001e-05,9.176747080000001e-05,1.3362954100000002,95.23392426999999,0.1504168393,0.0052231336599999996,0.01013394875,0.007445087810000001,0.00014140382004000003,0.0013336714152,23.708041599999998,141.6,2.672773402e-05,9.54439363e-06,2.3421812099999996e-06,1.2194998800000001e-06,7.983277959999999e-07,5.83379171e-07,4.5906430699999994e-07,3.964299179999999e-07,8.05206862e-07,1.90254059e-07,2.81721652e-06,67.77887510000001,18.931003399999998,2.558978026e-09,8.86095555,0.00157924965,0.1504269836,0.0007575078875000001,7.907641274e-05,0.00184259588,0.32998539140000005,0.0007575078875000001,7.907641274e-05,0.0025302204400000005,1.0632459496000002,0.0007575078875000001,7.907641274e-05,0.0024719616300000005,0.808486802,0.0007575078875000001,7.907641274e-05,2.502616214752197
155,1656600600,6.13594271e-05,6.13594452e-05,-0.23862194080000002,29.212604119999998,0.079571794,0.0046308426,0.00903547695,0.0069204550500000005,8.941400145999999e-05,0.0007794198086,17.72202825,121.6,1.838300984e-05,4.32136305e-06,1.39251266e-06,8.6861695e-07,6.30450602e-07,5.10513621e-07,4.2056851099999996e-07,3.6924094700000004e-07,7.869676930000001e-07,1.91246817e-07,2.80518899e-06,74.7797743,26.0842741,1.6335005200000002e-09,8.9945357,0.00151530349,0.11322532910000001,0.0006125342711,6.550471279e-05,0.00167261957,0.17107165700000002,0.0006125342711,6.550471279e-05,0.00202452198,0.781629474,0.0006125342711,6.550471279e-05,0.00208031439,0.424408033,0.0006125342711,6.550471279e-05,2.502662253379822
155,1656601200,0.00016509677630000002,0.00016509710349999997,1.5117357358999999,96.62078817544999,0.204277463,0.004929519320000001,0.009233140150000001,0.007008386310000001,0.00055944723498,0.0057129436222999996,19.022727099999997,97.6,4.759517151e-05,1.9502063600000003e-05,5.74460602e-06,2.5875987430000002e-06,1.4078899539999999e-06,8.29524919e-07,5.8839087e-07,4.3161684800000005e-07,8.339261999999999e-07,1.9365267100000002e-07,2.83413867e-06,69.21344530000002,26.37858915,4.882920566e-09,8.8837315,0.00155305299,0.25305172949999993,0.00158980077366,0.00015201135949000002,0.0017267574099999999,0.3485827335,0.00158980077366,0.00015201135949000002,0.0022054760799999997,1.439698156,0.00158980077366,0.00015201135949000002,0.0023560264100000003,2.3716463049999996,0.00158980077366,0.00015201135949000002,2.502894067764282
155,1656601800,5.103250839999999e-05,5.10325445e-05,-0.32087965490000003,21.282092048000003,0.0648422108,0.004726854049999999,0.009405466599999999,0.0071422269,5.293974937999999e-05,0.0004926625427,20.3461539,117.0,1.2999855539999998e-05,4.28391277e-06,1.54009373e-06,9.39607587e-07,6.35019781e-07,5.175753249999999e-07,4.1450993999999996e-07,3.67437638e-07,8.033270880000001e-07,1.93723462e-07,2.8211502e-06,75.393373,26.7696276,1.281963239e-09,9.01973755,0.00151689297,0.118138196,0.00027046261430000004,2.955817058e-05,0.0016985613,0.170485029,0.00027046261430000004,2.955817058e-05,0.00211259688,0.5011169259,0.00027046261430000004,2.955817058e-05,0.0021752697700000005,0.40272165800000004,0.00027046261430000004,2.955817058e-05,2.5024029493331907
155,1656602400,0.00010400403690000001,0.0001040040893,-0.14533101622999997,26.348900780999998,0.101906159,0.00581459681,0.01181814615,0.00868632244,0.00012949501185,0.0012408352416,34.2552457,117.8,3.420949078e-05,8.68489066e-06,2.15297656e-06,1.066207006e-06,7.185115129999999e-07,5.383860269999998e-07,4.43798299e-07,3.7723487100000004e-07,8.02812434e-07,1.86619897e-07,2.82097287e-06,71.384496,24.99970417,3.016381946e-09,8.91215375,0.00160912442,0.13924378340000004,0.0008845990835000001,9.289642179e-05,0.00198207405,0.30701921,0.0008845990835000001,9.289642179e-05,0.00310764457,1.4455314979999998,0.0008845990835000001,9.289642179e-05,0.0028279972099999997,0.8131991409999999,0.0008845990835000001,9.289642179e-05,2.5029920101165772
155,1656603000,7.76285188e-05,7.76286229e-05,-0.9393884401499998,58.57612223240001,0.094369382,0.0052024893700000005,0.0102173227,0.007617703549999999,0.00011280635925000002,0.0010837404848,25.842657300000003,138.5,2.094649969e-05,8.727858670000002e-06,2.1668156e-06,1.0709586600000002e-06,7.16525494e-07,5.41784397e-07,4.4312400199999997e-07,3.5952545099999995e-07,7.956916139999999e-07,1.94187676e-07,2.8513499000000003e-06,70.4661391,21.7636381,2.113009705e-09,8.9160217,0.00156261266,0.1439575185,0.00047209125360000005,4.9628700420000014e-05,0.00181479336,0.240179357,0.00047209125360000005,4.9628700420000014e-05,0.0025218913199999997,0.759578065,0.00047209125360000005,4.9628700420000014e-05,0.0025300519,0.801475562,0.00047209125360000005,4.9628700420000014e-05,2.5023101806640624
155,1656603600,7.96750849e-05,7.967509790000001e-05,0.44421909660000003,33.945232556,0.10841010260000002,0.00540661891,0.0109230555,0.00808326872,0.00011239919582,0.001104064414,29.162586999999995,132.2,2.307354894e-05,8.11724739e-06,1.81218716e-06,9.22423762e-07,6.96864901e-07,5.485614179999999e-07,4.46325738e-07,3.7631052200000005e-07,8.147073730000001e-07,1.93077594e-07,2.8362309900000004e-06,71.76583250000002,23.6034409,2.2029807300000003e-09,8.93442885,0.0015829981299999997,0.127562271,0.0005216550399,5.4375895870000004e-05,0.0018338687499999998,0.22328521300000004,0.0005216550399,5.4375895870000004e-05,0.00285472152,1.0990326649999997,0.0005216550399,5.4375895870000004e-05,0.00249149249,0.55840007,0.0005216550399,5.4375895870000004e-05,2.502693510055542
155,1656604200,6.32949829e-05,6.32949893e-05,0.8811018145,58.22109369100001,0.1053963805,0.00445478541,0.0088021465,0.006777214049999999,0.0001497879368,0.0015868116871,16.493007099999996,88.9,1.3721954380000001e-05,8.10243597e-06,2.48415038e-06,1.31298096e-06,7.984905500000001e-07,5.7018673e-07,4.6789481500000004e-07,3.6997848400000004e-07,8.07324108e-07,1.91461717e-07,2.82053506e-06,74.7763385,28.851929900000005,1.6465770679999998e-09,9.014837199999999,0.00152597217,0.1377482732,0.00026600754459999993,2.74901267e-05,0.00165943339,0.24222097799999998,0.00026600754459999993,2.74901267e-05,0.0018054619300000001,0.39343679899999995,0.00026600754459999993,2.74901267e-05,0.00205330801,0.7696778849999999,0.00026600754459999993,2.74901267e-05,2.502451992034912
155,1656604800,9.986114669999998e-05,9.98611507e-05,0.7629915854999999,58.215663724500004,0.1278972593,0.00475810382,0.00900657275,0.006866852,0.00020627352495,0.0020716833732000004,17.6905596,115.1,3.3443736499999996e-05,8.188192559999999e-06,1.6723156399999998e-06,8.91197292e-07,6.3747372e-07,5.04423783e-07,4.2262497699999996e-07,3.65837517e-07,7.869142420000001e-07,1.9067837099999998e-07,2.82702568e-06,72.0630187,24.42294275,2.891355846e-09,8.92087875,0.00151574434,0.117312051,0.0010852321313999998,0.00010708224685999999,0.0016633759600000002,0.1574893886,0.0010852321313999998,0.00010708224685999999,0.0021291230800000002,1.139576474,0.0010852321313999998,0.00010708224685999999,0.00216648916,1.178854821,0.0010852321313999998,0.00010708224685999999,2.502513289451599
155,1656605400,0.00014808006120000002,0.000148080087,0.04943885400000002,76.4764006146,0.15715184799999998,0.00516972015,0.009918025600000002,0.00736192203,0.00038145225364999994,0.0039651427549,22.921328600000002,138.5,4.736395369e-05,1.733196428e-05,2.3224124499999996e-06,1.0959830909999997e-06,7.39068256e-07,5.639256690000001e-07,4.22758421e-07,3.84793385e-07,8.09910519e-07,1.9082678399999998e-07,2.81437696e-06,68.6891318,22.24868874,4.4345350950000005e-09,8.84596785,0.00155875961,0.14691751430000002,0.00097382643645,9.568409916e-05,0.00174650337,0.22382405299999997,0.00097382643645,9.568409916e-05,0.00244091868,1.084764716,0.00097382643645,9.568409916e-05,0.0025778641,2.5110936309999996,0.00097382643645,9.568409916e-05,2.5025046110153197
155,1656606000,0.0001033332716,0.0001033332758,-0.57515547457,49.30302287131,0.0944076336,0.004601878280000001,0.008878017050000001,0.00680403536,0.00028232656313999997,0.0029946283852000004,16.2954546,83.1,3.7645647e-05,5.7421644e-06,1.50944653e-06,9.129239209999998e-07,6.59868706e-07,5.16709841e-07,4.351839009999999e-07,3.8097464200000006e-07,8.26352042e-07,1.9419392200000003e-07,2.8430502100000004e-06,75.045815,31.774174769999995,3.040594308e-09,8.9717052,0.0015207558200000001,0.11641806539999999,0.0013190008462799997,0.00015378483026000004,0.00164276346,0.16383946200000002,0.0013190008462799997,0.00015378483026000004,0.00201066158,1.8061420400000003,0.0013190008462799997,0.00015378483026000004,0.00197219688,0.600648213,0.0013190008462799997,0.00015378483026000004,2.5025801181793215
155,1656606600,5.908031420000002e-05,5.908032530000001e-05,0.16155553050000002,64.7971689724,0.0936423572,0.00435869673,0.00865914775,0.0066884742,0.00014305142054999999,0.0015267258506,14.3583915,70.5,1.2797423e-05,7.34272524e-06,2.2626150099999998e-06,1.185440889e-06,7.624176689999999e-07,5.6388412e-07,4.442349570000001e-07,3.6752708600000003e-07,8.056586060000001e-07,1.91378517e-07,2.81684683e-06,75.3354035,30.1998439,1.5180352289999998e-09,9.02672005,0.0015191935899999999,0.1446561989,0.0005931504274600001,5.7466323349999996e-05,0.00162006572,0.1713780769,0.0005931504274600001,5.7466323349999996e-05,0.0017591385300000002,0.580059172,0.0005931504274600001,5.7466323349999996e-05,0.0019336281100000002,0.52405769,0.0005931504274600001,5.7466323349999996e-05,2.502173924446106
155,1656607200,4.927803629999999e-05,4.9278043600000006e-05,-0.31003517928999996,30.174681393700002,0.0560049429,0.00422574834,0.00841401965,0.006532166440000001,7.7972635e-05,0.0008006099357,13.0174824,71.5,1.3058538019999999e-05,3.80183882e-06,1.22764172e-06,8.40196402e-07,6.26604526e-07,5.034441989999999e-07,4.14013814e-07,3.64992206e-07,7.91729273e-07,1.88303151e-07,2.8215279599999998e-06,78.5748558,34.73079445,1.2519924049999998e-09,9.0744269,0.00149547488,0.11242496639999999,0.00029668462243000003,2.8614216420000004e-05,0.00158985104,0.1620265648,0.00029668462243000003,2.8614216420000004e-05,0.0016058955,0.32299161760000006,0.00029668462243000003,2.8614216420000004e-05,0.0018473420599999998,0.5486435789999999,0.00029668462243000003,2.8614216420000004e-05,2.502751684188843
155,1656607800,2.9555336000000003e-05,2.95553462e-05,-0.20349786517,5.617823596399999,0.0335079487,0.00417260785,0.008549684,0.0066277314200000005,1.165446923e-05,0.00011919068559999998,13.956294000000003,58.4,4.17492652e-06,2.7838266800000006e-06,1.15904288e-06,8.47020292e-07,6.500164339999999e-07,5.11066461e-07,4.4967784499999995e-07,3.94629334e-07,8.14577459e-07,1.9238240899999996e-07,2.80043302e-06,80.4981203,36.3645673,6.08404864e-10,9.12982465,0.00150840915,0.113053133,4.958643504e-05,5.24558538e-06,0.00159415527,0.13020416,4.958643504e-05,5.24558538e-06,0.00155144821,0.1483390055,4.958643504e-05,5.24558538e-06,0.0018092433499999998,0.188209765,4.958643504e-05,5.24558538e-06,2.502585506439209
155,1656608400,3.17133494e-05,3.171336e-05,0.24960554706000004,17.1332415406,0.0437567192,0.004127397289999999,0.008419247150000001,0.00651916055,1.8085351529999998e-05,0.0001856106314,13.099650500000001,56.5,4.475135429999999e-06,3.20808698e-06,1.4332881399999999e-06,9.20118668e-07,6.680713630000001e-07,5.173960629999999e-07,4.33497758e-07,3.74584338e-07,8.24831104e-07,1.8697736899999998e-07,2.81462638e-06,80.235288,36.9235861,6.72200945e-10,9.124596,0.00149247744,0.1179885983,9.472567647e-05,9.478076129999999e-06,0.0015778533099999998,0.1429729106,9.472567647e-05,9.478076129999999e-06,0.0015287669700000002,0.1753740576,9.472567647e-05,9.478076129999999e-06,0.0017882849000000003,0.206002499,9.472567647e-05,9.478076129999999e-06,2.5026485443115236
155,1656609000,5.4171775e-05,5.417178079999999e-05,0.3472120873999999,53.3093688654,0.0937566064,0.00429859031,0.00855886275,0.00661975886,0.00010474520586,0.0011092957191000002,13.937063,75.6,1.1416249189999998e-05,6.673612489999999e-06,2.07524524e-06,1.1001973840000001e-06,6.895161570000001e-07,5.166682420000001e-07,4.24664698e-07,3.68841037e-07,8.09523128e-07,1.9689446499999998e-07,2.81444208e-06,76.20203319999999,31.645700300000005,1.371061363e-09,9.040933900000002,0.00152932159,0.1477138854,0.00069896339608,6.63524846e-05,0.00162119823,0.236529147,0.00069896339608,6.63524846e-05,0.00168247148,0.5634364075,0.00069896339608,6.63524846e-05,0.0018959483999999999,0.338349065,0.00069896339608,6.63524846e-05,2.5025278091430665
155,1656609600,0.00014675892559999997,0.00014675893199999997,-0.17665439999999993,36.740527338999996,0.11233836700000002,0.00447605809,0.00855510815,0.0065844421300000015,0.00051294719219,0.0054318736596,14.2237761,85.0,5.610484326000002e-05,8.033276289999999e-06,2.5172490199999997e-06,9.32289304e-07,6.359430289999999e-07,5.225282729999999e-07,4.4406422300000004e-07,3.7743670800000005e-07,7.93888091e-07,1.9135911699999996e-07,2.82647654e-06,75.68808439999998,32.157899830000005,4.487125255e-09,8.991281449999999,0.0015092166799999997,0.1189169986,0.004104585018,0.00039195376439299997,0.00163938697,0.341916107,0.004104585018,0.00039195376439299997,0.0018836048500000002,3.051413932,0.004104585018,0.00039195376439299997,0.0018788321100000002,0.41838346299999996,0.004104585018,0.00039195376439299997,2.5026421308517457
155,1656610200,3.3247706199999996e-05,3.3247716200000004e-05,0.42592411845000006,24.8537438259,0.0571195298,0.00413008854,0.008409419450000002,0.0065380347499999995,3.520369046000001e-05,0.0003740617545,12.867132699999999,55.8,4.895988489999999e-06,3.3955366099999995e-06,1.47527494e-06,9.365130020000001e-07,6.701024240000001e-07,5.32834185e-07,4.5948498499999996e-07,3.90017778e-07,8.30745885e-07,1.9167428600000003e-07,2.8455478200000004e-06,79.74289200000001,36.3246487,7.14550413e-10,9.116525300000001,0.00151021876,0.1212086875,0.00010416911390999999,1.07901537e-05,0.00155483364,0.14610165960000002,0.00010416911390999999,1.07901537e-05,0.0015027214799999999,0.1929808752,0.00010416911390999999,1.07901537e-05,0.0017998589500000002,0.22279900500000002,0.00010416911390999999,1.07901537e-05,2.5026320457458495
155,1656610800,4.40165985e-05,4.4016607600000004e-05,0.6516795915,31.1580015533,0.06876242559999998,0.00444467346,0.0088860658,0.0067984431900000005,4.156446041e-05,0.0003706265389,16.506993100000003,86.9,9.91516798e-06,4.04902568e-06,1.4527245900000001e-06,8.632695459999999e-07,6.530107030000001e-07,5.0994518e-07,4.13248903e-07,3.57626822e-07,7.923658350000001e-07,1.94087449e-07,2.8076675000000005e-06,77.1519404,30.3939315,1.0645025940000001e-09,9.0544355,0.00150549637,0.11260507540000002,0.0002611253931,2.628135024e-05,0.0016512899600000003,0.18546877499999997,0.0002611253931,2.628135024e-05,0.00183449096,0.38654567,0.0002611253931,2.628135024e-05,0.0019683184000000003,0.308282282,0.0002611253931,2.628135024e-05,2.502709913253784
155,1656611400,0.0002231455119,0.00022314551739999997,-1.3900427158,86.206933347,0.1370760728,0.0049614746,0.008865465799999998,0.00679453597,0.00073661224571,0.0076888139348,16.491258800000004,117.3,7.832276819999999e-05,2.122893355e-05,3.91196985e-06,1.6968297780000002e-06,9.88290168e-07,6.879393400000001e-07,4.974061709999999e-07,4.1155147799999996e-07,8.252320570000001e-07,1.86994681e-07,2.8148174400000003e-06,69.150678,25.24692783,6.906925464999999e-09,8.85423088,0.00154489017,0.14838659399999998,0.00243622705773,0.00025838144972,0.0017898144600000001,0.6399003625,0.00243622705773,0.00025838144972,0.0022089908200000003,2.5679737840000003,0.00243622705773,0.00025838144972,0.00235504034,2.7420605859999996,0.00243622705773,0.00025838144972,2.5030712842941285
155,1656612000,0.00012435146619999997,0.00012435164449999998,0.4431874647500001,10.795028720999998,0.08544341050000001,0.005982821420000001,0.01261707605,0.00851399244,0.00012427759504,0.0009800057268,31.29720315,114.9,4.103669939e-05,1.119502954e-05,2.60700919e-06,1.2221721719999998e-06,7.600359259999999e-07,5.734893370000001e-07,4.7115513600000003e-07,3.9401855999999994e-07,8.43626771e-07,1.9478354199999999e-07,2.8776959899999996e-06,71.02776539999999,24.892711740000003,3.6813078190000005e-09,8.910113050000001,0.0016535719399999999,0.1505400586,0.00070662815697,8.335256278e-05,0.0020876957499999997,0.377116473,0.00070662815697,8.335256278e-05,0.0031637183200000003,1.7952817019999998,0.00070662815697,8.335256278e-05,0.0029253763,0.951271483,0.00070662815697,8.335256278e-05,2.502238965034485
155,1656612600,2.6571407599999996e-05,2.65714314e-05,0.0993683604054,1.9250066133000001,0.03129918550000001,0.00404186361,0.0082799155,0.006424614380000001,5.78505656e-06,5.606375889999999e-05,12.342657200000001,49.9,3.28768232e-06,2.36377862e-06,1.15219428e-06,7.973517350000001e-07,6.11241404e-07,4.90949764e-07,4.2298652e-07,3.619733480000001e-07,7.969836030000001e-07,1.90491953e-07,2.8098485600000006e-06,81.9265838,39.2248212,5.21914891e-10,9.1528041,0.00149317151,0.10828711370000002,2.4529999030000004e-05,2.82783574e-06,0.0015612653999999998,0.119371423,2.4529999030000004e-05,2.82783574e-06,0.00142703122,0.113864734,2.4529999030000004e-05,2.82783574e-06,0.00169462794,0.15519400899999997,2.4529999030000004e-05,2.82783574e-06,2.5026381254196166
155,1656613200,2.76030738e-05,2.7603086400000005e-05,0.34735723571999993,7.98316461924,0.0418181731,0.00406036259,0.00831224115,0.00644599622,8.69053999e-06,8.0762281e-05,12.1258742,47.4,3.53927234e-06,2.4358779899999994e-06,1.2503088599999999e-06,8.305597599999999e-07,6.32591504e-07,4.902541869999999e-07,4.15059798e-07,3.7871304299999996e-07,8.04841706e-07,1.91446059e-07,2.83255435e-06,81.6217546,38.83846200000001,5.50511155e-10,9.1480541,0.00149813491,0.10951543100000001,3.4397787130000003e-05,4.5551911e-06,0.00156331613,0.12497083900000001,3.4397787130000003e-05,4.5551911e-06,0.00143928549,0.13749969699999998,3.4397787130000003e-05,4.5551911e-06,0.00170529944,0.151115882,3.4397787130000003e-05,4.5551911e-06,2.5026447057723997
155,1656613800,0.00023280394879999998,0.00023280394979999998,0.10206872310000001,102.99181781842,0.22469376290000004,0.00489571223,0.008616088300000001,0.00664789275,0.00084936076773,0.0088951748045,14.907342600000002,116.1,9.387559777e-05,1.3151391849999998e-05,2.36290293e-06,1.084643764e-06,7.47567661e-07,5.716644740000001e-07,4.3928665300000005e-07,3.7463316199999994e-07,7.95178284e-07,1.9035033900000002e-07,2.80869777e-06,67.4096456,24.419655129999995,7.315397620000002e-09,8.772362600000001,0.00153193579,0.13737956269999999,0.004425193922,0.00044628795683999994,0.00170877821,0.3995651574,0.004425193922,0.00044628795683999994,0.00226134767,3.8696556848999997,0.004425193922,0.00044628795683999994,0.00216809262,1.9868910850000003,0.004425193922,0.00044628795683999994,2.5027607917785644
155,1656614400,3.2550249100000005e-05,3.25502546e-05,-0.1928400878,23.9210058626,0.0463113119,0.004104214199999999,0.008321400900000001,0.00644978875,3.0316636880000004e-05,0.0003196244396000001,12.5087414,54.9,5.34214529e-06,3.17787128e-06,1.24927602e-06,8.05840358e-07,6.08354993e-07,5.029605920000001e-07,4.22312223e-07,3.65320963e-07,8.019728249999999e-07,1.9863558999999997e-07,2.8002949499999998e-06,80.16827900000001,36.156099999999995,7.05957919e-10,9.115116800000001,0.0014962295799999998,0.1114096171,0.00010105930313,1.0639610020000001e-05,0.00158078198,0.14963541400000002,0.00010105930313,1.0639610020000001e-05,0.0014927909100000002,0.19159694060000002,0.00010105930313,1.0639610020000001e-05,0.00173004759,0.215213564,0.00010105930313,1.0639610020000001e-05,2.5028089046478272
155,1656615000,3.27185326e-05,3.27185851e-05,-0.025943119100000002,0.5307535699379999,0.025656192799999998,0.0044771399100000005,0.00925834385,0.00715603919,5.93454032e-06,4.80001126e-05,18.7692305,51.2,5.53427371e-06,3.0022261e-06,1.2754374099999999e-06,8.266874079999999e-07,6.09343185e-07,5.06435112e-07,4.18810549e-07,3.5034017999999996e-07,8.08900408e-07,1.9028285500000001e-07,2.83640128e-06,79.8162549,34.407919199999995,7.080969089999999e-10,9.11246065,0.0015122776899999999,0.11183540659999999,2.7348627180000002e-05,3.6445901200000004e-06,0.0016294102800000002,0.1304667276,2.7348627180000002e-05,3.6445901200000004e-06,0.00192269106,0.2083240966,2.7348627180000002e-05,3.6445901200000004e-06,0.00202627297,0.216051867,2.7348627180000002e-05,3.6445901200000004e-06,2.5027374267578124
155,1656615600,3.6529448799999994e-05,3.65294658e-05,0.1397401982,14.233127739392998,0.0426187279,0.00427282891,0.008637679200000001,0.006689936959999999,3.14474089e-05,0.0003097658036,14.356643199999999,53.6,7.32508409e-06,3.0339860300000004e-06,1.35974756e-06,8.642735920000001e-07,6.181292319999999e-07,4.920501390000001e-07,4.2482851e-07,3.52380902e-07,7.889523299999999e-07,1.94358257e-07,2.81083857e-06,79.43439240000001,34.302415,8.340203610000001e-10,9.1003553,0.0015156488000000001,0.11438457489999998,0.00015109521574,1.6734164790000004e-05,0.0016413453600000003,0.14269330249999998,0.00015109521574,1.6734164790000004e-05,0.0016737011700000003,0.29552482750000003,0.00015109521574,1.6734164790000004e-05,0.00185797181,0.23042916400000002,0.00015109521574,1.6734164790000004e-05,2.5026315689086913
155,1656616200,0.00011369128830000001,0.00011369723100000003,-0.23548833269999997,74.86051644636,0.1291323525,0.00456417733,0.0087565697,0.00678147575,0.00020687296339000003,0.0021599128760000003,15.0507713,73.4,3.8330670770000003e-05,9.269170820000001e-06,1.97635254e-06,1.083802877e-06,7.186569539999999e-07,5.46540467e-07,4.6677282800000003e-07,4.0169734699999996e-07,8.759377269999999e-07,1.95776021e-07,2.98612417e-06,73.6472142,29.759884569999997,3.293147389e-09,8.9736572,0.00152018452,0.1233874095,0.0009527428989799999,9.442229237000001e-05,0.0016445685,0.293234744,0.0009527428989799999,9.442229237000001e-05,0.0019576924099999997,1.3456318304,0.0009527428989799999,9.442229237000001e-05,0.00198826702,1.0290393586,0.0009527428989799999,9.442229237000001e-05,2.502734375
155,1656616800,3.65327132e-05,3.6532723599999996e-05,0.9584220782199997,25.722452724900002,0.0729624914,0.00424999758,0.0085381321,0.006614510719999999,3.4625422669999994e-05,0.000357223527,14.103147000000002,63.9,6.9529471300000005e-06,3.1270244800000006e-06,1.35908546e-06,8.89270044e-07,6.776315530000001e-07,5.40446846e-07,4.527095770000001e-07,3.77213125e-07,8.36683297e-07,1.92588371e-07,2.8607e-06,79.3215014,35.303208299999994,8.26105047e-10,9.10281835,0.0015252926,0.1191910461,0.00018750896154999996,1.9720703175e-05,0.00162358846,0.14494015459999998,0.00018750896154999996,1.9720703175e-05,0.0016286507299999998,0.31251728160000003,0.00018750896154999996,1.9720703175e-05,0.0018172289799999997,0.196836716,0.00018750896154999996,1.9720703175e-05,2.502687907218933
155,1656617400,3.864031949999999e-05,3.864032279999999e-05,1.04221537415,31.205390596500003,0.0704502692,0.00414246169,0.008350001400000001,0.006467033750000001,5.444944414e-05,0.0005742022180499999,12.55069925,57.7,8.41410085e-06,2.968519e-06,1.2431280200000002e-06,8.43397138e-07,6.33539e-07,5.17114185e-07,4.2501256699999996e-07,3.68194086e-07,8.397861829999998e-07,1.93266893e-07,2.8738770999999996e-06,79.98131029999999,36.6975058,9.026091470000001e-10,9.106146849999998,0.0015054735100000001,0.11578570559999998,0.00021260062618,2.2970891569999996e-05,0.0015641804899999996,0.1377250035,0.00021260062618,2.2970891569999996e-05,0.00155185131,0.3070090324,0.00021260062618,2.2970891569999996e-05,0.0017418950999999998,0.27357337410000004,0.00021260062618,2.2970891569999996e-05,2.5026822090148926
155,1656618000,3.18638332e-05,3.1863847599999996e-05,0.6634194404999999,18.3638801673,0.0693976268,0.00414955235,0.008358541899999999,0.00647986208,2.1366731170000002e-05,0.00020679886270000004,13.293706099999998,75.0,4.75757983e-06,3.0689591100000007e-06,1.36424276e-06,8.781128990000001e-07,6.529324380000001e-07,5.248721139999999e-07,4.3243624100000005e-07,3.8032413499999997e-07,8.127179339999999e-07,1.93267858e-07,2.86639977e-06,79.96148199999999,35.7014845,6.74375049e-10,9.119972250000002,0.0015056525,0.1140858705,5.151724009e-05,6.83316797e-06,0.0015905908999999999,0.14045178200000002,5.151724009e-05,6.83316797e-06,0.00147870287,0.17154931880000002,5.151724009e-05,6.83316797e-06,0.00179195745,0.21578042700000002,5.151724009e-05,6.83316797e-06,2.5026738166809084
155,1656618600,4.1664427200000004e-05,4.16644382e-05,0.5175193212,44.94429562217,0.0718277627,0.0041791193800000005,0.0083180834,0.00643894889,4.672182312e-05,0.0004221907758,12.5804195,78.3,8.167840090000001e-06,4.20962534e-06,1.6319379e-06,9.853506690000002e-07,6.57310441e-07,5.366419170000001e-07,4.5124501900000006e-07,3.72880447e-07,8.11820989e-07,1.9733821499999998e-07,2.8101547900000003e-06,77.764863,32.9947487,9.80153263e-10,9.07248255,0.00150490622,0.1251477856,0.00021462350185000003,2.153131942e-05,0.00157454161,0.16469330310000002,0.00021462350185000003,2.153131942e-05,0.00154794861,0.2821065195,0.00021462350185000003,2.153131942e-05,0.00179240476,0.352953756,0.00021462350185000003,2.153131942e-05,2.502109432220459
155,1656619200,0.0001273566233,0.00012735663270000002,-0.49919267532000006,51.3263660036,0.09939588979999998,0.00445909551,0.008685188,0.00665242602,0.00045743732446999996,0.0048739237019,14.982517699999999,71.4,3.840344392000001e-05,1.5515659269999998e-05,2.7872251e-06,9.911012969999999e-07,6.45587351e-07,5.580129379999999e-07,5.012564240000001e-07,4.1932553e-07,8.483948810000001e-07,1.90328235e-07,2.81783415e-06,75.38752280000001,32.32836497,3.77644973e-09,8.9981913,0.0015129493400000001,0.1400252723,0.0006423545691600001,6.690993519e-05,0.0016810904200000002,0.6376336850000001,0.0006423545691600001,6.690993519e-05,0.00175754498,0.7427131412,0.0006423545691600001,6.690993519e-05,0.00203170075,1.8432419740000001,0.0006423545691600001,6.690993519e-05,2.502646732330322
155,1656619800,0.0001376602921,0.00013766031020000002,1.4463980382000001,69.0300663245,0.15423697819999999,0.00442858141,0.008574113400000001,0.0066094273999999995,0.00051527318322,0.0054876686858999985,14.15384595,74.0,4.0336895360000003e-05,1.8645290999999998e-05,3.0318254100000004e-06,9.144038510000001e-07,6.83102044e-07,5.72423332e-07,4.39359598e-07,3.7019745200000004e-07,8.135903499999999e-07,1.9436972899999998e-07,2.82865209e-06,74.5881967,31.544492660000003,4.122187875e-09,8.97945935,0.0015305771399999999,0.13598350409999999,0.00179265338094,0.00020781561480999995,0.0016339893299999997,0.1811254872,0.00179265338094,0.00020781561480999995,0.0018097206599999999,2.2271088960000003,0.00179265338094,0.00020781561480999995,0.00190232982,1.1227073865,0.00179265338094,0.00020781561480999995,2.5026007652282716
155,1656620400,4.21884931e-05,4.21885029e-05,0.42800057521,11.806921661539999,0.050353918799999994,0.0042315823700000005,0.00838727605,0.00651414109,4.662004943e-05,0.0003795763921,13.134615400000001,77.8,1.05203837e-05,2.7426937899999997e-06,1.2459923399999998e-06,8.344516250000001e-07,6.2694526e-07,5.049401120000001e-07,4.38622874e-07,3.6579721e-07,7.928411759999999e-07,1.9276912899999996e-07,2.82872914e-06,79.5136031,34.958384800000005,1.0277244269999999e-09,9.092690600000001,0.0015169333199999998,0.1125788221,0.00023759305837000008,3.158397195e-05,0.00155843521,0.1316087224,0.00023759305837000008,3.158397195e-05,0.0016773428099999999,0.4806898166,0.00023759305837000008,3.158397195e-05,0.0017506448599999998,0.218237449,0.00023759305837000008,3.158397195e-05,2.50207405090332
155,1656621000,3.3151555299999994e-05,3.31515636e-05,-0.0066948268,10.572980219,0.041681408999999996,0.00407436029,0.0082439612,0.00641278384,2.631539157e-05,0.00023352455360000003,11.659091,51.5,6.20006169e-06,2.7021361399999997e-06,1.18272692e-06,7.965577800000001e-07,6.163327590000001e-07,4.91969778e-07,4.3664468099999996e-07,3.56005343e-07,8.040203819999999e-07,1.9085179200000003e-07,2.7984030800000003e-06,80.84549460000001,37.689433300000005,7.36202529e-10,9.123733699999999,0.0014905826099999998,0.1089338085,0.0002179254683,2.2750751180000002e-05,0.00155284272,0.124475614,0.0002179254683,2.2750751180000002e-05,0.00144002428,0.28054188939999997,0.0002179254683,2.2750751180000002e-05,0.00170898441,0.172128589,0.0002179254683,2.2750751180000002e-05,2.50260705947876
155,1656621600,3.15012184e-05,3.1501226e-05,0.19705176730000007,20.590470214699998,0.04502258569999999,0.00407506638,0.0082664557,0.0064153976,2.654680495e-05,0.0002698197877,11.998251999999999,52.8,5.44620967e-06,2.59347483e-06,1.24288977e-06,7.9029537e-07,6.18285653e-07,4.923391210000001e-07,4.2079549499999997e-07,3.5497598499999996e-07,7.984648770000001e-07,1.8924160700000003e-07,2.8035645299999996e-06,80.6232887,36.7262478,6.77200264e-10,9.121570049999999,0.00149514562,0.109017166,0.00017950644748,1.7977739126e-05,0.00156025223,0.123258812,0.00017950644748,1.7977739126e-05,0.00148131616,0.2363277728,0.00017950644748,1.7977739126e-05,0.0016841669,0.1699752974,0.00017950644748,1.7977739126e-05,2.502608323097229
155,1656622200,0.0001311816403,0.00013118165679999998,-0.8022671084799999,50.380079034699996,0.09083439659999999,0.00471689138,0.0089540776,0.006841691509999999,0.00039024384045999996,0.003966473499,16.7412588,84.7,4.6967781399999996e-05,9.59434716e-06,2.20560876e-06,1.006337573e-06,6.847549970000001e-07,5.17966361e-07,4.31396281e-07,3.6670817399999997e-07,8.0023383e-07,1.9191279100000002e-07,2.8236870599999994e-06,73.3581877,30.127744729999996,3.935979374000001e-09,8.943884099999998,0.00153802455,0.12238439110000002,0.0017398203459599998,0.00018200598056599996,0.0017166202399999998,0.32442617760000003,0.0017398203459599998,0.00018200598056599996,0.00203091203,1.7473033870999999,0.0017398203459599998,0.00018200598056599996,0.00211520388,1.2896379185,0.0017398203459599998,0.00018200598056599996,2.502633285522461
155,1656622800,4.79932254e-05,4.79932425e-05,-0.29800289386290013,36.6281634242,0.0667358931,0.00436997424,0.0087465641,0.00676289857,7.610681500999999e-05,0.0007973910320000001,15.349650399999998,77.2,1.1837389050000002e-05,4.18118777e-06,1.3689660599999999e-06,8.48341851e-07,6.2415761e-07,5.198682440000001e-07,4.2848809699999997e-07,3.78330708e-07,7.9525256e-07,1.94844071e-07,2.81974684e-06,77.3166325,32.042787499999996,1.196931032e-09,9.054568849999999,0.00149789749,0.11153593789999998,0.0003513382449,3.642158099000001e-05,0.0016128541100000001,0.1501674456,0.0003513382449,3.642158099000001e-05,0.0017709635100000003,0.42479231300000003,0.0003513382449,3.642158099000001e-05,0.00195775036,0.42047007599999997,0.0003513382449,3.642158099000001e-05,2.501518702507019
155,1656623400,7.18253916e-05,7.18254065e-05,0.39875639909999994,37.38635294884,0.08235323160000001,0.0044065771200000005,0.0087655613,0.00674079412,0.00014971853776000001,0.0015647253765000001,15.477272799999998,72.3,1.844027628e-05,8.954897159999999e-06,1.94911465e-06,8.477705430000001e-07,6.298220900000001e-07,5.14009927e-07,4.2822933499999993e-07,3.6187806299999997e-07,7.933362110000001e-07,1.8881941899999998e-07,2.8044865699999998e-06,76.8489106,32.76840214,1.9702742090000003e-09,9.0343258,0.00149958642,0.1167068107,0.00023522407158000003,2.363442203e-05,0.00162619649,0.28398057200000004,0.00023522407158000003,2.363442203e-05,0.001796634,0.37021679049999995,0.00023522407158000003,2.363442203e-05,0.0019717669299999995,1.018481941,0.00023522407158000003,2.363442203e-05,2.502005934715271
155,1656624000,3.1026430599999997e-05,3.1026438200000006e-05,-0.0869717574,4.2395203849000005,0.0411397387,0.00425822444,0.00873938185,0.00673308965,1.089302332e-05,9.69186386e-05,15.353146800000001,67.8,4.92682133e-06,2.7586363900000002e-06,1.2475345900000002e-06,8.2652588e-07,6.40982011e-07,5.009073519999999e-07,4.2177895700000004e-07,3.68640851e-07,7.898906599999999e-07,1.94777542e-07,2.83662867e-06,80.0003884,35.005065,6.54909369e-10,9.118973,0.0015123598400000001,0.1130247411,5.814207902000001e-05,6.630769799999999e-06,0.0016082627000000003,0.1323524685,5.814207902000001e-05,6.630769799999999e-06,0.00169890839,0.1859633939,5.814207902000001e-05,6.630769799999999e-06,0.00186947269,0.19191327,5.814207902000001e-05,6.630769799999999e-06,2.5019350051879883
155,1656624600,0.00037613350430000005,0.00037613635570000006,0.06707678510000001,6.28405010927,0.10654241429999997,0.007771024190000001,0.0181164524,0.010736723960000001,0.0003405249353,0.0020175845895999997,35.6940555,123.5,0.00013401540957999999,3.721854379e-05,6.129385270000002e-06,2.840032616e-06,1.4236730169999999e-06,1.01827812e-06,7.22845049e-07,5.353261720000001e-07,1.030581423e-06,1.9340852699999999e-07,2.9420222299999995e-06,68.3516988,26.26958275,1.1956468346999999e-08,8.8377737,0.00185445157,0.29169074649999993,0.0013391569756600003,0.00018720308324999998,0.0025175851600000004,1.0035130918,0.0013391569756600003,0.00018720308324999998,0.0043242757100000005,4.998332004,0.0013391569756600003,0.00018720308324999998,0.003967291390000001,3.7611841040000003,0.0013391569756600003,0.00018720308324999998,2.502741980552673
155,1656625200,3.0211973599999997e-05,3.0211989400000004e-05,-0.04387989034999999,7.840051710799999,0.0389601968,0.0042061237400000005,0.008618817199999998,0.00668684071,1.3028299710000002e-05,0.00013796286399999998,14.2674824,53.6,4.444274899999999e-06,2.83572733e-06,1.2629198300000002e-06,8.465568140000001e-07,6.25345573e-07,5.00160321e-07,4.32521014e-07,3.6264499500000004e-07,7.94207393e-07,1.9200121900000003e-07,2.80962156e-06,80.2768081,35.762332199999996,6.29865187e-10,9.1249995,0.00150998016,0.11112851530000001,3.52612827e-05,4.11681006e-06,0.00158087708,0.1388537976,3.52612827e-05,4.11681006e-06,0.00164328405,0.15864255910000002,3.52612827e-05,4.11681006e-06,0.0018400903599999998,0.191924235,3.52612827e-05,4.11681006e-06,2.502518105506897
155,1656625800,0.000309556725,0.0003095567392999999,-0.7744512208000001,71.42671849959999,0.14577824790000002,0.004829562050000001,0.00854267515,0.0066202124000000005,0.00087231800194,0.0081691713986,13.947552300000002,87.1,0.00012258563070000002,2.0491932179999997e-05,4.029401920000001e-06,1.53980693e-06,8.433411569999999e-07,6.18207404e-07,4.79082158e-07,3.900713660000001e-07,8.11111113e-07,1.90063367e-07,2.7996930199999997e-06,71.3513259,29.323943429999996,9.880259213e-09,8.888078000000002,0.00154324379,0.155260848,0.0022606220050999997,0.00024444726373,0.0017461864599999997,0.7152711394999999,0.0022606220050999997,0.00024444726373,0.0020145662299999997,2.4661203709999997,0.0022606220050999997,0.00024444726373,0.0022794397600000003,5.245822113999999,0.0022606220050999997,0.00024444726373,2.5026043891906737
155,1656626400,7.00096647e-05,7.00098737e-05,0.0871165725,13.799260565199997,0.0675518678,0.005761473489999999,0.0119002838,0.00895288937,3.1181657759999996e-05,0.00026445942479999996,38.853147500000006,114.7,1.899422809e-05,7.30085902e-06,1.8496121800000002e-06,1.0229155140000001e-06,6.964529120000001e-07,5.14039873e-07,4.2666346299999995e-07,3.75846281e-07,8.114768399999999e-07,1.90479284e-07,2.82243791e-06,72.2413504,23.61251235,1.8832450549999997e-09,8.95255935,0.0015910456699999998,0.126691322,0.0001041296831,1.4517349710000001e-05,0.0019703666300000004,0.214160724,0.0001041296831,1.4517349710000001e-05,0.0030337609299999997,0.6519502730000001,0.0001041296831,1.4517349710000001e-05,0.00291380015,0.636790566,0.0001041296831,1.4517349710000001e-05,2.5022045135498048
155,1656627000,0.00016913816099999997,0.00016913818380000003,-0.56033740375,25.792931044999996,0.10322786269999999,0.00596121782,0.011474019299999999,0.00863626425,0.00027583986003999994,0.0021226414384,35.4877624,138.0,6.223651883999998e-05,1.288612341e-05,2.0178319e-06,1.0507317410000002e-06,7.74956593e-07,6.35972911e-07,5.20483309e-07,4.16106998e-07,9.290266640000001e-07,1.9174278699999997e-07,2.9095561399999998e-06,69.4483641,20.99900835,5.18655771e-09,8.875023350000001,0.00161083307,0.14914595140000003,0.0016051746741,0.00017058626885,0.00194725819,0.32858945300000003,0.0016051746741,0.00017058626885,0.00326510735,2.1987863889999995,0.0016051746741,0.00017058626885,0.0030443259,1.872526435,0.0016051746741,0.00017058626885,2.5024651765823362
155,1656627600,9.296435639999999e-05,9.296436769999999e-05,-0.48423894219999974,68.5358284146,0.11002626359999998,0.00481207519,0.009381526900000001,0.007236696279999999,0.00019009469960000003,0.0019155900862000003,20.4999998,97.8,2.4453428629999994e-05,1.1332200670000001e-05,3.2554956300000005e-06,1.433043338e-06,8.071563849999999e-07,5.4787789e-07,4.5154701199999995e-07,3.68211171e-07,8.286364500000001e-07,1.9381273200000002e-07,2.81069352e-06,72.08442519999998,26.220335499999997,2.6004991249999996e-09,8.951027750000002,0.00156503884,0.15138767849999998,0.0012633489735000003,0.0001238131693,0.00172975716,0.23760012700000002,0.0012633489735000003,0.0001238131693,0.0022272327600000004,1.085858511,0.0012633489735000003,0.0001238131693,0.00226168233,0.9190648269999999,0.0012633489735000003,0.0001238131693,2.5024428606033324
155,1656628200,5.3195884e-05,5.31959002e-05,0.19966763599999998,43.73438933119999,0.0867871155,0.004665335720000001,0.0093268632,0.007179610259999999,7.864586145000001e-05,0.0008307662261999998,19.569930050000004,96.3,1.1988783200000001e-05,5.63982281e-06,1.93697762e-06,1.0589516629999998e-06,7.26554441e-07,5.70739303e-07,4.43810434e-07,3.7984199900000004e-07,8.343040359999999e-07,1.9041884900000001e-07,2.8276975900000004e-06,74.8552001,27.7925914,1.3346671219999998e-09,9.02131545,0.0015362883199999998,0.1225036025,0.00042662430827,4.141454167e-05,0.0017001050600000001,0.2708890345,0.00042662430827,4.141454167e-05,0.00207905679,0.5020625495,0.00042662430827,4.141454167e-05,0.0021535669,0.35393309500000003,0.00042662430827,4.141454167e-05,2.502552890777588
155,1656628800,0.0001633473954,0.0001633474151,0.37087065972,31.29253896153,0.10972760810000001,0.00536224566,0.00985524095,0.007374029129999999,0.00028686585951000004,0.0024417202416999995,22.0804195,106.1,5.291340146e-05,1.714091183e-05,3.6202662e-06,1.6053146869999997e-06,9.051235599999999e-07,6.845997769999999e-07,5.17165882e-07,4.14710356e-07,8.526980730000001e-07,1.92227674e-07,2.8271927799999994e-06,71.26702299999998,26.1619915,4.9444417180000015e-09,8.92047205,0.00162649241,0.1870404169,0.0013261720278000002,0.00014583807755999998,0.0018810719900000002,0.519420572,0.0013261720278000002,0.00014583807755999998,0.0025763800000000005,2.1152712009999997,0.0013261720278000002,0.00014583807755999998,0.00257999883,1.5721438319999999,0.0013261720278000002,0.00014583807755999998,2.5024486064910887
155,1656629400,7.174555819999999e-05,7.17455722e-05,0.5018894532900001,41.7209920225,0.090423749,0.00464874754,0.00904033725,0.00696374172,0.00012907326358,0.0012698659426999999,17.1520976,93.5,2.2327246829999997e-05,5.1023191e-06,1.4868482599999998e-06,8.88616294e-07,6.86029242e-07,5.90482853e-07,4.5072898400000003e-07,3.9691191099999997e-07,9.48234867e-07,1.91584728e-07,2.80367934e-06,74.75957150000002,28.72670524,1.9735431160000003e-09,8.99590105,0.00154926159,0.12266935319999998,0.0005651116406,5.886503286999999e-05,0.0016814334299999998,0.19171524610000001,0.0005651116406,5.886503286999999e-05,0.0020031398499999998,0.7262171699999999,0.0005651116406,5.886503286999999e-05,0.00211672055,0.736320335,0.0005651116406,5.886503286999999e-05,2.502369999885559
155,1656630000,0.0016732529215,0.0016732529305,-0.8433714587476,83.90534238165,0.42205581160000005,0.005634215999999999,0.008832808449999998,0.00683883308,0.00578414942042,0.06095064257089999,15.650349599999998,86.7,0.0006523042308399999,0.00016808637769999998,4.76604775e-06,4.578487121e-06,1.307757829e-06,6.670247439999999e-07,6.187126010000001e-07,4.2692146899999994e-07,8.330551080000001e-07,1.90959807e-07,2.8468530399999997e-06,68.5101667,28.518599860000002,5.5709941064e-08,8.765079459999999,0.0015597509700000002,0.3546599114,0.01959313351591,0.00195490198847,0.0019197915499999999,4.0183871270000004,0.01959313351591,0.00195490198847,0.0027859085800000004,15.914166498,0.01959313351591,0.00195490198847,0.0029072249800000003,27.281830786000008,0.01959313351591,0.00195490198847,2.5026224851608276
155,1656630600,4.74020231e-05,4.740203460000001e-05,-0.25290275489999997,17.742039743079996,0.04983080129999999,0.004475643069999999,0.0089283524,0.00687999648,5.7886576620000006e-05,0.0005708906401,16.6066431,70.1,1.2211248040000002e-05,3.4495705400000003e-06,1.3448936200000002e-06,8.70411515e-07,6.382838989999999e-07,5.354339340000002e-07,4.3182202200000004e-07,3.7002150600000004e-07,8.15802714e-07,1.9486629200000002e-07,2.83855683e-06,77.78388140000001,32.41140165,1.18396536e-09,9.0615103,0.00152240852,0.1154400769,0.00036949670113999993,3.856215045000001e-05,0.00165433496,0.1466688716,0.00036949670113999993,3.856215045000001e-05,0.0018687252499999998,0.531444857,0.00036949670113999993,3.856215045000001e-05,0.00197027379,0.29403077299999997,0.00036949670113999993,3.856215045000001e-05,2.502621126174927
155,1656631200,2.8347923299999998e-05,2.8347945999999996e-05,0.061919442830000004,1.0691080815,0.0289827999,0.00421381589,0.00866646145,0.00673477856,4.24368138e-06,3.59166706e-05,14.7465037,50.8,3.81882198e-06,2.64738241e-06,1.2149946999999998e-06,8.134645210000001e-07,6.06562741e-07,5.10197992e-07,4.19391486e-07,3.6374892600000003e-07,7.916780760000001e-07,1.87695164e-07,2.79990464e-06,80.88094040000001,36.8152712,5.74916718e-10,9.136413299999997,0.0015017525299999997,0.10959024980000001,2.7806689699999997e-05,3.20028021e-06,0.00161874849,0.12856332340000004,2.7806689699999997e-05,3.20028021e-06,0.0016587853399999998,0.143408494,2.7806689699999997e-05,3.20028021e-06,0.00182924367,0.16597322100000003,2.7806689699999997e-05,3.20028021e-06,2.5026325225830077
155,1656631800,4.0861479300000006e-05,4.08614885e-05,-0.27588965793000003,33.033885524629994,0.06091983729999999,0.00429611452,0.0086100546,0.006685718990000001,5.688181648e-05,0.0006032049143999999,14.3793707,55.3,8.45028606e-06,3.8042763900000003e-06,1.5254562299999999e-06,8.456365369999999e-07,6.57122339e-07,5.190477400000001e-07,4.2560484600000006e-07,3.69702062e-07,7.9739333e-07,1.9379411900000003e-07,2.84235044e-06,78.2500072,33.02340449999999,9.60274016e-10,9.079220800000002,0.0015173595700000001,0.1154020456,0.00014016296902,1.701720047e-05,0.0015827760600000001,0.1375555874,0.00014016296902,1.701720047e-05,0.00170402069,0.268866004,0.00014016296902,1.701720047e-05,0.00190922396,0.380010624,0.00014016296902,1.701720047e-05,2.5026482820510862
155,1656632400,0.0001447262419,0.0001447262517,0.5351196896299999,92.7800509948,0.17240632490000002,0.00471345408,0.008812518750000001,0.006808396140000001,0.00040899819463999996,0.0042097642279000005,15.923076900000002,100.8,5.02513373e-05,1.249695323e-05,1.94576306e-06,1.059816806e-06,8.157958870000001e-07,7.463334529999999e-07,5.34118984e-07,4.31851899e-07,9.58232701e-07,1.9634738900000004e-07,2.9263547699999997e-06,70.50642080000001,27.362586399999998,4.356135777e-09,8.88940655,0.00158057683,0.16261986759999997,0.00216337670575,0.00023898456633999996,0.00170122838,0.33772099299999997,0.00216337670575,0.00023898456633999996,0.0020717512600000004,2.4593803405,0.00216337670575,0.00023898456633999996,0.0020605812099999997,0.8908478729999999,0.00216337670575,0.00023898456633999996,2.5025586605072023
155,1656633000,2.79298961e-05,2.7929900899999996e-05,0.06889846966999999,0.4901734443,0.030292885000000002,0.0041973144500000005,0.0086145465,0.00670378041,3.22531981e-06,2.7090230400000002e-05,14.2692309,40.0,3.49231914e-06,2.6289634699999996e-06,1.2380138800000002e-06,8.094687910000001e-07,6.464960550000001e-07,5.1902671e-07,4.23130706e-07,3.71072227e-07,8.140517600000001e-07,1.9189746499999998e-07,2.8303965399999998e-06,81.25203610000001,37.7621491,5.58596566e-10,9.14213955,0.00151183339,0.111548809,9.8933698e-06,1.7240463199999998e-06,0.00163176276,0.1305253414,9.8933698e-06,1.7240463199999998e-06,0.00160162653,0.126937846,9.8933698e-06,1.7240463199999998e-06,0.0018392315699999999,0.163552575,9.8933698e-06,1.7240463199999998e-06,2.5026057958602905
155,1656633600,2.8293146399999997e-05,2.8293154699999997e-05,0.025673019230000003,0.5588854071,0.030806949299999997,0.00422194385,0.0087031052,0.006783562660000001,3.58772538e-06,3.21033028e-05,14.599650399999998,43.3,3.73062158e-06,2.6674437700000002e-06,1.24337174e-06,8.097301570000001e-07,6.276126180000001e-07,5.05022289e-07,4.22773466e-07,3.58236224e-07,7.91872137e-07,1.95762556e-07,2.79405364e-06,81.07475249999999,36.9765947,5.71791566e-10,9.1378057,0.0015067503400000002,0.11052882290000002,2.0590752789999998e-05,2.60019581e-06,0.0016130635399999999,0.126929948,2.0590752789999998e-05,2.60019581e-06,0.00164772844,0.13813155900000001,2.0590752789999998e-05,2.60019581e-06,0.0018749051099999996,0.170760063,2.0590752789999998e-05,2.60019581e-06,2.5026715278625487
155,1656634200,4.12830654e-05,4.1283099200000005e-05,0.29731407099,17.963369632800003,0.0522374759,0.004656468299999999,0.00950044575,0.00737344389,2.2652433030000003e-05,0.00020549614950000003,20.916083800000003,63.8,7.7129621e-06,4.426723190000001e-06,1.64837059e-06,1.0059282909999998e-06,7.204497200000001e-07,5.326263520000001e-07,4.3085474299999997e-07,3.66936797e-07,8.08470177e-07,1.8547476499999998e-07,2.80260935e-06,77.18864090000001,30.744499400000002,9.63510282e-10,9.0698151,0.00152672381,0.1179999344,6.587890910000001e-05,7.32864389e-06,0.0016975000800000001,0.162610329,6.587890910000001e-05,7.32864389e-06,0.00215350675,0.2663807860000001,6.587890910000001e-05,7.32864389e-06,0.00216001911,0.364163788,6.587890910000001e-05,7.32864389e-06,2.50278902053833
155,1656634800,5.750840460000001e-05,5.7508418600000005e-05,0.88242858624,24.579028476399998,0.0757272317,0.004673788000000001,0.00941346845,0.007120768690000001,6.081036648e-05,0.0004865517860999999,19.881119,87.5,1.597117203e-05,4.6910995300000005e-06,1.45733652e-06,8.904643929999999e-07,6.417631809999999e-07,5.021396540000001e-07,4.3266108000000006e-07,3.67692984e-07,8.079497509999999e-07,1.90570206e-07,2.8012865700000004e-06,76.36520809999999,30.2552243,1.5094780560000001e-09,9.032475999999999,0.0015424058900000003,0.11963964060000001,0.00035105269079999997,3.563205158999999e-05,0.0017106609500000002,0.18658631280000001,0.00035105269079999997,3.563205158999999e-05,0.0020206791100000005,0.518720436,0.00035105269079999997,3.563205158999999e-05,0.00217221935,0.554758195,0.00035105269079999997,3.563205158999999e-05,2.502608871459961
155,1656635400,6.56283653e-05,6.562838580000002e-05,-0.6899984455200001,41.909609652300006,0.062141450900000006,0.004410887779999999,0.008752232549999999,0.0067873399599999995,0.00010696745948999997,0.0009805403257999998,15.134615149999998,71.6,1.589347332e-05,8.26784531e-06,1.97543894e-06,8.925029799999999e-07,6.316298579999999e-07,5.30957155e-07,4.4472427e-07,3.7853494100000007e-07,8.014230670000001e-07,1.9224772699999998e-07,2.8053709900000003e-06,76.6192384,32.51698005,1.762835932e-09,9.039709499999999,0.00152549743,0.12861885609999998,0.0003958321109,3.930663647e-05,0.0016664556100000002,0.3361864654,0.0003958321109,3.930663647e-05,0.0018047485699999998,0.470969906,0.0003958321109,3.930663647e-05,0.0019773612299999995,0.6762626819999998,0.0003958321109,3.930663647e-05,2.502640891075134
155,1656636000,8.15110575e-05,8.15110615e-05,0.589976438754,43.59930440105,0.09481459810000001,0.00435056229,0.00865744205,0.00672400938,0.00016209991679999998,0.0016627407813000002,14.7622377,52.9,1.8872498270000003e-05,1.152387471e-05,3.1589047e-06,1.298483758e-06,7.210417540000001e-07,5.264792260000001e-07,4.39984218e-07,3.85174186e-07,8.164342350000001e-07,1.91000642e-07,2.82156132e-06,76.81450659999999,34.20557693,2.256259425e-09,9.04373525,0.00152145776,0.1172036863,0.0012450580594499999,0.00011825809006,0.0016253765600000001,0.2642657805,0.0012450580594499999,0.00011825809006,0.00177444298,0.9651974883999997,0.0012450580594499999,0.00011825809006,0.0019224946699999998,0.7149117109999998,0.0012450580594499999,0.00011825809006,2.5026305437088014
155,1656636600,3.9395212099999996e-05,3.93952241e-05,0.21070731949000004,8.535204839935,0.0471010394,0.004548557140000001,0.0092130185,0.007139458059999999,2.4046154579999998e-05,0.00023554115960000002,18.954545200000002,77.6,7.95717898e-06,3.75962296e-06,1.32978807e-06,8.719820999999999e-07,6.3889951e-07,5.193665489999999e-07,4.25942999e-07,3.6540381599999995e-07,8.13769864e-07,1.9533288799999998e-07,2.8201775e-06,78.1264272,31.89847205,9.177321510000001e-10,9.0786795,0.00153554543,0.11591392730000001,0.00013688019425000001,1.4321298419999999e-05,0.0016789300299999998,0.1477537129,0.00013688019425000001,1.4321298419999999e-05,0.00195554138,0.30509256999999995,0.00013688019425000001,1.4321298419999999e-05,0.0020995316800000003,0.292062295,0.00013688019425000001,1.4321298419999999e-05,2.502926993370056
155,1656637200,4.89324622e-05,4.89324907e-05,0.52334518238,11.1558132083,0.05772625969999999,0.004520707779999999,0.00906700995,0.00699328325,4.4292950940000005e-05,0.0003235592883,17.603146700000003,55.9,1.2481158580000002e-05,3.876570670000001e-06,1.46098308e-06,8.81370104e-07,6.320320830000001e-07,5.063282570000001e-07,4.3345741799999997e-07,3.81493483e-07,7.97433386e-07,1.90771984e-07,2.82451126e-06,77.826074,32.57766427,1.236856676e-09,9.0663817,0.00151881878,0.11350848360000002,0.0004754063410000001,4.6159942560000004e-05,0.0016944764399999999,0.160898312,0.0004754063410000001,4.6159942560000004e-05,0.0019376311,0.532677324,0.0004754063410000001,4.6159942560000004e-05,0.00205146921,0.32698018400000006,0.0004754063410000001,4.6159942560000004e-05,2.5025853395462034
155,1656637800,3.085489e-05,3.08549019e-05,-0.01652543754,1.278765556896,0.026078406399999997,0.004337610090000001,0.0088893953,0.00692210467,6.569606059999999e-06,5.90660931e-05,16.410839300000003,48.1,4.81071606e-06,2.81600405e-06,1.21392541e-06,8.33221345e-07,6.09350308e-07,5.179254330000001e-07,4.38400843e-07,3.72273144e-07,7.9961694e-07,1.8947446e-07,2.8264467400000003e-06,80.1424629,35.2778957,6.49688519e-10,9.1221175,0.00152617623,0.11290617409999999,2.310516986e-05,3.69003009e-06,0.00163927689,0.1322838965,2.310516986e-05,3.69003009e-06,0.00178987819,0.17837159500000002,2.310516986e-05,3.69003009e-06,0.0019192991100000002,0.193881916,2.310516986e-05,3.69003009e-06,2.502662467956543
155,1656638400,0.0003753273139,0.0003753273303,0.8676566822,47.12637035499999,0.19579430060000003,0.00481098904,0.008770029149999999,0.00682432467,0.00147993077102,0.015774400604800003,15.28321655,72.9,0.00016508965315000006,1.2010203070000001e-05,3.17246592e-06,1.3113543829999999e-06,8.887110320000001e-07,5.4139433e-07,4.3947290999999997e-07,3.8098832000000007e-07,8.074431209999999e-07,1.95366119e-07,2.82660693e-06,74.30355169999999,32.0140017,1.2206068826999998e-08,8.950628199999999,0.00153989469,0.1460172736,0.00690314390807,0.0007922053623699999,0.00167949014,0.38313604600000006,0.00690314390807,0.0007922053623699999,0.0022310347500000003,8.397150348,0.00690314390807,0.0007922053623699999,0.0020917235200000003,1.5388658510000002,0.00690314390807,0.0007922053623699999,2.5024471521377563
155,1656639000,0.00010711307869999998,0.00010711308680000002,0.8436976549399999,46.68654804215,0.1186228403,0.004605694590000001,0.00904119005,0.0069973957100000015,0.00023195545855000002,0.0023983154312,17.893356750000002,75.0,2.427149916e-05,1.536666142e-05,4.866437429999999e-06,2.26788125e-06,1.223798729e-06,7.700529189999999e-07,5.338528990000001e-07,4.02354768e-07,8.17625545e-07,1.9073135100000004e-07,2.84561701e-06,75.27239799999998,31.3112395,3.0241930359999998e-09,9.0172473,0.0015185406999999999,0.1582751301,0.0005081280008,4.937704406e-05,0.0017328267799999997,0.9042999750999998,0.0005081280008,4.937704406e-05,0.00198080226,0.528479409,0.0005081280008,4.937704406e-05,0.0021089550500000003,1.201447575,0.0005081280008,4.937704406e-05,2.5027134895324705
155,1656639600,9.647439319999998e-05,9.647440369999998e-05,-0.577996215045,17.89169574116,0.0552324017,0.00467357777,0.009037197849999998,0.00696419672,0.00022229070081,0.0023215547085,17.2045456,61.4,3.280225256e-05,7.0588726799999994e-06,1.6153282200000001e-06,9.400464579999999e-07,6.63742996e-07,5.366735969999999e-07,4.2827099400000007e-07,3.75112416e-07,8.119283660000001e-07,1.9389312500000003e-07,2.8110316e-06,76.7255656,32.8160604,2.818075382e-09,9.02532495,0.0015339829899999999,0.1192481801,0.0008880613264300001,0.00010459778460999999,0.0016909595499999999,0.206314012,0.0008880613264300001,0.00010459778460999999,0.00203228361,1.286942848,0.0008880613264300001,0.00010459778460999999,0.0021807328,0.881636991,0.0008880613264300001,0.00010459778460999999,2.5027003049850465
155,1656640200,6.460533889999999e-05,6.4605368e-05,0.01321290279999999,42.26896418513,0.08672845250000001,0.00457048361,0.00905796905,0.00699741232,9.443020606e-05,0.0007686990609000001,17.599650450000002,89.4,1.752929292e-05,6.3698641900000005e-06,1.62398385e-06,9.96288405e-07,6.56221168e-07,5.32072315e-07,4.4018342000000003e-07,3.5922448600000003e-07,7.947293059999999e-07,1.9220331899999998e-07,2.80850241e-06,74.9539589,28.98209584,1.725965926e-09,9.00770075,0.00153642871,0.1191705475,0.0004130267408,4.104124382e-05,0.0017172236799999998,0.247387407,0.0004130267408,4.104124382e-05,0.00199107826,0.4932843429999999,0.0004130267408,4.104124382e-05,0.0020936787700000003,0.722604249,0.0004130267408,4.104124382e-05,2.5026516675949098
155,1656640800,3.27445401e-05,3.27450589e-05,0.3879681258999999,7.88402889038,0.037016259600000004,0.0043161313299999995,0.0088317607,0.00683941218,7.2458629100000016e-06,6.964016359999999e-05,16.173077,48.4,5.42648891e-06,3.0945819699999996e-06,1.23121525e-06,8.589198920000001e-07,6.470447559999999e-07,5.10451091e-07,4.1706042399999995e-07,3.6631967899999996e-07,8.21325563e-07,1.9167419700000003e-07,2.8076333400000003e-06,79.716984,35.185642200000004,7.07469526e-10,9.1158113,0.00152786052,0.11342606259999999,2.8573215970000004e-05,3.85504469e-06,0.0016175497700000002,0.12987016799999998,2.8573215970000004e-05,3.85504469e-06,0.0017103967500000001,0.174829238,2.8573215970000004e-05,3.85504469e-06,0.0019133706599999997,0.188337738,2.8573215970000004e-05,3.85504469e-06,2.502674412727356
155,1656641400,3.43007889e-05,3.43008052e-05,-0.059315742129999995,4.4546296673,0.0329672706,0.00434295284,0.0087827032,0.00684631084,1.738001352e-05,0.00015946721280000003,15.524475399999996,56.8,6.17573225e-06,3.0850209799999996e-06,1.27914079e-06,8.121037629999999e-07,6.293447450000001e-07,5.17740005e-07,4.401133099999999e-07,3.73407581e-07,8.120292459999999e-07,1.9636404e-07,2.82935947e-06,79.7570575,34.9412697,7.578710249999999e-10,9.1091926,0.00151817203,0.112249698,8.330902525e-05,1.1099133440000001e-05,0.0016325023399999996,0.14225801200000002,8.330902525e-05,1.1099133440000001e-05,0.00173370859,0.243907958,8.330902525e-05,1.1099133440000001e-05,0.0019557329899999995,0.215953725,8.330902525e-05,1.1099133440000001e-05,2.5026840686798097
155,1656642000,3.37672836e-05,3.37672973e-05,0.40359315607,13.340417139999996,0.043147160899999995,0.004330747939999999,0.0088514323,0.00684888706,2.086712348e-05,0.0002166775859,15.664335900000001,68.3,5.716882069999999e-06,3.28345411e-06,1.30841595e-06,8.56911161e-07,6.396771570000001e-07,5.04452966e-07,4.1500075700000004e-07,3.62787792e-07,7.96103479e-07,1.90610847e-07,2.8092683699999998e-06,79.2015956,33.9236704,7.40429473e-10,9.1035325,0.00153084792,0.1139293616,0.00014806409430000002,1.466584554e-05,0.00165864584,0.1436859184,0.00014806409430000002,1.466584554e-05,0.00172692961,0.24121109400000001,0.00014806409430000002,1.466584554e-05,0.00193065501,0.20445664199999997,0.00014806409430000002,1.466584554e-05,2.502708649635315
155,1656642600,4.16780637e-05,4.16781373e-05,0.42192936897,36.764869470650005,0.0656669899,0.0044240519800000004,0.0088832981,0.006902267839999999,5.754755475999999e-05,0.0006076687731999999,16.305944150000002,82.0,8.757331510000001e-06,3.84064036e-06,1.32435778e-06,8.109255750000001e-07,6.95528564e-07,6.85296381e-07,4.64878818e-07,3.9876692800000004e-07,8.672320400000001e-07,1.8947500399999998e-07,2.8046215299999998e-06,77.0068535,30.911025700000003,9.82606555e-10,9.0618454,0.0015457898600000001,0.124213664,0.00021406975669000005,2.2463216489999997e-05,0.0016343332000000003,0.1635867385,0.00021406975669000005,2.2463216489999997e-05,0.0018329933199999998,0.32767140699999997,0.00021406975669000005,2.2463216489999997e-05,0.0019436194599999998,0.299510833,0.00021406975669000005,2.2463216489999997e-05,2.5027387142181396
155,1656643200,3.1642717500000006e-05,3.1642728800000004e-05,0.182009273227,4.246052464400001,0.0361256331,0.004384930469999999,0.00900205185,0.007002907060000001,8.28237232e-06,8.10693929e-05,17.3828668,62.3,5.01685264e-06,3.00093982e-06,1.2458276399999999e-06,8.230863560000001e-07,6.410564740000001e-07,4.91579046e-07,4.3024658400000003e-07,3.6858100900000004e-07,7.928797760000002e-07,1.9265698799999999e-07,2.81763197e-06,79.6816445,34.0811556,6.72105201e-10,9.1147624,0.0015196340600000002,0.11231304660000001,3.3785238999999996e-05,4.05876473e-06,0.0016349088800000002,0.1379418694,3.3785238999999996e-05,4.05876473e-06,0.00184476542,0.185223686,3.3785238999999996e-05,4.05876473e-06,0.00196650041,0.20506529499999998,3.3785238999999996e-05,4.05876473e-06,2.5026848793029783
155,1656643800,3.22002459e-05,3.220026089999999e-05,-0.34970459557000005,9.976166582400001,0.029619827999999997,0.00432182638,0.00882702165,0.0068821874500000005,1.1319987260000002e-05,0.00010334813340000002,15.708042,57.6,5.30151209e-06,3.01535983e-06,1.29059581e-06,8.0744153e-07,5.97933663e-07,5.03227237e-07,4.2460941300000003e-07,3.53310069e-07,8.005569359999999e-07,1.9107382500000003e-07,2.8144620199999998e-06,79.79220959999999,34.6487403,6.92719086e-10,9.1135111,0.00151533187,0.1129941758,6.72690653e-05,7.74712114e-06,0.0016211050799999998,0.1278241766,6.72690653e-05,7.74712114e-06,0.0017480504099999996,0.2069115835,6.72690653e-05,7.74712114e-06,0.0019510279700000002,0.211787035,6.72690653e-05,7.74712114e-06,2.5025968313217164
155,1656644400,3.28538197e-05,3.28538282e-05,0.16176174373000002,7.3121378201,0.0417994264,0.0044109164,0.0090292091,0.007015394669999999,9.92823595e-06,8.439202119999998e-05,17.655594400000002,57.2,5.38594747e-06,3.15266583e-06,1.28460422e-06,8.42884526e-07,6.095714250000001e-07,5.019077919999999e-07,4.430253070000001e-07,3.74455487e-07,8.10096453e-07,1.9091592700000001e-07,2.83073793e-06,79.23458409999999,33.3188026,7.075554599999999e-10,9.1054971,0.00151973065,0.11266599940000002,4.732703325e-05,5.3214148600000005e-06,0.00166236112,0.13627071500000001,4.732703325e-05,5.3214148600000005e-06,0.0018335186900000002,0.189804475,4.732703325e-05,5.3214148600000005e-06,0.00199170603,0.23580113200000002,4.732703325e-05,5.3214148600000005e-06,2.502706789970398
155,1656645000,8.09785166e-05,8.09785284e-05,-0.7332181295,31.121020504900002,0.06108870270000001,0.00452425199,0.00896457615,0.006961391270000001,0.00015189726543000001,0.0015551237390000001,16.671328600000002,57.3,2.3533710259999997e-05,8.73413387e-06,1.60636814e-06,8.38908467e-07,6.308437930000001e-07,5.12923622e-07,4.304191900000001e-07,3.8256226e-07,8.09413036e-07,1.9128324500000002e-07,2.81861285e-06,76.75401039999998,32.79860923,2.285874379e-09,9.030179500000001,0.00153803565,0.12090099250000001,0.00030182281964999993,3.7916247240000006e-05,0.00168922051,0.26908758699999996,0.00030182281964999993,3.7916247240000006e-05,0.0018847957300000002,0.51793647,0.00030182281964999993,3.7916247240000006e-05,0.0021024231599999998,1.142471273,0.00030182281964999993,3.7916247240000006e-05,2.502672266960144
155,1656645600,5.440119259999999e-05,5.44012003e-05,0.6072238226500001,39.43384560926,0.0746634097,0.0043435352,0.0087409463,0.006794112399999999,9.53518591e-05,0.0010011183084,15.194056,59.5,1.059147316e-05,6.915763530000001e-06,2.48158977e-06,1.235419226e-06,7.542918430000001e-07,5.712002990000001e-07,4.4254204799999996e-07,3.75928742e-07,8.20799248e-07,1.9230468600000003e-07,2.81922665e-06,77.43748430000001,33.8756666,1.3726481980000002e-09,9.06680935,0.00154703476,0.173575296,0.00025099186559999993,2.800370683e-05,0.0016838234899999999,0.3577078605,0.00025099186559999993,2.800370683e-05,0.0017364007699999999,0.398332078,0.00025099186559999993,2.800370683e-05,0.0019032792100000002,0.359310445,0.00025099186559999993,2.800370683e-05,2.502648687362671
155,1656646200,2.7756874200000004e-05,2.7756884800000004e-05,0.08810937347,1.02012425105,0.027812967699999996,0.00417028,0.008541265099999999,0.00666559026,3.77108859e-06,3.25184463e-05,13.839160750000001,47.6,3.4698319500000003e-06,2.59587773e-06,1.26980155e-06,8.05664248e-07,6.104248619999999e-07,5.06921999e-07,4.25092278e-07,3.66070262e-07,8.071596030000001e-07,1.91310707e-07,2.8302218500000003e-06,81.3139092,37.966360400000006,5.542409999999999e-10,9.1425878,0.00149669068,0.10900675150000001,1.991209737e-05,2.4745314e-06,0.00161543751,0.12814024699999998,1.991209737e-05,2.4745314e-06,0.0015885084100000003,0.1283141685,1.991209737e-05,2.4745314e-06,0.0017998707700000002,0.16305514999999998,1.991209737e-05,2.4745314e-06,2.5026587009429933
155,1656646800,0.00011710023120000001,0.00011710024260000003,0.40475919141,34.398717766199994,0.1049377826,0.00450797199,0.0088381291,0.00688525886,0.0004086088981,0.0043555915863,15.7727272,46.5,3.9328213419999996e-05,1.056490659e-05,1.5602313700000002e-06,1.160784515e-06,6.9808925e-07,5.93919854e-07,4.4166944400000006e-07,3.7757029700000003e-07,8.09842231e-07,1.9781207099999996e-07,2.81699859e-06,76.65584550000001,33.615233970000006,3.4887384759999998e-09,9.021243140000001,0.0015392066999999998,0.12548138479999998,0.0009214689122599999,9.068424348999999e-05,0.00164855257,0.23315883359999998,0.0009214689122599999,9.068424348999999e-05,0.00184976185,0.8657371445000003,0.0009214689122599999,9.068424348999999e-05,0.0021115106299999997,1.8549208390000005,0.0009214689122599999,9.068424348999999e-05,2.5025890588760378
155,1656647400,3.10228993e-05,3.1022923100000005e-05,0.0212587562,1.1056468945,0.028517280300000003,0.004349414750000001,0.008910242799999999,0.0069151894000000005,6.399219030000001e-06,5.5067850199999995e-05,16.5139861,50.9,4.85352001e-06,2.7848961999999996e-06,1.3004471099999999e-06,8.516035349999999e-07,6.04454766e-07,4.93611233e-07,4.207466009999999e-07,3.6864738400000005e-07,7.991706050000001e-07,1.9345116600000002e-07,2.8408430900000002e-06,80.2107751,35.4119063,6.54349976e-10,9.1221598,0.001525381,0.11288113809999997,4.062752125000001e-05,4.77244583e-06,0.0016470361799999999,0.13321577939999998,4.062752125000001e-05,4.77244583e-06,0.0017616593400000002,0.1820693084,4.062752125000001e-05,4.77244583e-06,0.0019224560499999997,0.19476730200000003,4.062752125000001e-05,4.77244583e-06,2.502712607383728
155,1656648000,0.00020149523409999996,0.00020149525119999998,0.13121251489999997,57.477535396500016,0.15623855130000003,0.0046989464800000005,0.008885864349999998,0.00685931399,0.00046544984187,0.0045336574176999996,16.3164337,74.9,5.7365745050000004e-05,2.9055331300000002e-05,5.99480651e-06,1.647154732e-06,8.895433149999999e-07,8.432334550000001e-07,5.895729219999999e-07,4.49162357e-07,8.70229603e-07,1.9097557899999998e-07,2.85185611e-06,73.668894,31.3773155,6.140771819999999e-09,8.96144237,0.00159720727,0.22431533490000005,0.0032711119716,0.00031253118834,0.00174298453,1.4533770199,0.0032711119716,0.00031253118834,0.0020101098699999995,2.3307077854,0.0032711119716,0.00031253118834,0.00209873961,1.4619792019999998,0.0032711119716,0.00031253118834,2.502783012390137
155,1656648600,2.9537891200000006e-05,2.9537904600000005e-05,0.10143053819999999,1.7975065737000002,0.0332163553,0.00427616421,0.00879906825,0.00683305293,6.61247932e-06,6.74859037e-05,15.230768899999998,52.2,4.3591468100000005e-06,2.59981994e-06,1.22905175e-06,8.199623400000002e-07,6.405750450000001e-07,5.07078218e-07,4.39518555e-07,3.58203643e-07,8.05079568e-07,1.94299391e-07,2.81614476e-06,80.5981664,35.8729511,6.08817047e-10,9.12924625,0.0015250800400000001,0.11253961940000001,2.1697544300000002e-05,2.90678815e-06,0.00160591273,0.12726619749999998,2.1697544300000002e-05,2.90678815e-06,0.0016808709700000001,0.148891146,2.1697544300000002e-05,2.90678815e-06,0.00191986512,0.19181802800000003,2.1697544300000002e-05,2.90678815e-06,2.502612519264221
155,1656649200,2.9799510499999997e-05,2.9799525e-05,0.03748602239999999,3.0644960414000004,0.03597275069999999,0.00423670077,0.008660144050000002,0.006728781540000001,7.835529419999998e-06,7.085118839999999e-05,14.7325176,50.4,3.6314768800000007e-06,2.6089048300000005e-06,1.2558273300000002e-06,8.63702878e-07,7.43977006e-07,8.278797790000001e-07,6.666771080000001e-07,4.06137586e-07,8.75901932e-07,1.91162561e-07,2.82803293e-06,80.367669,37.2086977,6.058088449999999e-10,9.1304745,0.00155946762,0.1387668526,1.1076227909999999e-05,1.7293562400000002e-06,0.00161683925,0.12933494539999998,1.1076227909999999e-05,1.7293562400000002e-06,0.00160734313,0.1275583501,1.1076227909999999e-05,1.7293562400000002e-06,0.0017892610199999998,0.172392139,1.1076227909999999e-05,1.7293562400000002e-06,2.5026270389556884
155,1656649800,4.0034945e-05,4.00349701e-05,0.9046280801000002,19.455090500300006,0.06132825489999999,0.00455195742,0.009371729950000001,0.007176698070000001,1.5804538470000003e-05,0.0001435462942,19.1975526,55.8,7.2158237900000006e-06,3.8129013599999994e-06,1.58152182e-06,9.79838721e-07,7.63312597e-07,6.17406941e-07,5.10609057e-07,4.30571888e-07,9.06358942e-07,2.0017112200000002e-07,2.9989182799999996e-06,78.4934092,34.55820245,9.118693739999998e-10,9.096016549999998,0.0015585933099999999,0.1378494911,0.00012398630974,1.2850378860000003e-05,0.00172791774,0.168457102,0.00012398630974,1.2850378860000003e-05,0.0019317401700000001,0.30771943040000005,0.00012398630974,1.2850378860000003e-05,0.00205318282,0.24174997400000003,0.00012398630974,1.2850378860000003e-05,2.50266489982605
155,1656650400,2.83135816e-05,2.83135949e-05,-0.001503676800000001,0.13705406935,0.023502391100000002,0.0042293120400000005,0.00872835,0.00677375697,3.31962541e-06,2.68692299e-05,15.0244755,40.9,3.50602205e-06,2.5764928e-06,1.23382141e-06,8.355748999999999e-07,6.36817728e-07,6.392374059999999e-07,4.57174695e-07,3.9494586499999996e-07,8.51214403e-07,1.9436437399999999e-07,2.8311305500000004e-06,80.93760549999999,37.717494699999996,5.6604526e-10,9.140814500000001,0.00153399805,0.11901304189999999,8.97989962e-06,1.54929233e-06,0.00160462333,0.1253149016,8.97989962e-06,1.54929233e-06,0.00161971488,0.1277087136,8.97989962e-06,1.54929233e-06,0.0018545025700000002,0.16562031700000002,8.97989962e-06,1.54929233e-06,2.502778196334839
155,1656651000,3.4139094700000005e-05,3.4139103e-05,0.27252357057,6.201522342630001,0.0419975351,0.00438260095,0.008942350800000002,0.00691570499,1.286239567e-05,0.00011446490729999996,16.5087414,54.5,6.03514362e-06,3.11579044e-06,1.3258820099999998e-06,8.32542741e-07,6.358485879999999e-07,4.97574019e-07,4.35380564e-07,3.69700617e-07,8.10084647e-07,1.9717601799999998e-07,2.81428975e-06,79.4841496,34.2951914,7.530240850000001e-10,9.1049358,0.0015367552600000002,0.11532713720000001,8.924774167999999e-05,9.170518789999999e-06,0.00165039235,0.135204825,8.924774167999999e-05,9.170518789999999e-06,0.0017889169900000002,0.21677209049999996,8.924774167999999e-05,9.170518789999999e-06,0.00196421181,0.244702004,8.924774167999999e-05,9.170518789999999e-06,2.5026398420333864
155,1656651600,4.9028048099999995e-05,4.902809269999999e-05,0.48380454521000005,39.9428334098,0.08239304959999999,0.00460377128,0.00923042995,0.007128012730000001,7.791728362000001e-05,0.0008126528052999999,18.548951100000004,91.3,1.086481672e-05,4.892380780000001e-06,1.6751662900000002e-06,1.066716092e-06,7.60126973e-07,5.65641795e-07,4.5486063300000006e-07,3.75607778e-07,8.25757638e-07,1.9593945300000002e-07,2.83696517e-06,75.31948689999999,28.0625356,1.19977577e-09,9.0309622,0.0015531052800000001,0.1481972454,0.00021604138079999997,2.1957661899999996e-05,0.00167050067,0.152426317,0.00021604138079999997,2.1957661899999996e-05,0.0019667987499999997,0.36057841599999996,0.00021604138079999997,2.1957661899999996e-05,0.0021341355600000005,0.4710487409999999,0.00021604138079999997,2.1957661899999996e-05,2.502796101570129
155,1656652200,3.1019678000000004e-05,3.10196929e-05,-0.23220960347,5.70486906637,0.0312595989,0.00429507394,0.0087871114,0.006822434329999999,1.265815455e-05,0.00012055073400000001,15.772727500000002,62.1,4.70092394e-06,2.9009917599999996e-06,1.32052637e-06,8.35174433e-07,6.279527130000001e-07,5.236980360000001e-07,4.3289690499999996e-07,3.77479475e-07,7.93982573e-07,1.9283309100000003e-07,2.80332315e-06,79.8805039,35.161186400000005,6.53188537e-10,9.11928035,0.00152840113,0.1141591215,2.94204174e-05,4.06454917e-06,0.0016251567200000002,0.141319549,2.94204174e-05,4.06454917e-06,0.00170760566,0.16659866439999998,2.94204174e-05,4.06454917e-06,0.0018944826800000002,0.20058276699999994,2.94204174e-05,4.06454917e-06,2.5026669025421144
155,1656652800,4.2795122299999995e-05,4.27951375e-05,-0.24176096774999997,40.6863239885,0.05270112219999999,0.00435963487,0.0087647345,0.00681273749,7.096645025999999e-05,0.0007533290309000001,15.585664099999999,63.9,9.589309110000001e-06,3.7381782800000005e-06,1.40334599e-06,8.873684160000002e-07,6.299288529999998e-07,5.181283069999999e-07,4.3918692299999996e-07,3.7082834000000006e-07,8.05615092e-07,1.9026401799999997e-07,2.82538277e-06,77.934044,32.7984937,1.0262829129999999e-09,9.072207350000001,0.0015283871299999999,0.11358889539999999,0.00019145952475000004,2.004781083e-05,0.00164020633,0.172064892,0.00019145952475000004,2.004781083e-05,0.0017261044400000002,0.2914803805,0.00019145952475000004,2.004781083e-05,0.00197490486,0.379829933,0.00019145952475000004,2.004781083e-05,2.5026630640029905
155,1656653400,2.7291370800000005e-05,2.7291383500000003e-05,-0.018374751279999997,0.38814338710000007,0.022375816200000002,0.004151053,0.008577198000000001,0.0066812992900000005,3.5333730100000005e-06,3.13484128e-05,13.8164336,35.4,3.4590096699999995e-06,2.45190809e-06,1.21865692e-06,7.942010280000001e-07,6.247776260000001e-07,5.2529109e-07,4.13922606e-07,3.6039911799999995e-07,7.861187989999999e-07,1.9129841e-07,2.81992337e-06,81.4861814,38.224460500000006,5.42910029e-10,9.144880350000001,0.0015083159899999998,0.11055992249999999,1.2425719209999999e-05,1.92998908e-06,0.0015866867900000002,0.12185026460000001,1.2425719209999999e-05,1.92998908e-06,0.00159452395,0.1291627249,1.2425719209999999e-05,1.92998908e-06,0.0017963375800000001,0.156278887,1.2425719209999999e-05,1.92998908e-06,2.5026925086975096
155,1656654000,0.000102358858,0.00010235886349999998,-0.642415473962,43.6371238741,0.0919737231,0.00462449672,0.0088490381,0.00678241472,0.0002504390137,0.002613948702,15.627622499999998,77.0,3.628168544e-05,6.27264789e-06,1.7599797400000003e-06,1.033579408e-06,6.71853509e-07,5.283583680000001e-07,4.4096387899999994e-07,3.64937361e-07,8.18442338e-07,1.9484484900000003e-07,2.81208592e-06,75.1132456,32.18684473,2.998088414e-09,8.98110015,0.00154344769,0.1308563436,0.00111127262007,0.00011881796263999999,0.0016923968099999999,0.24977687950000002,0.00111127262007,0.00011881796263999999,0.00198462375,1.3207801475999998,0.00111127262007,0.00011881796263999999,0.00209320834,0.959803507,0.00111127262007,0.00011881796263999999,2.502671790122986
155,1656654600,2.7105678300000002e-05,2.71056903e-05,-0.015841317060000002,0.0876990583,0.0223544241,0.00414683247,0.0085336101,0.00665170536,2.6284157099999997e-06,2.167154605e-05,13.4842656,35.0,3.3149616800000004e-06,2.4736160699999996e-06,1.2457155700000001e-06,8.09162217e-07,6.159149469999999e-07,5.057445810000001e-07,4.1908680099999997e-07,3.67430676e-07,7.87540287e-07,1.9508617100000002e-07,2.81846463e-06,81.65296950000001,38.5284439,5.363918449999999e-10,9.147563700000001,0.00150800657,0.10967295940000002,1.0126205649999999e-05,1.5745465200000001e-06,0.0016068699999999998,0.12579734210000001,1.0126205649999999e-05,1.5745465200000001e-06,0.00157087305,0.12064495950000001,1.0126205649999999e-05,1.5745465200000001e-06,0.00177938066,0.155399709,1.0126205649999999e-05,1.5745465200000001e-06,2.502677154541016
155,1656655200,2.67277107e-05,2.67277233e-05,0.022073192043999997,0.16242637012000002,0.025352133399999997,0.004121904429999999,0.008498679549999999,0.00660749706,2.5437810600000004e-06,2.2449495200000002e-05,13.2465034,30.7,3.18912829e-06,2.4127408500000004e-06,1.2237353e-06,8.20024213e-07,6.131185029999999e-07,5.04962988e-07,4.1573591400000004e-07,3.66806155e-07,8.063372260000001e-07,1.89985963e-07,2.8212193699999995e-06,81.6897334,38.930625,5.23848588e-10,9.15183165,0.0015096806799999999,0.1110807326,7.712981489999998e-06,1.41287017e-06,0.00158588333,0.1217344449,7.712981489999998e-06,1.41287017e-06,0.0015778185599999999,0.11922709450000002,7.712981489999998e-06,1.41287017e-06,0.0017511949500000003,0.148308873,7.712981489999998e-06,1.41287017e-06,2.502682399749756
155,1656655800,2.8638123899999997e-05,2.8638145099999994e-05,0.12848284725,2.41130947014,0.0334827177,0.0042210263799999995,0.008670118850000002,0.00675980152,4.699678279999999e-06,4.14740834e-05,14.7692305,48.9,3.79090753e-06,2.6578377800000005e-06,1.22111898e-06,8.32016392e-07,6.411382850000001e-07,5.256593469999999e-07,4.2719386699999995e-07,3.73723213e-07,8.2056414e-07,1.9650369299999997e-07,2.83233035e-06,80.91707520000001,37.1038495,5.79302642e-10,9.13830905,0.0015240851000000001,0.1135011602,1.646791388e-05,2.2773730099999997e-06,0.00162077869,0.128275361,1.646791388e-05,2.2773730099999997e-06,0.0016279378000000001,0.1349068054,1.646791388e-05,2.2773730099999997e-06,0.0018388354700000001,0.173693798,1.646791388e-05,2.2773730099999997e-06,2.5027055501937867
155,1656656400,5.867611569999999e-05,5.8676136e-05,-0.8101476064000002,29.035792155770004,0.0461455952,0.004521321619999999,0.008986949550000001,0.006886277120000001,0.00011942110759000001,0.001234778297,16.928322,64.7,1.555017375e-05,5.40227972e-06,1.53319505e-06,8.887926139999999e-07,6.99288179e-07,5.84164574e-07,4.36520942e-07,3.67912587e-07,8.46933123e-07,1.94261401e-07,2.8345031399999997e-06,77.39008510000001,33.355392540000004,1.542450936e-09,9.0542749,0.0015476289399999998,0.12729008139999998,0.00028620813696,3.077455876e-05,0.0016696546099999997,0.226671581,0.00028620813696,3.077455876e-05,0.0018652479599999996,0.458642142,0.00028620813696,3.077455876e-05,0.0020273402699999997,0.59589799,0.00028620813696,3.077455876e-05,2.5026753664016725
155,1656657000,2.9393735300000003e-05,2.9393749599999993e-05,-0.018996337847,3.8885901681,0.0371474313,0.0042105992699999996,0.00862698035,0.00670036592,6.384031780000001e-06,5.81155619e-05,14.096153750000003,52.2,4.1785771e-06,2.70658798e-06,1.2008666299999999e-06,8.59462686e-07,6.248930879999999e-07,5.00406017e-07,4.2961995999999997e-07,3.6686766399999995e-07,8.105221499999999e-07,1.9002105599999997e-07,2.8289961099999996e-06,80.7434164,36.7419779,6.03429875e-10,9.132526949999999,0.0015095709500000001,0.11082333690000001,4.529160743e-05,4.9651608e-06,0.00160723713,0.131611869,4.529160743e-05,4.9651608e-06,0.00160627149,0.15797895239999998,4.529160743e-05,4.9651608e-06,0.0018313986000000001,0.172091935,4.529160743e-05,4.9651608e-06,2.502677631378174
155,1656657600,2.9301332299999996e-05,2.9301349e-05,-0.003664363970000001,1.6843951251,0.029385122000000003,0.004199316789999999,0.008585607149999999,0.006685591770000001,7.220061370000001e-06,6.016613320000001e-05,14.0821681,49.0,4.21376728e-06,2.6207891900000003e-06,1.23211921e-06,8.416044960000001e-07,6.304149129999999e-07,5.05006609e-07,4.18931046e-07,3.69172819e-07,8.025363329999999e-07,1.8979537300000002e-07,2.8265024900000003e-06,80.8865995,37.0664278,6.02935407e-10,9.1343186,0.0015072570799999998,0.1103567684,2.4916344170000005e-05,3.7571903100000004e-06,0.00162695243,0.1321984074,2.4916344170000005e-05,3.7571903100000004e-06,0.0015835485399999997,0.14847053899999998,2.4916344170000005e-05,3.7571903100000004e-06,0.00182343832,0.18143215499999998,2.4916344170000005e-05,3.7571903100000004e-06,2.502667546272278
155,1656658200,3.71595678e-05,3.71595905e-05,-0.3245343797,13.350926826900002,0.036159188999999994,0.004295523210000001,0.008693595,0.006750999390000001,3.132390084e-05,0.0002891122983999999,14.828671050000002,57.7,7.361614590000001e-06,3.1744313799999995e-06,1.24813022e-06,8.521183600000001e-07,6.36931467e-07,6.55199176e-07,4.64549569e-07,3.73123538e-07,8.10572497e-07,1.86438818e-07,2.8166472599999998e-06,79.4440254,35.398706000000004,8.53440806e-10,9.10340975,0.0015437043899999999,0.12076877450000001,0.00023825285797999998,2.3334551460000003e-05,0.00160594693,0.12947447639999998,0.00023825285797999998,2.3334551460000003e-05,0.0016870633500000003,0.3191919034,0.00023825285797999998,2.3334551460000003e-05,0.0018607704299999999,0.223281821,0.00023825285797999998,2.3334551460000003e-05,2.5026965618133543
155,1656658800,3.09954122e-05,3.099541739999999e-05,-0.06606680287000001,3.9457646684000003,0.0314950666,0.004268648670000001,0.00871948505,0.006775318740000001,1.174275697e-05,0.00011008170760000002,15.1520981,55.6,4.936314219999999e-06,2.72854965e-06,1.29358251e-06,8.479145279999999e-07,6.002568909999999e-07,5.02586995e-07,4.13071188e-07,3.6717703500000003e-07,8.00295179e-07,1.9256397299999998e-07,2.81530612e-06,80.27402900000001,35.6911086,6.56414794e-10,9.121408550000002,0.00151201079,0.11137343470000001,5.039150167000001e-05,6.40723696e-06,0.0016344450100000002,0.13429267299999997,5.039150167000001e-05,6.40723696e-06,0.00169779156,0.199022578,5.039150167000001e-05,6.40723696e-06,0.0018573345600000003,0.179191579,5.039150167000001e-05,6.40723696e-06,2.5026861429214478
155,1656659400,2.8715043900000004e-05,2.8715059100000005e-05,-0.05492734117,0.7141077410100001,0.0238892697,0.00421140849,0.0086853214,0.006753538989999999,5.412250019999999e-06,4.17872833e-05,14.9160839,46.0,4.0166774399999995e-06,2.5047706599999996e-06,1.2078999799999998e-06,8.30502673e-07,6.51932318e-07,5.339947899999999e-07,4.4921219700000007e-07,3.61532149e-07,8.062911930000001e-07,1.9258452899999996e-07,2.8020963999999995e-06,81.06619789999999,37.335855,5.86618498e-10,9.137354299999998,0.00151679814,0.11301407919999999,1.758192539e-05,2.54075115e-06,0.0015979436399999997,0.1254359145,1.758192539e-05,2.54075115e-06,0.00159384718,0.1418835443,1.758192539e-05,2.54075115e-06,0.00183650307,0.17458267600000002,1.758192539e-05,2.54075115e-06,2.5027082920074464
155,1656660000,3.4529072499999996e-05,3.45290979e-05,0.38354141490000004,15.221869630900002,0.04471613370000001,0.004247656600000001,0.0086249194,0.00673272798,2.3134576019999998e-05,0.000225172076,14.4597904,59.8,6.6487533300000005e-06,2.76306848e-06,1.28332411e-06,8.08525483e-07,6.24247274e-07,5.09181286e-07,4.392130940000001e-07,3.60383982e-07,8.01513105e-07,1.93443643e-07,2.8328708e-06,79.8748676,35.4032955,7.694423330000002e-10,9.11163105,0.0015135714000000002,0.11266013909999999,0.00029496284389,2.827510086e-05,0.0016071905399999999,0.1358596911,0.00029496284389,2.827510086e-05,0.0016574465299999998,0.29881078949999995,0.00029496284389,2.827510086e-05,0.00182689457,0.172522161,0.00029496284389,2.827510086e-05,2.5026960134506226
155,1656660600,2.8103672699999998e-05,2.8103686600000005e-05,-0.0005815240000000006,1.2874031504999999,0.0283307316,0.0041879238700000005,0.008641443599999998,0.006693990889999999,4.515954259999999e-06,4.14724231e-05,14.486014050000003,42.4,3.67028994e-06,2.5615218500000002e-06,1.2317622100000001e-06,8.334423889999999e-07,6.228527370000001e-07,5.00088416e-07,4.18223467e-07,3.6583236900000006e-07,8.166040750000001e-07,1.91742153e-07,2.8394111199999995e-06,81.1430925,37.55718209999999,5.63362658e-10,9.141225500000001,0.00151643098,0.11156787099999999,2.236751647e-05,2.7791343e-06,0.0015957895899999998,0.1268338219,2.236751647e-05,2.7791343e-06,0.0016209078200000002,0.1345026784,2.236751647e-05,2.7791343e-06,0.0018169748500000004,0.165149186,2.236751647e-05,2.7791343e-06,2.502700614929199
155,1656661200,3.65146852e-05,3.6514694100000007e-05,-0.30218824424,11.2135004283,0.0430057564,0.00432930219,0.008706897,0.006721715939999999,3.003220032e-05,0.00029205155459999997,15.3024474,74.1,7.000793399999999e-06,3.2676306e-06,1.35457547e-06,8.43720129e-07,6.366898239999999e-07,5.10449108e-07,4.45727349e-07,3.63558627e-07,8.14365739e-07,1.8901406699999998e-07,2.83071256e-06,78.667732,32.991321000000006,8.25473236e-10,9.0910876,0.0015214267600000002,0.1165095119,0.00016031208326000002,1.905001553e-05,0.00161602663,0.1374527,0.00016031208326000002,1.905001553e-05,0.00176182397,0.318557858,0.00016031208326000002,1.905001553e-05,0.0018631959900000002,0.20602820500000002,0.00016031208326000002,1.905001553e-05,2.5026739835739136
155,1656661800,2.7259102799999996e-05,2.7259113800000003e-05,-0.0006109462100000003,0.004770219055,0.0218592663,0.00416548107,0.0085694459,0.006685166019999999,2.75530878e-06,2.2476192700000003e-05,13.830419600000003,35.0,3.4586665699999997e-06,2.44858494e-06,1.22539464e-06,8.01048189e-07,6.16262195e-07,4.95962568e-07,4.1614038300000003e-07,3.67420291e-07,7.940805980000001e-07,1.9260448700000001e-07,2.8132893899999997e-06,81.577833,38.161157100000004,5.42405246e-10,9.1455819,0.00150482301,0.11002812799999999,9.785873729999999e-06,1.67001734e-06,0.00160167929,0.1250096493,9.785873729999999e-06,1.67001734e-06,0.0016118769899999999,0.127574775,9.785873729999999e-06,1.67001734e-06,0.0017813515600000004,0.154702028,9.785873729999999e-06,1.67001734e-06,2.502695322036743
155,1656662400,3.59738135e-05,3.597382769999999e-05,0.20269674993999995,5.7257834003,0.041048947300000006,0.00433282657,0.008779169350000001,0.00677971438,2.1518569719999997e-05,0.00018128924229999997,15.3583916,60.6,6.771534779999999e-06,3.3382133600000007e-06,1.32313859e-06,8.314836989999998e-07,6.30141652e-07,5.05308128e-07,4.22727434e-07,3.60124559e-07,8.050699240000001e-07,1.90867582e-07,2.8082838699999996e-06,79.4819998,34.8227289,8.15147559e-10,9.1029762,0.0015210049500000002,0.113170281,6.669899129e-05,9.794722349999999e-06,0.00164123285,0.14423169900000002,6.669899129e-05,9.794722349999999e-06,0.00176585441,0.27469857799999997,6.669899129e-05,9.794722349999999e-06,0.0019084686200000003,0.233471892,6.669899129e-05,9.794722349999999e-06,2.5027048110961916
155,1656663000,2.79265762e-05,2.7926579599999997e-05,-0.03880117974,0.5631910301050002,0.022636218399999998,0.004187783169999999,0.008629194500000001,0.00671674983,4.434319829999999e-06,3.76019378e-05,14.227272500000002,42.7,3.65092943e-06,2.55969113e-06,1.20758382e-06,8.2901151e-07,6.1543297e-07,4.95191556e-07,4.2141504e-07,3.7017407500000005e-07,7.877057029999999e-07,1.90635316e-07,2.83549633e-06,81.2504463,37.565293499999996,5.62173731e-10,9.1395878,0.00150205331,0.1092598642,1.51975921e-05,2.34170219e-06,0.00160397307,0.12478907949999998,1.51975921e-05,2.34170219e-06,0.0015895068099999999,0.1313634385,1.51975921e-05,2.34170219e-06,0.0018348360099999998,0.16721566100000002,1.51975921e-05,2.34170219e-06,2.502670240402222
155,1656663600,2.76976527e-05,2.7697663399999996e-05,0.02381320027,0.1320174845,0.024496390000000003,0.0041879123700000005,0.008641790199999999,0.0067071601699999995,3.1050737399999997e-06,2.7779942499999994e-05,14.255244600000001,39.3,3.5030829600000004e-06,2.60833829e-06,1.24288406e-06,8.08087619e-07,6.138543149999999e-07,4.90685455e-07,4.1644726500000003e-07,3.4696528099999997e-07,7.97165245e-07,1.87854733e-07,2.8333700299999998e-06,81.39567149999999,37.704650199999996,5.547197840000001e-10,9.142370499999998,0.0014914978599999999,0.10820683340000001,9.25410115e-06,1.5956987699999998e-06,0.0016092432900000001,0.126077095,9.25410115e-06,1.5956987699999998e-06,0.00161706185,0.12626393,9.25410115e-06,1.5956987699999998e-06,0.00184510371,0.16808291699999997,9.25410115e-06,1.5956987699999998e-06,2.5026892185211183
155,1656664200,0.0001516092152,0.00015160922420000001,-0.15151834268000003,24.5552742984,0.0981970209,0.00453892755,0.008575938750000001,0.00663666212,0.00042937282666,0.0042795589209999995,13.875874000000001,62.4,5.795364727e-05,9.15901717e-06,1.82581936e-06,9.89319592e-07,6.874735419999999e-07,5.16403955e-07,4.3543351099999995e-07,3.70327129e-07,8.326826310000001e-07,1.91877918e-07,2.8425625899999997e-06,76.8902368,34.596349,4.684121902e-09,9.01355071,0.00152617526,0.1357245222,0.00105223893639,0.00015046219797,0.00161747428,0.1433138055,0.00105223893639,0.00015046219797,0.00189915191,1.9646071306000004,0.00105223893639,0.00015046219797,0.0020792728000000003,1.8254488389999999,0.00105223893639,0.00015046219797,2.5026530027389526
155,1656664800,2.7028057299999997e-05,2.7028064099999996e-05,0.008930486130000003,0.10730554610000001,0.023749783899999998,0.00414429906,0.0085125507,0.0066406514,2.83131195e-06,2.5363784e-05,13.7167832,38.9,3.2691839199999992e-06,2.48160344e-06,1.21541533e-06,7.98152441e-07,6.18875992e-07,5.07434228e-07,4.2475728000000003e-07,3.66716772e-07,8.051601259999999e-07,1.9358620200000002e-07,2.8330976999999997e-06,81.69255409999998,38.7107376,5.334585169999999e-10,9.149132400000001,0.00151861958,0.11226878550000001,8.2967845e-06,1.49349288e-06,0.0015834115499999998,0.1221587815,8.2967845e-06,1.49349288e-06,0.0015557426099999997,0.1184437264,8.2967845e-06,1.49349288e-06,0.0017836496599999997,0.15568463600000002,8.2967845e-06,1.49349288e-06,2.5026881217956545
155,1656665400,2.8255871300000004e-05,2.8255874500000002e-05,0.18684342099,2.1888842237499997,0.0364401245,0.00420921904,0.00862554495,0.0067309905100000015,3.42654193e-06,2.75969467e-05,14.143356549999998,38.8,3.4095296299999994e-06,2.6481786200000003e-06,1.27583298e-06,8.48545243e-07,6.64183819e-07,5.41197997e-07,4.51100935e-07,3.8796131999999996e-07,8.32734793e-07,1.95986885e-07,2.8726354500000003e-06,81.1639534,38.039540800000005,5.62213789e-10,9.143393,0.00153793505,0.11789199750000001,9.40799855e-06,1.59923876e-06,0.00161805798,0.13037313849999999,9.40799855e-06,1.59923876e-06,0.00160558049,0.1257176944,9.40799855e-06,1.59923876e-06,0.0018270553400000001,0.162251042,9.40799855e-06,1.59923876e-06,2.5026770353317263
155,1656666000,2.73200845e-05,2.7320092399999997e-05,0.033421876249999996,0.26415655752,0.028501439100000005,0.00417159742,0.0085866448,0.00669547034,2.7760040000000003e-06,2.3695327500000002e-05,13.71853155,34.2,3.37447809e-06,2.4647217499999994e-06,1.20263431e-06,8.158571830000001e-07,6.398204179999998e-07,5.1579496e-07,4.36941502e-07,3.83416015e-07,8.1617416e-07,1.8836802799999998e-07,2.8216855700000004e-06,81.4314116,38.3941344,5.40803874e-10,9.146678349999998,0.00151925061,0.11188388200000002,7.98947031e-06,1.45674176e-06,0.0016002160899999999,0.1238391469,7.98947031e-06,1.45674176e-06,0.00157406847,0.1214682276,7.98947031e-06,1.45674176e-06,0.0018087618600000001,0.16005595999999997,7.98947031e-06,1.45674176e-06,2.502662444114685
155,1656666600,4.85372984e-05,4.853731239999999e-05,-0.048378344870000006,7.298450814149999,0.0486182502,0.00442603684,0.00885819735,0.00682861947,3.5951846419999995e-05,0.000269414272,15.402098,55.6,3.38036139e-06,2.5453198999999998e-06,1.26742055e-06,9.239207059999999e-07,1.0572691079999998e-06,4.420377406e-06,1.887183068e-06,1.4786488000000001e-06,2.8551113549999994e-06,2.0873268699999997e-07,4.2442315899999996e-06,79.96963050000001,38.951471600000005,1.0717456120000001e-09,9.1193288,0.00166322499,0.307062071,1.21823035e-05,1.68706621e-06,0.00160964155,0.128094139,1.21823035e-05,1.68706621e-06,0.0015348240899999998,0.11689659159999999,1.21823035e-05,1.68706621e-06,0.00181445064,0.16950537400000001,1.21823035e-05,1.68706621e-06,2.5026949644088745
155,1656667200,3.83492902e-05,3.83493115e-05,0.07665167907,15.584613354339998,0.046123360100000003,0.004391510230000001,0.00887340995,0.00684649787,3.415943873e-05,0.00032011140820000005,16.3409094,71.6,7.68948756e-06,3.3001020900000006e-06,1.4474355700000002e-06,8.84540921e-07,6.60981878e-07,5.25087939e-07,4.33760641e-07,3.7149187399999997e-07,8.397375360000001e-07,1.90607031e-07,2.83132394e-06,78.30542110000002,32.8271251,8.795485250000001e-10,9.084681900000001,0.00154672128,0.12092019540000001,0.00015660433426000002,1.7383505359999998e-05,0.00163401518,0.13932787000000002,0.00015660433426000002,1.7383505359999998e-05,0.00176408009,0.293354635,0.00015660433426000002,1.7383505359999998e-05,0.0019188483300000003,0.27495083499999995,0.00015660433426000002,1.7383505359999998e-05,2.502725601196289
155,1656667800,9.7677137e-05,9.767715689999998e-05,0.44115634012000005,35.42578645529001,0.0937979648,0.004412596370000001,0.00871333285,0.00675607282,0.00034543403542999996,0.0036820784998999995,15.0209788,56.4,2.786946018e-05,1.2349586670000001e-05,1.85788241e-06,8.402695049999998e-07,6.61074596e-07,5.53910264e-07,4.3820608899999995e-07,3.7259738099999996e-07,8.284766199999999e-07,1.93610114e-07,2.87348993e-06,77.18544560000001,34.474053899999994,2.826619848e-09,9.0346174,0.0015322747699999999,0.119143238,0.0004310821719299999,4.339872675999999e-05,0.00162274824,0.1941389998,0.0004310821719299999,4.339872675999999e-05,0.0017543999500000001,0.47058330049999986,0.0004310821719299999,4.339872675999999e-05,0.00200862601,1.739711917,0.0004310821719299999,4.339872675999999e-05,2.502674436569214
155,1656668400,2.74233784e-05,2.7423395299999997e-05,0.01403704055,0.18781334149,0.025563366900000002,0.004160682000000001,0.0085769069,0.0066688602299999995,3.1899980100000006e-06,2.7511660100000005e-05,13.7867134,39.4,3.4209267500000004e-06,2.5193654499999998e-06,1.1957124800000002e-06,7.924998190000001e-07,6.26386928e-07,5.1788756e-07,4.24194495e-07,3.75844671e-07,8.170066049999999e-07,1.9061033300000003e-07,2.83120808e-06,81.5666695,38.3996013,5.456154650000001e-10,9.1465089,0.00151825484,0.11094985350000001,9.13415495e-06,1.60036609e-06,0.00157678043,0.12120131,9.13415495e-06,1.60036609e-06,0.0015748915200000002,0.1261358065,9.13415495e-06,1.60036609e-06,0.0017885370600000002,0.159208343,9.13415495e-06,1.60036609e-06,2.502808403968811
155,1656669000,2.7915889100000003e-05,2.7915903800000003e-05,-0.09439985784,1.6489911314499999,0.024664627900000003,0.00416756017,0.00861659075,0.006695418190000001,5.922969400000001e-06,5.8150831400000004e-05,14.0157341,40.5,3.63997451e-06,2.50930871e-06,1.14807724e-06,8.0705302e-07,6.036530710000001e-07,4.98156673e-07,4.40695821e-07,3.64833327e-07,8.3555302e-07,1.94833514e-07,2.9157234e-06,81.7354749,38.6054674,5.547106409999999e-10,9.1484023,0.00149691235,0.10874574020000001,2.5827639800000003e-05,3.1144223999999997e-06,0.00159361594,0.12336286739999999,2.5827639800000003e-05,3.1144223999999997e-06,0.0015867102600000001,0.13702438790000002,2.5827639800000003e-05,3.1144223999999997e-06,0.00176959175,0.15763543100000002,2.5827639800000003e-05,3.1144223999999997e-06,2.5026048183441163
155,1656669600,0.00035028934260000007,0.0003502893536,-0.87734593375,38.5335103016,0.11785101680000001,0.00484041069,0.00883435145,0.00680409325,0.00090387405607,0.009248445215400001,15.98951055,71.2,0.00012536283168,3.4330604300000005e-05,6.18295928e-06,2.1973817050000004e-06,1.2831925079999998e-06,8.278566890000001e-07,5.675180050000001e-07,4.2675640200000007e-07,8.61844782e-07,1.95172261e-07,2.90845251e-06,75.3893544,34.1071333,1.1137848019000003e-08,8.994464709999999,0.0015583158099999998,0.142812082,0.007107375545190001,0.0006945350905899999,0.00175820305,1.1171857685000002,0.007107375545190001,0.0006945350905899999,0.00216732905,6.588128461400001,0.007107375545190001,0.0006945350905899999,0.00210944131,1.866397301,0.007107375545190001,0.0006945350905899999,2.5026803493499754
155,1656670200,2.7082604700000003e-05,2.7082608200000006e-05,0.006252062640000002,0.0617304503,0.0210577496,0.00414260786,0.008541181200000001,0.00664890965,2.8437943e-06,2.30106368e-05,13.639860099999998,37.8,3.1966929599999997e-06,2.4865554399999998e-06,1.18570235e-06,8.215249240000001e-07,6.25776416e-07,5.27178655e-07,4.60244045e-07,3.8136442599999993e-07,8.256252129999999e-07,1.9301356500000002e-07,2.83759584e-06,81.6792415,38.844128,5.32866483e-10,9.149565099999998,0.00151728465,0.1127143029,8.872009939999997e-06,1.53667757e-06,0.0015810759099999998,0.1221179124,8.872009939999997e-06,1.53667757e-06,0.0015416745899999999,0.1168998706,8.872009939999997e-06,1.53667757e-06,0.00178525753,0.15408946399999998,8.872009939999997e-06,1.53667757e-06,2.5026770353317263
155,1656670800,2.7299257e-05,2.7299272900000003e-05,0.0009428601619999998,0.039857642039999995,0.022129768499999997,0.0041605047,0.0085894814,0.006694588730000001,2.7787157899999996e-06,2.2097517899999997e-05,14.0437063,35.7,3.2776887899999998e-06,2.50178328e-06,1.2056394500000001e-06,8.225976330000001e-07,6.36662274e-07,5.213978189999999e-07,4.36697664e-07,3.8688141e-07,8.465122249999998e-07,1.96052846e-07,2.81767423e-06,81.49026389999999,38.5969926,5.389708269999999e-10,9.1471928,0.00152488887,0.11423458500000001,8.65100651e-06,1.5673041299999997e-06,0.0015870100200000002,0.12184275330000001,8.65100651e-06,1.5673041299999997e-06,0.0015770081200000001,0.121563643,8.65100651e-06,1.5673041299999997e-06,0.0017846049200000002,0.155538974,8.65100651e-06,1.5673041299999997e-06,2.502698063850403
155,1656671400,3.22931659e-05,3.22931786e-05,-0.056562715900000005,1.4879032023999998,0.026819697599999998,0.004371196129999999,0.00898394555,0.00692776394,9.712987150000002e-06,9.251999130000001e-05,16.653846100000003,54.5,5.26307389e-06,2.897679e-06,1.2689500000000001e-06,8.63437222e-07,6.567543670000001e-07,5.66292433e-07,4.3906252200000006e-07,3.6584516e-07,8.062222390000001e-07,1.9104752600000003e-07,2.82811577e-06,80.015744,35.443474300000005,6.94532741e-10,9.11678865,0.00155206719,0.11912028239999999,3.8600680249999995e-05,5.01681562e-06,0.0016358631699999997,0.134964479,3.8600680249999995e-05,5.01681562e-06,0.0017570750099999998,0.19165360540000004,3.8600680249999995e-05,5.01681562e-06,0.00195742476,0.211044626,3.8600680249999995e-05,5.01681562e-06,2.502712440490723
155,1656672000,3.2506901699999996e-05,3.25069214e-05,0.21016386577,6.2337339696,0.040612252599999996,0.00431098617,0.008817951799999998,0.006819369610000001,1.727568235e-05,0.00017813419180000002,15.7902101,60.4,4.893255370000001e-06,2.6871857999999996e-06,1.24215949e-06,8.718912460000001e-07,7.340792090000001e-07,9.39219041e-07,5.52826118e-07,4.09714594e-07,8.77707926e-07,1.96697912e-07,2.8486667400000004e-06,79.5041209,35.85573900000001,6.856333669999999e-10,9.1187099,0.00158633496,0.13871152189999997,5.445018365000001e-05,6.74490124e-06,0.0016303727599999997,0.135464166,5.445018365000001e-05,6.74490124e-06,0.00163348046,0.17122644189999997,5.445018365000001e-05,6.74490124e-06,0.00186655134,0.19870043499999995,5.445018365000001e-05,6.74490124e-06,2.5027019500732424
155,1656672600,4.27884476e-05,4.27884594e-05,0.52127992854,11.352815426200001,0.053398611799999995,0.004417291300000001,0.008913193449999999,0.006850037819999999,3.471637217e-05,0.00032343121209999994,16.229020900000002,55.2,9.026925949999999e-06,4.3131293e-06,1.4147080400000001e-06,8.788114010000001e-07,6.29463174e-07,5.16297285e-07,4.38632403e-07,3.7818488399999994e-07,7.91799998e-07,1.9115775199999997e-07,2.81502689e-06,78.9851357,34.936423500000004,1.034728548e-09,9.0902834,0.0015313409999999999,0.1165435376,0.00010557843815000002,1.3120639160000002e-05,0.0016649148700000002,0.1687248086,0.00010557843815000002,1.3120639160000002e-05,0.0017763600300000001,0.30461875850000003,0.00010557843815000002,1.3120639160000002e-05,0.00199330235,0.36971793,0.00010557843815000002,1.3120639160000002e-05,2.5026912927627563
155,1656673200,0.00017961567200000002,0.00017961568280000002,-0.5533315615800001,16.002904134850002,0.0643491972,0.00479103926,0.008796523300000001,0.006772296629999999,0.00044379996320999997,0.0045323960352,15.236013799999998,53.8,6.5346526e-05,1.464854053e-05,2.36284671e-06,1.322973537e-06,7.88754423e-07,6.21926316e-07,4.512273059999999e-07,4.05738834e-07,8.18536639e-07,1.90742422e-07,2.8499624299999997e-06,76.8649793,35.1469211,5.569829525e-09,9.0189891,0.00158403667,0.17759550539999996,0.00082524212681,0.00013379473985000002,0.00177020718,0.36562905949999996,0.00082524212681,0.00013379473985000002,0.00207743349,2.2919720210000003,0.00082524212681,0.00013379473985000002,0.0021934793199999995,2.030344159,0.00082524212681,0.00013379473985000002,2.502647876739502
155,1656673800,0.0005838216845000001,0.0005838216862000001,0.64105354326,53.26207859709999,0.2331022651,0.00501072018,0.00882387555,0.0068339317099999995,0.0024475605892500005,0.0258854481426,15.669580399999997,59.4,0.00024950525919,3.085535834e-05,4.27468746e-06,1.16181216e-06,7.459867709999999e-07,6.074610459999999e-07,4.6866602299999995e-07,4.07126372e-07,8.441618219999999e-07,1.9369819e-07,2.84654251e-06,72.2486654,31.28612333,1.9236645430999998e-08,8.873443050000002,0.00155086097,0.1547073861,0.010573936785300001,0.0013065392530999997,0.0017786863700000003,0.9739484163999999,0.010573936785300001,0.0013065392530999997,0.00240437923,13.931050404999999,0.010573936785300001,0.0013065392530999997,0.00211528906,1.363444254,0.010573936785300001,0.0013065392530999997,2.5026594161987306
155,1656674400,0.0001102961898,0.0001102962081,3.03299874836,129.336408550806,0.1467140068,0.004583285900000001,0.00872094385,0.006746247520000001,0.00022342772135000005,0.0019576268128,15.636363600000001,68.5,3.402025783e-05,9.878335760000001e-06,2.34578378e-06,1.458617087e-06,1.015645879e-06,7.995471729999999e-07,6.359120360000001e-07,5.428214340000001e-07,1.080445526e-06,1.9952033799999998e-07,3.1711434599999997e-06,73.8867024,31.694968800000005,3.191652755e-09,8.9962454,0.00158676572,0.19776385559999998,0.00157413055614,0.00016610501094,0.0016825537199999998,0.2357288736,0.00157413055614,0.00016610501094,0.00193929788,1.6276832419999998,0.00157413055614,0.00016610501094,0.0020289887300000004,0.7690592390000001,0.00157413055614,0.00016610501094,2.502676248550415
155,1656675000,2.8598888600000002e-05,2.8598901e-05,0.06915469885,2.6997697831000003,0.030830217599999998,0.004183256160000001,0.0085651003,0.00667076285,6.052994610000001e-06,5.2011648599999996e-05,13.8531467,42.5,3.937518089999999e-06,2.61091148e-06,1.19356507e-06,8.210080300000002e-07,6.23936285e-07,5.06875113e-07,4.1619075500000006e-07,3.76583836e-07,7.95239595e-07,1.9431581500000002e-07,2.82321825e-06,81.1105611,37.3733443,5.81866991e-10,9.13791875,0.0015122725700000002,0.1105759382,4.717124767e-05,5.10104898e-06,0.0016012450600000002,0.12591887400000001,4.717124767e-05,5.10104898e-06,0.0015712850599999997,0.1488310256,4.717124767e-05,5.10104898e-06,0.0018222811800000002,0.16761214,4.717124767e-05,5.10104898e-06,2.502721095085144
155,1656675600,2.8177259800000006e-05,2.8177268000000005e-05,0.1339905808,1.57481363104,0.038546760599999993,0.004205843799999999,0.0086867853,0.00673199975,3.30339461e-06,2.8812835000000002e-05,14.458042,38.0,3.55350254e-06,2.4993988600000003e-06,1.2976485999999998e-06,8.58032549e-07,6.345753709999999e-07,5.22804251e-07,4.50639593e-07,3.71890163e-07,8.24864947e-07,1.9728180500000001e-07,2.8779141799999998e-06,81.2984625,37.9607086,5.60999078e-10,9.14421475,0.0015181408099999999,0.113712988,1.0299760239999999e-05,1.7059965099999999e-06,0.0016257443999999999,0.129010463,1.0299760239999999e-05,1.7059965099999999e-06,0.0016385726500000003,0.130414786,1.0299760239999999e-05,1.7059965099999999e-06,0.00179517646,0.160064747,1.0299760239999999e-05,1.7059965099999999e-06,2.5026538133621217
155,1656676200,2.81922244e-05,2.8192246799999996e-05,0.07287684259999999,0.9642849643000002,0.042764351900000004,0.004221011990000001,0.008674554400000001,0.00674872985,3.1426866400000002e-06,2.8659098000000003e-05,14.835664200000002,38.8,3.54892899e-06,2.63955391e-06,1.2265195099999999e-06,8.35868962e-07,6.33935995e-07,5.192961959999999e-07,4.330834319999999e-07,3.7814523400000006e-07,8.25888566e-07,1.9393463600000003e-07,2.86088502e-06,81.04993099999999,37.7219693,5.62465059e-10,9.142007199999998,0.0015292771099999999,0.1142774905,1.121676083e-05,1.69742783e-06,0.0016211315899999999,0.12768615700000002,1.121676083e-05,1.69742783e-06,0.00159942028,0.1254820324,1.121676083e-05,1.69742783e-06,0.00186408114,0.170850055,1.121676083e-05,1.69742783e-06,2.5027051687240602
155,1656676800,4.4851999e-05,4.48520157e-05,0.6808325338,36.321249255000005,0.0807107798,0.00426832566,0.0086202282,0.00670277577,4.611950167e-05,0.00042668635720000006,14.7500001,53.7,8.09540407e-06,5.52546685e-06,1.88277281e-06,1.006192277e-06,6.773313e-07,5.27549767e-07,4.2587793900000004e-07,3.8951134199999994e-07,8.317284e-07,1.9510851600000002e-07,2.86897844e-06,78.4703563,35.068717299999996,1.076121911e-09,9.088241599999998,0.0015306214199999999,0.14229904459999998,6.987879934e-05,7.517032369999999e-06,0.00160866985,0.16095075000000003,6.987879934e-05,7.517032369999999e-06,0.0016055032899999998,0.17789101940000002,6.987879934e-05,7.517032369999999e-06,0.0019364582599999999,0.5295292309999998,6.987879934e-05,7.517032369999999e-06,2.5026461362838743
155,1656677400,3.12667692e-05,3.12667933e-05,-0.06631061147,5.505051678699999,0.041112380999999996,0.00421394938,0.00860748435,0.0066887879300000005,1.196841212e-05,8.83136724e-05,13.8723774,44.3,4.67601382e-06,3.07564971e-06,1.2836314999999998e-06,8.28457525e-07,6.30718843e-07,5.05321404e-07,4.15654546e-07,3.6766639699999996e-07,8.146773149999998e-07,1.90567389e-07,2.8448495500000002e-06,80.4310594,36.5583936,6.61934209e-10,9.1259032,0.00151728442,0.11350936419999999,6.457561875e-05,7.48306902e-06,0.00163225097,0.13959636150000002,6.457561875e-05,7.48306902e-06,0.00162256366,0.1851813911,6.457561875e-05,7.48306902e-06,0.0018250445399999999,0.190413551,6.457561875e-05,7.48306902e-06,2.5027098655700684
155,1656678000,2.9102560600000002e-05,2.9102571400000002e-05,0.046858758855,1.74163749384,0.029063771999999998,0.00422661137,0.008667858849999998,0.006728720320000001,6.912460359999999e-06,6.144367810000001e-05,14.566433600000002,52.5,3.87216361e-06,2.51510627e-06,1.19300822e-06,8.126818949999999e-07,6.746974260000001e-07,6.71214601e-07,4.874843840000001e-07,4.1204096099999997e-07,8.841270350000002e-07,1.8783809899999998e-07,2.8407419499999997e-06,80.7969372,37.348225,5.90320135e-10,9.1355949,0.00152792433,0.1237187434,2.6919649390000003e-05,3.5239239000000006e-06,0.00157719913,0.12164184539999998,2.6919649390000003e-05,3.5239239000000006e-06,0.0016273180200000001,0.1469827402,2.6919649390000003e-05,3.5239239000000006e-06,0.0018228571700000002,0.16528146100000002,2.6919649390000003e-05,3.5239239000000006e-06,2.502730965614319
155,1656678600,2.7189052900000007e-05,2.7189075299999997e-05,0.03329446655,0.188648656706,0.025798569,0.0041469542399999995,0.008561817,0.0066482617,3.22044638e-06,2.9363632400000002e-05,13.4912586,34.6,3.1821344099999997e-06,2.5958154600000004e-06,1.2436335400000002e-06,8.025260150000001e-07,6.465536430000002e-07,5.00066148e-07,4.2425926700000006e-07,3.77805437e-07,7.985781220000001e-07,1.87864047e-07,2.83518433e-06,81.58463190000002,38.5693438,5.37545357e-10,9.14658435,0.0015176231800000002,0.11216805199999999,8.26005379e-06,1.4393932599999998e-06,0.0015962427499999997,0.1245290018,8.26005379e-06,1.4393932599999998e-06,0.00153239749,0.11434102450000001,8.26005379e-06,1.4393932599999998e-06,0.00180662508,0.16110514399999998,8.26005379e-06,1.4393932599999998e-06,2.5026998281478883
155,1656679200,4.667916970000001e-05,4.667918100000001e-05,-0.27218599433000007,40.415669320995,0.0599022186,0.004299050560000001,0.0086720058,0.00672744163,9.189020839e-05,0.0009770410760999999,14.190559499999997,51.2,1.044995224e-05,4.89385298e-06,1.3747620299999999e-06,8.47520955e-07,6.439454e-07,4.948790600000002e-07,4.28345041e-07,3.7974310900000004e-07,8.09833273e-07,1.9116273400000002e-07,2.82551718e-06,77.9635155,33.673774,1.152200608e-09,9.069607600000001,0.0014994212100000002,0.11301524199999999,0.00019590925443,1.963127223e-05,0.0016276298499999999,0.1407957556,0.00019590925443,1.963127223e-05,0.00168103468,0.2774762731,0.00019590925443,1.963127223e-05,0.0019158103000000003,0.5376847849999999,0.00019590925443,1.963127223e-05,2.502695083618164
155,1656679800,4.3277386299999997e-05,4.3277395299999994e-05,0.33752099848,25.151642010299998,0.0545827552,0.00431806571,0.008706550050000001,0.006798599349999999,5.764751458999998e-05,0.0006031826573000001,14.9388114,48.8,9.89334014e-06,3.85411468e-06,1.2777430400000001e-06,8.344229119999999e-07,6.322409629999999e-07,5.111449979999999e-07,4.350366109999999e-07,3.6857961100000005e-07,8.03419141e-07,1.92247127e-07,2.8363194500000003e-06,78.9369003,34.639275399999995,1.052194722e-09,9.08472955,0.00152421847,0.113692829,0.00045216527593000007,4.441167884e-05,0.0016185803299999999,0.13667934499999998,0.00045216527593000007,4.441167884e-05,0.00174078758,0.4928440773999999,0.00045216527593000007,4.441167884e-05,0.0018845608100000002,0.22854422100000002,0.00045216527593000007,4.441167884e-05,2.502683162689209
155,1656680400,2.9893143799999997e-05,2.9893151800000006e-05,0.08563795442999998,1.2120059137199999,0.03304264380000001,0.00428990085,0.0088354015,0.006823363589999999,6.29513897e-06,6.004600379999999e-05,15.6713286,56.8,4.36512157e-06,2.6444031799999993e-06,1.2873153199999998e-06,8.178944099999999e-07,6.32631592e-07,5.439632479999999e-07,4.39239186e-07,3.7004471100000004e-07,8.019800880000001e-07,1.9001713400000004e-07,2.85388777e-06,80.6114216,36.204889300000005,6.17630024e-10,9.1305802,0.0015288989799999999,0.1137388939,2.651860967e-05,3.3931807500000002e-06,0.00161364508,0.127269053,2.651860967e-05,3.3931807500000002e-06,0.00169154251,0.1597289345,2.651860967e-05,3.3931807500000002e-06,0.0019036400800000002,0.18591151499999997,2.651860967e-05,3.3931807500000002e-06,2.502714729309082
155,1656681000,2.8127956300000004e-05,2.81279677e-05,0.0445940706098,0.50255094363,0.0286808037,0.00421957795,0.00869330035,0.006774709110000001,3.16878915e-06,2.776133780000001e-05,14.800699299999996,38.8,3.5426314300000005e-06,2.6570264200000003e-06,1.2196501099999998e-06,8.31135531e-07,6.34953397e-07,5.260525609999999e-07,4.4891822799999995e-07,3.79333438e-07,8.1391803e-07,1.9030165600000003e-07,2.81983059e-06,81.168842,37.4926785,5.650989599999999e-10,9.14022325,0.0015300354800000002,0.11365101210000002,1.1629513430000001e-05,1.7734831700000002e-06,0.00160515377,0.1249674199,1.1629513430000001e-05,1.7734831700000002e-06,0.0015851686,0.1252400485,1.1629513430000001e-05,1.7734831700000002e-06,0.0018869765299999997,0.173804796,1.1629513430000001e-05,1.7734831700000002e-06,2.5026939153671264
155,1656681600,3.70339979e-05,3.7034733e-05,0.37112027214,11.7988810787,0.0490712023,0.004464885849999999,0.0090781725,0.00698550473,1.3227208170000002e-05,0.00011937620710000001,18.0349648,74.1,6.1571488199999995e-06,3.3783173300000007e-06,1.34820886e-06,9.02789907e-07,7.742790090000001e-07,8.79269158e-07,5.639156420000001e-07,4.80279489e-07,9.71192022e-07,1.92425019e-07,2.8694780399999998e-06,78.1408937,33.3645755,8.221708439999999e-10,9.0917689,0.0016145266200000002,0.1429069259,1.92876318e-05,2.7118241499999997e-06,0.00166054533,0.13575973000000002,1.92876318e-05,2.7118241499999997e-06,0.0017423848199999998,0.193648029,1.92876318e-05,2.7118241499999997e-06,0.00194490014,0.21143316900000003,1.92876318e-05,2.7118241499999997e-06,2.5027053594589233
155,1656682200,2.75880012e-05,2.75880118e-05,-0.01301040607,-0.00580771187,0.021104877699999997,0.00419285963,0.00861959915,0.00672174898,2.5877199e-06,2.08688098e-05,13.91783215,33.4,3.45185147e-06,2.54887086e-06,1.24518447e-06,7.996190050000002e-07,6.33139483e-07,5.03061048e-07,4.30701285e-07,3.67733445e-07,8.021519209999999e-07,1.91900718e-07,2.8195429499999996e-06,81.398598,37.9761126,5.496871250000001e-10,9.144213099999998,0.00151978946,0.11246971889999999,7.98700973e-06,1.45150215e-06,0.00158649696,0.12278783570000003,7.98700973e-06,1.45150215e-06,0.00162907368,0.125947269,7.98700973e-06,1.45150215e-06,0.0018347546900000001,0.16453618,7.98700973e-06,1.45150215e-06,2.50264949798584
155,1656682800,2.7762074099999997e-05,2.7762086199999998e-05,0.006444520600000001,-0.004865957410000002,0.0222553646,0.0042056175699999995,0.0086591423,0.00672603789,2.6933582500000003e-06,2.12435146e-05,14.4667833,35.6,3.4871987900000003e-06,2.60372264e-06,1.2398361e-06,8.14415351e-07,6.25054054e-07,5.05925973e-07,4.16779354e-07,3.64032216e-07,8.04921374e-07,1.92287456e-07,2.8267539700000003e-06,81.4686395,37.86560140000001,5.547193859999999e-10,9.143412399999999,0.00152377241,0.11217342729999999,9.40477056e-06,1.5738898199999998e-06,0.0016036264,0.12521799050000001,9.40477056e-06,1.5738898199999998e-06,0.0016201204899999998,0.1281569655,9.40477056e-06,1.5738898199999998e-06,0.0018339258399999998,0.16459353,9.40477056e-06,1.5738898199999998e-06,2.5026732444763184
155,1656683400,0.0001350133695,0.00013501337480000003,1.08203661389,28.2079146261,0.1396827763,0.00512871409,0.0100364413,0.0072729731500000006,0.00020810609258000004,0.0019199899327,20.4702791,75.5,4.699122098e-05,1.104279567e-05,2.27698495e-06,1.0807325369999998e-06,7.63131472e-07,5.584043050000001e-07,4.6552426699999997e-07,3.84758548e-07,8.501027519999998e-07,1.9285646299999998e-07,2.90004996e-06,74.6661284,32.489651820000006,4.065507909e-09,8.969300800000001,0.00156818698,0.137896343,0.0009624645957399999,0.00010498658252,0.0018055303799999999,0.388405924,0.0009624645957399999,0.00010498658252,0.00239891416,1.612036277,0.0009624645957399999,0.00010498658252,0.00239428789,1.437036289,0.0009624645957399999,0.00010498658252,2.5026827096939086
155,1656684000,4.1971573300000004e-05,4.19715933e-05,-0.16202503475,9.401889974600001,0.0389196295,0.0043331283900000005,0.0086915383,0.006734695389999999,4.470271263e-05,0.00045588851559999987,14.856643199999999,57.7,1.0282774020000001e-05,2.85317758e-06,1.24019208e-06,8.425873230000001e-07,6.30376756e-07,4.96901474e-07,4.3510389000000005e-07,3.5978928400000007e-07,8.095489590000001e-07,1.90329298e-07,2.84493084e-06,79.3196973,34.898234099999996,1.0141757890000002e-09,9.092441749999997,0.00151779265,0.1133675067,0.00031316369912999997,3.0643594240000005e-05,0.001611266,0.1324363609,0.00031316369912999997,3.0643594240000005e-05,0.00172067204,0.37109208360000007,0.00031316369912999997,3.0643594240000005e-05,0.00191894206,0.318094274,0.00031316369912999997,3.0643594240000005e-05,2.502719187736511
155,1656684600,2.7172245800000003e-05,2.7172249600000004e-05,0.13707822638600003,2.689082665825,0.0309848291,0.00414512771,0.008518811949999998,0.006647717850000001,3.43772597e-06,3.23749021e-05,13.580419599999999,35.0,3.1463635899999995e-06,2.5049679499999997e-06,1.2490722599999998e-06,8.75292023e-07,6.437215710000001e-07,5.242634180000001e-07,4.39888811e-07,3.61404397e-07,8.18954972e-07,1.8924152899999998e-07,2.83273559e-06,81.642703,38.8287385,5.34117494e-10,9.1489458,0.0015298769899999998,0.11588404029999999,8.29443895e-06,1.4303475900000001e-06,0.00159777942,0.1255325541,8.29443895e-06,1.4303475900000001e-06,0.00151231841,0.1124250971,8.29443895e-06,1.4303475900000001e-06,0.0017960639400000002,0.15755695200000003,8.29443895e-06,1.4303475900000001e-06,2.502662491798401
155,1656685200,2.66964381e-05,2.6696446899999998e-05,-0.00847192706,-0.0034322600000000003,0.0206853428,0.004125215989999999,0.008498966649999998,0.00660661561,2.37474635e-06,1.8694728900000004e-05,13.2097903,32.1,3.16681881e-06,2.4211041600000003e-06,1.1972780599999998e-06,8.27414664e-07,6.34538802e-07,5.023139870000001e-07,4.1527527699999996e-07,3.64953322e-07,8.07261389e-07,1.9062672299999998e-07,2.8205720299999997e-06,81.844999,39.02399260000001,5.2389821e-10,9.150443,0.0015067318600000001,0.11063887800000001,7.438884800000001e-06,1.4004190899999998e-06,0.0015871286299999998,0.1220564714,7.438884800000001e-06,1.4004190899999998e-06,0.00154253989,0.11496773060000001,7.438884800000001e-06,1.4004190899999998e-06,0.0017659583199999998,0.151330908,7.438884800000001e-06,1.4004190899999998e-06,2.502671241760254
155,1656685800,2.8784575500000002e-05,2.8784587000000007e-05,0.0406716179,0.4960440937,0.0300463347,0.00424118596,0.00874758065,0.00678426243,4.02610425e-06,3.28636903e-05,15.325174800000003,50.1,3.74270015e-06,2.730349e-06,1.27687413e-06,8.299226200000001e-07,6.394013799999999e-07,5.10268918e-07,4.3406998700000003e-07,3.72913874e-07,8.17752106e-07,1.9146998799999996e-07,2.8463681700000003e-06,80.8494045,37.06726,5.82122297e-10,9.13675195,0.00151931107,0.1136167151,1.334447156e-05,2.07767321e-06,0.0016218907899999998,0.130198241,1.334447156e-05,2.07767321e-06,0.00159714997,0.1325092359,1.334447156e-05,2.07767321e-06,0.00189043617,0.179218063,1.334447156e-05,2.07767321e-06,2.502739953994751
155,1656686400,4.8683396e-05,4.8683408000000004e-05,-0.05130249403,1.2362126145999999,0.0367993688,0.00478671336,0.010168989049999999,0.007623556140000001,1.8332152679999997e-05,0.00015244233170000002,21.622377500000002,54.3,1.1270988710000001e-05,4.7457354600000005e-06,1.5250113e-06,9.330498990000001e-07,6.87592344e-07,5.18901457e-07,4.362139139999999e-07,3.7441148699999997e-07,8.14389636e-07,1.96178957e-07,2.8391164900000004e-06,78.7990535,35.0881424,1.223024514e-09,9.0827553,0.0015728282700000003,0.12380713060000001,4.972986250000001e-05,7.680501610000001e-06,0.00177019904,0.179439807,4.972986250000001e-05,7.680501610000001e-06,0.00205611888,0.37194779199999994,4.972986250000001e-05,7.680501610000001e-06,0.00225494672,0.44872091799999997,4.972986250000001e-05,7.680501610000001e-06,2.5027173519134522
155,1656687000,2.7812380899999995e-05,2.7812391e-05,-0.07943916995999999,3.33595548265,0.028621676800000002,0.00413138858,0.00847250595,0.00659738822,7.253949179999999e-06,7.15782386e-05,13.3059441,40.5,3.5869197899999995e-06,2.5040940900000002e-06,1.2133885600000001e-06,8.17932836e-07,6.466598649999999e-07,5.19343555e-07,4.2478212699999996e-07,3.76046709e-07,7.908868200000001e-07,1.86519318e-07,2.83938907e-06,81.445539,38.236372700000004,5.5632012e-10,9.1440674,0.00152494504,0.11310419710000001,3.95521677e-05,4.37730112e-06,0.00158968391,0.12741669709999998,3.95521677e-05,4.37730112e-06,0.00153822963,0.1382313101,3.95521677e-05,4.37730112e-06,0.00175657775,0.15194639599999998,3.95521677e-05,4.37730112e-06,2.502677869796753
155,1656687600,2.8010043899999997e-05,2.80100535e-05,0.013058381569999996,0.06042250942999999,0.022861529499999998,0.00421379021,0.00868987325,0.0067699419100000005,3.0050495799999995e-06,2.2911826700000002e-05,14.687063099999998,41.8,3.6447086e-06,2.56753794e-06,1.20044107e-06,8.060303530000001e-07,6.378192009999999e-07,5.019527229999999e-07,4.29147187e-07,3.65995364e-07,8.157774360000001e-07,1.88846174e-07,2.84649176e-06,81.4875734,37.786693400000004,5.616249349999999e-10,9.143170399999999,0.00150806152,0.110667102,1.1120491369999999e-05,1.8459513100000002e-06,0.00158982959,0.123698703,1.1120491369999999e-05,1.8459513100000002e-06,0.00166280122,0.1382612096,1.1120491369999999e-05,1.8459513100000002e-06,0.0018250962199999998,0.162205697,1.1120491369999999e-05,1.8459513100000002e-06,2.50269992351532
155,1656688200,2.7566286600000005e-05,2.75663188e-05,0.13241622703,2.08908777975,0.030254536099999996,0.004140788259999999,0.0085117937,0.0066294868500000005,4.81656999e-06,4.48089776e-05,13.36538435,39.7,3.2952064900000007e-06,2.54929883e-06,1.22276676e-06,8.155086689999999e-07,6.28495236e-07,5.52232621e-07,4.4240021e-07,3.92612067e-07,8.589111950000001e-07,1.90693804e-07,2.83491134e-06,81.3645188,38.7149404,5.44882713e-10,9.147132050000002,0.0015233240699999999,0.1142990733,1.568603966e-05,2.0819525900000003e-06,0.0015862573300000002,0.12290313960000002,1.568603966e-05,2.0819525900000003e-06,0.00149205997,0.11451919689999998,1.568603966e-05,2.0819525900000003e-06,0.00178538733,0.16533202300000002,1.568603966e-05,2.0819525900000003e-06,2.502727007865906
155,1656688800,2.7045533e-05,2.7045536599999995e-05,0.011125598122,0.26239631609999997,0.0234142641,0.004128610519999999,0.00849439045,0.0066211362699999995,3.1569908900000002e-06,2.7164868799999993e-05,13.4895104,36.9,3.33073891e-06,2.43924312e-06,1.1824783e-06,8.152477870000001e-07,6.33629536e-07,5.0127237e-07,4.31929229e-07,3.6830251000000003e-07,8.18146751e-07,1.9078384500000002e-07,2.8108517999999997e-06,81.6588346,38.6911475,5.34346478e-10,9.1473587,0.00151816102,0.11095620850000001,2.009547827e-05,2.58279066e-06,0.0015632178100000002,0.11943247459999999,2.009547827e-05,2.58279066e-06,0.00156059541,0.1266141428,2.009547827e-05,2.58279066e-06,0.0017626980499999996,0.1514911385,2.009547827e-05,2.58279066e-06,2.502623200416565
155,1656689400,9.817823010000002e-05,9.817824240000001e-05,-0.10303067350000002,8.719621595100001,0.062127514800000005,0.004814594869999999,0.0097903795,0.00712816932,0.00013492948108,0.0010351044487000001,17.9597903,59.8,3.4139022509999994e-05,6.447451989999999e-06,1.69681534e-06,9.34948983e-07,6.512840260000001e-07,5.23536842e-07,4.4548667499999996e-07,3.75422993e-07,8.16578913e-07,1.93138015e-07,2.86528445e-06,77.53222960000001,34.84522654,2.8785428e-09,9.039872899999999,0.00155400263,0.12572026990000001,0.00114063152712,0.00011492638112000001,0.0016921800000000002,0.17063575599999997,0.00114063152712,0.00011492638112000001,0.00210608406,1.3949430529,0.00114063152712,0.00011492638112000001,0.0022350215400000002,0.8469998669999999,0.00114063152712,0.00011492638112000001,2.502742147445679
155,1656690000,6.60396143e-05,6.603961940000001e-05,0.25825168635999995,13.47544204706,0.0577995836,0.00436336141,0.0085999137,0.0066912716,0.00011902643229,0.0009453651454,14.3566435,53.6,1.9937282579999997e-05,5.02751722e-06,1.3993773899999998e-06,8.564175320000001e-07,6.449595150000001e-07,5.110304899999999e-07,4.26266334e-07,3.78313822e-07,8.0252982e-07,1.96400214e-07,2.8396158899999997e-06,78.6239566,35.467211129999995,1.8149606240000004e-09,9.067714299999999,0.00152592261,0.1185092355,0.00095924772264,9.341109307000001e-05,0.00160639729,0.1417855449,0.00095924772264,9.341109307000001e-05,0.00174338968,0.8826840256,0.00095924772264,9.341109307000001e-05,0.0019396187800000003,0.47939906100000007,0.00095924772264,9.341109307000001e-05,2.5027071475982665
155,1656690600,2.8131039300000007e-05,2.8131048000000004e-05,-0.0030696728,0.40878490978000015,0.02383321,0.0042157857,0.0086853325,0.006764141579999999,3.873908490000001e-06,3.46388336e-05,14.493007000000002,40.8,3.7182092299999996e-06,2.47865448e-06,1.2346396e-06,8.454536629999999e-07,6.42947497e-07,5.04574314e-07,4.1780943599999997e-07,3.6193064399999997e-07,8.21123065e-07,1.9013339200000002e-07,2.85000325e-06,81.2252765,37.559678000000005,5.64433159e-10,9.141842650000001,0.00152269405,0.11288587700000001,1.149466395e-05,1.7898206500000002e-06,0.00158546865,0.12337734389999999,1.149466395e-05,1.7898206500000002e-06,0.0016405858700000002,0.133284992,1.149466395e-05,1.7898206500000002e-06,0.00182608547,0.16800714700000002,1.149466395e-05,1.7898206500000002e-06,2.5027535915374757
155,1656691200,2.80534263e-05,2.80534385e-05,0.039379915667,2.0717487975099997,0.027675798199999997,0.0041657061,0.008575985099999999,0.006657557589999999,6.92558545e-06,7.10761936e-05,13.7692306,44.3,3.62109998e-06,2.5763999699999997e-06,1.22249926e-06,8.52987453e-07,6.320508190000001e-07,5.05361042e-07,4.1885336500000005e-07,3.6817199299999997e-07,7.953710430000001e-07,1.93071005e-07,2.84078127e-06,81.25877999999999,37.80819699999999,5.62758858e-10,9.142328700000002,0.0015219400900000001,0.11256057109999999,2.04217035e-05,2.60229235e-06,0.00158350396,0.12503398500000001,2.04217035e-05,2.60229235e-06,0.0015780808099999997,0.1296041579,2.04217035e-05,2.60229235e-06,0.0018211109200000001,0.169273622,2.04217035e-05,2.60229235e-06,2.502610516548157
155,1656691800,2.69944001e-05,2.6994411500000002e-05,0.009707729160000001,0.037802989284,0.0219421902,0.00414041612,0.008524888900000001,0.006652953370000001,2.5843122900000003e-06,2.23455402e-05,13.419580550000001,33.1,3.2891933399999998e-06,2.39922113e-06,1.2383957999999999e-06,8.198705770000001e-07,6.129273859999999e-07,5.16761366e-07,4.4064335999999997e-07,3.67743597e-07,8.024690340000002e-07,1.92513775e-07,2.8173975900000003e-06,81.64948819999998,38.6758074,5.315962319999998e-10,9.14899985,0.0015105104000000002,0.11093466960000001,9.18121098e-06,1.5355778700000002e-06,0.0016136189199999998,0.12609671649999998,9.18121098e-06,1.5355778700000002e-06,0.00156733499,0.11929917649999999,9.18121098e-06,1.5355778700000002e-06,0.0017547526999999996,0.150446782,9.18121098e-06,1.5355778700000002e-06,2.5027143716812135
155,1656692400,2.74345767e-05,2.7434590400000002e-05,0.4073177326,14.262348808899997,0.042965028599999996,0.00414518702,0.008565099199999999,0.0066478590800000004,4.0593390800000006e-06,3.94478459e-05,13.8601397,35.2,3.28368574e-06,2.5119083699999997e-06,1.2040476799999998e-06,8.49189446e-07,6.36937134e-07,5.11586305e-07,4.414365409999999e-07,3.65465286e-07,8.225008050000001e-07,1.9665832400000002e-07,2.8938397999999997e-06,81.8497935,38.8926104,5.396360470000001e-10,9.150908949999998,0.00152659882,0.1166954018,8.58869623e-06,1.4323627800000001e-06,0.00156216354,0.119227248,8.58869623e-06,1.4323627800000001e-06,0.00156912791,0.1176314418,8.58869623e-06,1.4323627800000001e-06,0.00181894539,0.16271768,8.58869623e-06,1.4323627800000001e-06,2.502703905105591
155,1656693000,2.76296832e-05,2.7629691600000002e-05,0.03996003794999999,0.5324725724000001,0.0262455657,0.00417408862,0.0086109993,0.006697780269999999,4.0110074e-06,3.90032573e-05,14.1713286,38.4,3.4871072099999993e-06,2.5115810000000003e-06,1.2394183300000002e-06,8.074243569999999e-07,6.41232852e-07,4.932490339999999e-07,4.2394801799999994e-07,3.8213623100000005e-07,8.14666267e-07,1.91421678e-07,2.82258796e-06,81.4776405,38.059110700000005,5.50946667e-10,9.144931450000001,0.0015137004500000001,0.1110001971,9.20612209e-06,1.57592061e-06,0.0015855537,0.12330058799999999,9.20612209e-06,1.57592061e-06,0.00162479999,0.1266282275,9.20612209e-06,1.57592061e-06,0.0017946799499999999,0.16304677799999998,9.20612209e-06,1.57592061e-06,2.502700996398926
155,1656693600,3.6786744899999996e-05,3.67867498e-05,-0.672918706426,22.3314786364,0.0334147329,0.00421966266,0.00854643935,0.006661946940000001,2.552638732e-05,0.00021317596400000002,13.7884617,43.1,6.946018739999999e-06,3.14417985e-06,1.4943466100000001e-06,9.62671936e-07,7.01202787e-07,5.15017866e-07,4.36307774e-07,3.6501352700000005e-07,8.083552150000001e-07,1.89661492e-07,2.8305565900000003e-06,79.69133830000001,36.465868900000004,8.348197610000001e-10,9.110171399999999,0.00151256003,0.1148245869,0.00025681885888,2.4834680569999997e-05,0.00161118591,0.1470224141,0.00025681885888,2.4834680569999997e-05,0.00161638111,0.2988942583,0.00025681885888,2.4834680569999997e-05,0.0018195689200000004,0.22513073,0.00025681885888,2.4834680569999997e-05,2.5026731729507445
155,1656694200,3.64943714e-05,3.6494382e-05,0.44862981512,26.823257242660002,0.048272839500000005,0.00421718897,0.00860813655,0.00668642371,3.780933026e-05,0.0003969051168,13.660839300000001,45.0,5.66967009e-06,3.965000630000001e-06,1.7024592299999995e-06,9.93400252e-07,7.16180051e-07,5.506320599999999e-07,4.3982391899999995e-07,3.78873836e-07,8.094659170000001e-07,1.91447025e-07,2.8301641799999997e-06,79.42079700000001,36.239820699999996,8.15283828e-10,9.1079559,0.00152378344,0.1188995044,4.203480039999999e-05,4.974432249999999e-06,0.0016371336000000005,0.149447366,4.203480039999999e-05,4.974432249999999e-06,0.0015601981900000002,0.14960670459999997,4.203480039999999e-05,4.974432249999999e-06,0.00187274383,0.35522452899999996,4.203480039999999e-05,4.974432249999999e-06,2.502685809135437
155,1656694800,2.72971138e-05,2.72971327e-05,0.12910406659,2.9172635,0.0355997842,0.0041283978,0.008482911249999999,0.00662208226,3.71049084e-06,3.27563652e-05,13.6608391,41.0,3.3186154500000002e-06,2.47195047e-06,1.2125243300000002e-06,8.38561163e-07,6.21596553e-07,4.985657189999999e-07,4.29438697e-07,3.7290002300000004e-07,8.248502949999999e-07,1.9364790500000001e-07,2.86585203e-06,81.69590400000001,38.82803199999999,5.38054227e-10,9.149243550000001,0.00151611162,0.111464666,1.7039346389999997e-05,2.18808889e-06,0.0015851725400000002,0.1229417072,1.7039346389999997e-05,2.18808889e-06,0.00152146774,0.1183852605,1.7039346389999997e-05,2.18808889e-06,0.0017842745200000003,0.158867849,1.7039346389999997e-05,2.18808889e-06,2.502714157104492
155,1656695400,2.72865034e-05,2.72865144e-05,0.0179694677,0.07544095176000001,0.023751213,0.00416198989,0.008586275749999999,0.006690553419999999,2.72274193e-06,2.1997730800000003e-05,14.108391649999998,35.2,3.30083183e-06,2.5699927400000003e-06,1.2332349999999998e-06,8.16076612e-07,6.085479139999999e-07,5.017568389999999e-07,4.1828597700000004e-07,3.6206002899999995e-07,8.071945490000001e-07,1.92136737e-07,2.83306565e-06,81.6226631,38.4091679,5.406406409999999e-10,9.14670425,0.00150126327,0.1099701949,8.99088112e-06,1.52111659e-06,0.00160481817,0.12580503800000004,8.99088112e-06,1.52111659e-06,0.0015525301400000002,0.1176967257,8.99088112e-06,1.52111659e-06,0.0018234397999999999,0.16260773,8.99088112e-06,1.52111659e-06,2.5026718616485595
155,1656696000,3.529018099999999e-05,3.52901903e-05,0.88071579639,24.2344240901,0.04983506410000001,0.0042574216,0.008660196799999999,0.006738058819999999,3.2760914460000004e-05,0.00034416942259999993,14.6241256,49.2,6.63094274e-06,3.1462145400000003e-06,1.3005833e-06,8.16082096e-07,6.28254285e-07,5.11192911e-07,4.2335094500000003e-07,3.7054042099999997e-07,8.004252710000001e-07,1.9228769100000002e-07,2.8251311699999996e-06,79.679773,35.259964100000005,7.915145759999999e-10,9.106548999999998,0.00150726417,0.1113765824,7.943042567999999e-05,1.044418322e-05,0.00163784611,0.1469127394,7.943042567999999e-05,1.044418322e-05,0.00166268753,0.21176585800000006,7.943042567999999e-05,1.044418322e-05,0.0018842559099999999,0.275811133,7.943042567999999e-05,1.044418322e-05,2.5026719093322756
155,1656696600,2.8140695999999995e-05,2.8140706800000002e-05,0.18221902182000002,2.1711292406999996,0.0452830941,0.0042011556,0.008616546,0.006709710169999999,3.85990994e-06,3.77427289e-05,14.4597903,38.0,3.4473642800000003e-06,2.5859426000000005e-06,1.31348815e-06,8.43797891e-07,6.50971904e-07,5.2548807e-07,4.23758888e-07,3.88481855e-07,8.26542071e-07,1.91739647e-07,2.8726142e-06,81.17951109999998,37.903855300000004,5.61340369e-10,9.141468999999999,0.00152846357,0.11607023860000001,1.08930038e-05,1.7026142200000001e-06,0.00162085162,0.13031362259999998,1.08930038e-05,1.7026142200000001e-06,0.00161186447,0.1278740866,1.08930038e-05,1.7026142200000001e-06,0.00180726286,0.158928023,1.08930038e-05,1.7026142200000001e-06,2.502717304229736
155,1656697200,2.80998171e-05,2.80998237e-05,0.0073854340699999995,0.1633427495,0.0246073164,0.00422151124,0.00871441765,0.00678421231,3.3491059399999998e-06,3.05669158e-05,14.63286725,38.9,3.73886836e-06,2.4977065800000004e-06,1.2325226499999998e-06,8.29609055e-07,6.247316109999999e-07,5.131253880000001e-07,4.2374015e-07,3.69877598e-07,7.956032570000001e-07,1.91725088e-07,2.8322910099999998e-06,81.1979395,37.3623719,5.64982182e-10,9.1404595,0.00152858898,0.11327636,1.196204363e-05,1.8036965799999996e-06,0.0016186629799999999,0.12613089139999997,1.196204363e-05,1.8036965799999996e-06,0.0016467902999999999,0.13348907299999999,1.196204363e-05,1.8036965799999996e-06,0.0018409690999999998,0.167573948,1.196204363e-05,1.8036965799999996e-06,2.50268394947052
155,1656697800,2.88634654e-05,2.8863477400000003e-05,-0.19276537656,4.491987314055,0.0254726756,0.0042012889800000005,0.008624921,0.00672626219,6.802409659999999e-06,6.47776649e-05,14.206293599999999,36.4,4.034004009999999e-06,2.5887657299999997e-06,1.25177019e-06,8.29547531e-07,6.12353151e-07,5.01921797e-07,4.19770506e-07,3.5734419400000007e-07,7.99741791e-07,1.88626814e-07,2.84781936e-06,81.11497849999999,37.04429090000001,5.89122281e-10,9.136953000000002,0.00151035818,0.11091143780000001,4.86239783e-05,5.38749094e-06,0.0016202255699999998,0.12679642959999998,4.86239783e-05,5.38749094e-06,0.0016063150999999997,0.15792731189999998,4.86239783e-05,5.38749094e-06,0.0018193740199999998,0.16599403899999998,4.86239783e-05,5.38749094e-06,2.502708387374878
155,1656698400,2.9190727400000005e-05,2.91907497e-05,0.196460721616,3.34078522725,0.0346858108,0.00422180491,0.00867778455,0.0067360814899999994,8.14868123e-06,8.32126661e-05,14.501748150000001,59.6,4.212261729999999e-06,2.6172427300000003e-06,1.20348846e-06,8.22733608e-07,6.15839652e-07,4.84192096e-07,4.2124918999999996e-07,3.7408887700000004e-07,8.18843808e-07,1.9695305099999998e-07,2.82832279e-06,80.8456225,36.5346742,5.97535426e-10,9.1344136,0.00150217861,0.11005753,4.173728057e-05,4.64824057e-06,0.0016006163299999998,0.1262100956,4.173728057e-05,4.64824057e-06,0.0016388528100000001,0.15571443540000002,4.173728057e-05,4.64824057e-06,0.0018391043199999998,0.17696636400000001,4.173728057e-05,4.64824057e-06,2.5024098634719847
155,1656699000,2.62917963e-05,2.6291807e-05,-0.010300313856800001,0.09154125543,0.021410138000000002,0.004083989299999999,0.0083945416,0.0065312038499999985,2.5214380100000006e-06,2.2820754500000002e-05,12.4912588,35.8,2.96251863e-06,2.4446018199999997e-06,1.18202207e-06,8.34779326e-07,6.28998693e-07,5.16416743e-07,4.20113123e-07,3.6193309800000003e-07,7.891162790000001e-07,1.8957495900000004e-07,2.81558511e-06,82.02303040000001,39.5595959,5.11932807e-10,9.153810499999999,0.00151556477,0.11182569360000001,1.18125109e-05,1.64810323e-06,0.0016077979900000002,0.1251594282,1.18125109e-05,1.64810323e-06,0.0014653973000000001,0.1067859802,1.18125109e-05,1.64810323e-06,0.0017234727000000002,0.14514491999999998,1.18125109e-05,1.64810323e-06,2.502673697471619
155,1656699600,0.00012914666720000001,0.00012914667860000002,0.16277544155,20.163409145000003,0.094342661,0.004453713999999999,0.0085142913,0.00658634986,0.0003144156472,0.0027288508571,13.578671500000002,44.1,4.583386827e-05,1.023414946e-05,1.76563961e-06,9.58735712e-07,6.7749612e-07,5.09549809e-07,4.21454277e-07,3.67411879e-07,7.91219963e-07,1.8908494399999998e-07,2.82463327e-06,77.65091869999999,35.9660644,3.929991094000001e-09,9.03014285,0.0015207727099999999,0.114487292,0.0021798261285999997,0.00024322215893,0.00165370469,0.3403044793999999,0.0021798261285999997,0.00024322215893,0.00187558536,2.6584718001,0.0021798261285999997,0.00024322215893,0.0018525626000000003,0.31716668600000003,0.0021798261285999997,0.00024322215893,2.5028003454208374
155,1656700200,2.67057308e-05,2.67057505e-05,0.009570771279999998,0.37044720774000006,0.027805073800000003,0.00410849238,0.008447505300000002,0.0065755808099999995,2.9681030299999998e-06,2.73416134e-05,13.169580299999998,33.2,3.08414609e-06,2.4535974899999997e-06,1.1855580900000001e-06,8.46602674e-07,6.297803979999999e-07,4.988653750000001e-07,4.27835349e-07,3.56409669e-07,8.13389345e-07,1.91188247e-07,2.86542656e-06,82.0172386,39.448751200000004,5.213408280000001e-10,9.1551975,0.001512408,0.1110687575,8.06851935e-06,1.40960392e-06,0.0015789453599999999,0.12211488149999998,8.06851935e-06,1.40960392e-06,0.00147554389,0.1076985006,8.06851935e-06,1.40960392e-06,0.0017707892400000002,0.1546369596,8.06851935e-06,1.40960392e-06,2.502649188041687
155,1656700800,2.66253802e-05,2.6625395700000002e-05,0.004324670299999998,0.1261646742,0.0226204239,0.0041066292300000005,0.008472293799999999,0.00659990591,2.92439012e-06,2.55617809e-05,13.143356800000001,39.3,3.1780926500000003e-06,2.38426125e-06,1.18117022e-06,8.231668260000001e-07,6.18720779e-07,5.048433129999999e-07,4.1912056600000005e-07,3.74594173e-07,7.925330070000001e-07,1.92000037e-07,2.84412817e-06,82.0290409,39.30827430000001,5.20211251e-10,9.1541395,0.00150634317,0.1098680146,1.375981353e-05,1.87396911e-06,0.0015648240199999997,0.1190040175,1.375981353e-05,1.87396911e-06,0.0015300516700000003,0.11666202960000001,1.375981353e-05,1.87396911e-06,0.00176533009,0.151398206,1.375981353e-05,1.87396911e-06,2.502698850631714
155,1656701400,0.00011073408060000001,0.00011073408680000001,0.007307795099999892,59.20827237915,0.10341854059999997,0.00447275485,0.008631911100000002,0.00669715427,0.00031166230103999993,0.0033062570287,14.660839099999999,69.8,3.211997242e-05,1.2730143579999998e-05,3.1064862100000004e-06,1.366141354e-06,7.961128089999999e-07,5.941786040000001e-07,4.461214849999999e-07,3.7731031e-07,8.01137892e-07,1.9255379899999995e-07,2.8367704700000003e-06,74.73841669999999,32.12421918,3.2063147559999994e-09,8.988470799999998,0.0015180748899999998,0.11955512100000001,0.0005286416925000001,6.369568445e-05,0.0017018722,0.551834465,0.0005286416925000001,6.369568445e-05,0.0017806242300000001,0.716338577,0.0005286416925000001,6.369568445e-05,0.00205623508,1.506794839,0.0005286416925000001,6.369568445e-05,2.5027448177337646
155,1656702000,3.35709216e-05,3.3570936299999994e-05,0.6486353204099999,7.091781256999999,0.041640448,0.00429579408,0.0086646549,0.0067071317399999995,1.220873185e-05,8.95706446e-05,15.332168,46.7,4.3349681100000006e-06,3.4046477299999997e-06,1.6583637e-06,1.0603172190000001e-06,7.831760539999999e-07,5.941925850000001e-07,4.81079649e-07,4.287985690000001e-07,9.043419689999998e-07,1.9876699199999997e-07,2.93673623e-06,79.378605,36.2150149,7.080796279999999e-10,9.1191288,0.00158358234,0.13744952240000002,2.772740909e-05,3.8090179399999997e-06,0.00168655547,0.1714617594,2.772740909e-05,3.8090179399999997e-06,0.0016404798599999998,0.159163765,2.772740909e-05,3.8090179399999997e-06,0.0018680754299999999,0.20663789700000001,2.772740909e-05,3.8090179399999997e-06,2.502673935890198
155,1656702600,2.6777922200000003e-05,2.6777929099999997e-05,0.00960749987,0.11084386629999998,0.022660719699999998,0.00412236472,0.00849321965,0.006626075949999999,2.93952468e-06,2.5826180200000002e-05,12.774475599999999,39.7,3.2154727399999998e-06,2.42438276e-06,1.22824157e-06,8.00304708e-07,6.22284871e-07,4.9553816e-07,4.14153462e-07,3.6946624399999997e-07,7.99852533e-07,1.9314423599999998e-07,2.82602925e-06,81.7824838,38.91671910000001,5.258190390000001e-10,9.15109185,0.00149803412,0.1086706279,1.137332159e-05,1.71961882e-06,0.00160121976,0.12495789659999998,1.137332159e-05,1.71961882e-06,0.00153362959,0.11611438200000002,1.137332159e-05,1.71961882e-06,0.00175732467,0.15301925499999997,1.137332159e-05,1.71961882e-06,2.502702784538269
155,1656703200,2.7018992899999996e-05,2.7019000900000005e-05,0.10208249148,1.6456763811,0.038554644900000004,0.004102888870000001,0.00845497355,0.006571578880000001,4.7488170700000005e-06,4.84854417e-05,12.942307899999998,37.7,3.11535802e-06,2.5386121599999998e-06,1.2234421500000002e-06,8.384433090000001e-07,6.431903659999999e-07,5.098623219999999e-07,4.3556749900000006e-07,3.64919219e-07,7.88809402e-07,1.91795986e-07,2.85920724e-06,81.7715702,39.0237149,5.3098783e-10,9.151087,0.00151893469,0.11270011049999999,9.07962571e-06,1.45181951e-06,0.0015882791,0.126561945,9.07962571e-06,1.45181951e-06,0.00149177912,0.10890272590000001,9.07962571e-06,1.45181951e-06,0.00176327514,0.15819863500000003,9.07962571e-06,1.45181951e-06,2.5026896476745604
155,1656703800,2.6158016299999998e-05,2.6158026699999998e-05,-0.01183771804,0.020601806299999997,0.0213216847,0.00408119523,0.008382553999999999,0.006532402,2.48189887e-06,2.15061394e-05,12.7307693,34.4,2.9229228600000003e-06,2.43041097e-06,1.1771301300000002e-06,8.166038940000001e-07,6.16605488e-07,4.93219608e-07,4.26371273e-07,3.5463995900000007e-07,8.04197464e-07,1.9104465e-07,2.84571354e-06,82.25261259999999,39.904923600000004,5.061585309999999e-10,9.158374750000002,0.0015047348600000002,0.10965261640000001,8.170036030000001e-06,1.3760660800000002e-06,0.0015791633400000001,0.12123345619999999,8.170036030000001e-06,1.3760660800000002e-06,0.0014529598,0.10421488799999998,8.170036030000001e-06,1.3760660800000002e-06,0.0017540258999999999,0.148345185,8.170036030000001e-06,1.3760660800000002e-06,2.5027235984802245
155,1656704400,2.71052756e-05,2.71052838e-05,-0.014283161994,0.010345937143999999,0.022912128999999996,0.0041539222,0.0085229533,0.006655052369999999,2.4746443e-06,1.95446548e-05,13.5506993,29.9,3.3103141800000005e-06,2.51168179e-06,1.18987404e-06,8.200344080000001e-07,6.08692564e-07,4.951028209999999e-07,4.29641816e-07,3.6077157299999996e-07,8.04997644e-07,1.9348843699999996e-07,2.82791764e-06,81.796125,38.636747400000004,5.35153916e-10,9.14961465,0.00150348583,0.1097458649,7.88663557e-06,1.4930116800000002e-06,0.00159477074,0.12319979249999999,7.88663557e-06,1.4930116800000002e-06,0.00158387608,0.1218569016,7.88663557e-06,1.4930116800000002e-06,0.0017862120799999998,0.156377659,7.88663557e-06,1.4930116800000002e-06,2.5027012825012207
155,1656705000,2.6451107300000002e-05,2.64511137e-05,0.0206775197,0.19519126470000006,0.0256024796,0.00410272969,0.0084481182,0.006587273209999999,2.40870244e-06,1.95183433e-05,13.372377700000001,33.3,3.1062202399999993e-06,2.3310802600000004e-06,1.2274724500000001e-06,8.20672601e-07,6.10836903e-07,5.22807899e-07,4.2466352499999997e-07,3.7314875499999996e-07,7.86770516e-07,1.95350695e-07,2.82648947e-06,81.9752045,39.4181513,5.160490810000001e-10,9.1536731,0.0015120784699999999,0.11105844759999998,7.305709860000001e-06,1.3023249899999998e-06,0.0015797960499999999,0.1206613,7.305709860000001e-06,1.3023249899999998e-06,0.0015192250500000001,0.1100023926,7.305709860000001e-06,1.3023249899999998e-06,0.0017575923599999997,0.150787475,7.305709860000001e-06,1.3023249899999998e-06,2.5026476621627807
155,1656705600,2.67468755e-05,2.67468985e-05,0.018240782429999998,0.16406628818,0.023707315099999998,0.00411545371,0.008502345649999998,0.00660965725,2.7929063399999997e-06,2.38011093e-05,13.0681818,34.5,3.1828400300000004e-06,2.40669284e-06,1.2340533500000002e-06,8.06702003e-07,6.228887270000001e-07,4.99238729e-07,4.13963061e-07,3.64218441e-07,8.18554007e-07,1.9111136099999998e-07,2.83311146e-06,81.8520198,39.1044687,5.24164893e-10,9.151514500000001,0.0015071341,0.1101263696,1.009391247e-05,1.5891839300000001e-06,0.00159700891,0.124522215,1.009391247e-05,1.5891839300000001e-06,0.0015075818599999998,0.11392037760000003,1.009391247e-05,1.5891839300000001e-06,0.00175192425,0.15188353599999999,1.009391247e-05,1.5891839300000001e-06,2.502706432342529
155,1656706200,2.65955949e-05,2.6595609400000004e-05,-0.00269601376,-0.021429945710000002,0.0208493004,0.0041185931,0.0084650621,0.00659953512,2.37990296e-06,1.9491992799999997e-05,13.2639859,31.8,3.01632048e-06,2.51038222e-06,1.22272414e-06,8.519587850000001e-07,6.209806550000001e-07,4.85239929e-07,4.29038669e-07,3.60597607e-07,7.96481769e-07,1.9095837899999998e-07,2.8129836099999996e-06,81.8807394,39.11419779999999,5.20369326e-10,9.153048100000001,0.0015126102200000002,0.11126006800000002,8.00712962e-06,1.3179881199999998e-06,0.00159133355,0.1229927035,8.00712962e-06,1.3179881199999998e-06,0.0015135443700000002,0.11009857999999999,8.00712962e-06,1.3179881199999998e-06,0.0017712418,0.152188096,8.00712962e-06,1.3179881199999998e-06,2.5026983261108398
155,1656706800,2.7043057199999998e-05,2.7043065300000004e-05,0.2409749218,4.52284251573,0.0354449834,0.00411612527,0.008497022250000002,0.00658248087,3.5900239499999998e-06,3.2441877399999995e-05,13.0157341,34.5,3.1147923500000002e-06,2.51247095e-06,1.2564444e-06,8.592587070000001e-07,6.24780964e-07,5.131576269999999e-07,4.2867334200000004e-07,3.7418459299999996e-07,8.176697919999998e-07,1.89654952e-07,2.83033974e-06,81.6224454,38.90020450000001,5.32220524e-10,9.14863795,0.00151289464,0.11316096819999999,8.73385526e-06,1.38527545e-06,0.0016025109299999999,0.1270617061,8.73385526e-06,1.38527545e-06,0.0015164607199999998,0.1102561892,8.73385526e-06,1.38527545e-06,0.0017727372700000001,0.156248088,8.73385526e-06,1.38527545e-06,2.5026883840560914
155,1656707400,2.5907196900000002e-05,2.5907207700000002e-05,0.016062593645,0.017849286600000007,0.023152256500000003,0.00406114872,0.008374047050000001,0.00651118754,2.1815140399999995e-06,1.72646963e-05,12.494755299999998,29.9,2.88441236e-06,2.3182549700000002e-06,1.1894553699999999e-06,8.02077556e-07,6.262896679999999e-07,5.080761920000001e-07,4.339719600000001e-07,3.68103934e-07,7.97309738e-07,1.9091589700000004e-07,2.8346331699999998e-06,82.380703,40.1840484,5.003027379999999e-10,9.15919485,0.0015068934699999999,0.11007737520000001,6.325362299999999e-06,1.2615178399999998e-06,0.00156813989,0.1198415424,6.325362299999999e-06,1.2615178399999998e-06,0.0014519496500000001,0.1021416165,6.325362299999999e-06,1.2615178399999998e-06,0.0017212448100000003,0.144583763,6.325362299999999e-06,1.2615178399999998e-06,2.5026718616485595
155,1656708000,2.59153372e-05,2.59153498e-05,0.003551459879999999,0.05877088877400001,0.0218186069,0.004059230509999999,0.00836053415,0.006513208029999999,2.36984441e-06,2.0085039199999998e-05,12.381119,28.3,2.8371810899999995e-06,2.3965903499999996e-06,1.17144754e-06,8.23898437e-07,6.296775319999999e-07,4.96418173e-07,4.2754961e-07,3.62348288e-07,7.91877575e-07,1.93658039e-07,2.8269493400000002e-06,82.2844815,40.0796242,5.01244072e-10,9.157775599999999,0.00150400631,0.10961766749999999,7.11510909e-06,1.3115270400000001e-06,0.0015778385700000001,0.120938835,7.11510909e-06,1.3115270400000001e-06,0.0014532602,0.10249874750000001,7.11510909e-06,1.3115270400000001e-06,0.00171408989,0.14296188999999998,7.11510909e-06,1.3115270400000001e-06,2.5027167558670045
155,1656708600,2.67031923e-05,2.6703205000000002e-05,-0.0005308827800000002,0.06884696118999999,0.025719415000000002,0.00412006451,0.008461743,0.00660789483,2.3781710499999998e-06,1.8538257999999997e-05,13.117132799999998,30.5,3.1675231900000002e-06,2.42801852e-06,1.21452009e-06,8.200193209999999e-07,6.15735142e-07,5.14452415e-07,4.11874108e-07,3.6102013200000004e-07,7.98859607e-07,1.93581353e-07,2.82591409e-06,81.86213699999999,39.100325100000006,5.232218e-10,9.152627400000002,0.00150295127,0.1097513004,7.8139012e-06,1.40611343e-06,0.0015877463200000001,0.12173532310000001,7.8139012e-06,1.40611343e-06,0.0015215486,0.11265493399999997,7.8139012e-06,1.40611343e-06,0.001792133,0.15615133,7.8139012e-06,1.40611343e-06,2.5026794195175173
155,1656709200,3.08895312e-05,3.0889539700000004e-05,-0.18125587208,9.2136084865,0.031850502200000005,0.00416679089,0.0085274194,0.006630935909999999,1.5598849209999998e-05,0.0001343306473,13.552447699999998,44.5,4.87471846e-06,2.78171e-06,1.2249684700000003e-06,8.199850870000001e-07,6.328884519999999e-07,4.99925626e-07,4.21882466e-07,3.72257836e-07,7.87686778e-07,1.93034863e-07,2.83563672e-06,80.95011250000002,37.188024899999995,6.55023699e-10,9.129892799999999,0.0015079941,0.11105033239999999,0.0001058269304,1.081554343e-05,0.00160009399,0.13212668789999998,0.0001058269304,1.081554343e-05,0.00157016952,0.18745938669999998,0.0001058269304,1.081554343e-05,0.0017953237699999999,0.18795563399999998,0.0001058269304,1.081554343e-05,2.5026518583297728
155,1656709800,3.1407645000000004e-05,3.1407651599999996e-05,0.0817840692,10.93826308782,0.038233194600000006,0.004148159060000001,0.00846256095,0.00655922476,1.5841555080000003e-05,0.00014516255040000005,13.033217099999998,43.4,5.37448595e-06,2.57398232e-06,1.2043237399999998e-06,7.885120789999999e-07,6.3027703e-07,5.07743947e-07,4.3044776800000005e-07,3.6790301400000003e-07,8.052739380000001e-07,1.90194837e-07,2.83063313e-06,80.89210589999999,37.29596299999999,6.72543091e-10,9.127583900000001,0.00150246178,0.11020990459999999,9.434176515e-05,9.521382740000001e-06,0.00157468833,0.12178427,9.434176515e-05,9.521382740000001e-06,0.0015475822900000002,0.1779390195,9.434176515e-05,9.521382740000001e-06,0.0018021646499999998,0.22449248899999996,9.434176515e-05,9.521382740000001e-06,2.502681255340576
155,1656710400,5.58594413e-05,5.58595855e-05,0.029880689940000003,1.3393289792999998,0.04333589919999999,0.00527726482,0.0111034493,0.00832397554,1.8264299350000002e-05,0.00011854790645000001,30.3181821,88.4,1.3820005520000001e-05,5.39330891e-06,1.7463963599999998e-06,1.012574378e-06,7.2276365e-07,5.573665660000001e-07,4.3731142499999997e-07,3.6513082099999995e-07,8.16866198e-07,1.95911796e-07,2.8621594600000002e-06,76.08226169999999,31.1104195,1.4366287420000003e-09,9.035596700000001,0.00162965351,0.13391628839999997,8.168374661e-05,1.152768666e-05,0.0019125106199999998,0.20528423,8.168374661e-05,1.152768666e-05,0.0024918236200000003,0.5254362069999999,8.168374661e-05,1.152768666e-05,0.00249666557,0.45114621600000004,8.168374661e-05,1.152768666e-05,2.502688431739807
155,1656711000,3.28929861e-05,3.2892997099999995e-05,0.4680116593300001,22.00624232637,0.048981840299999996,0.0041474617399999995,0.0084568334,0.00658799774,2.165261499e-05,0.00022010182399999999,13.054195799999999,47.4,4.72483645e-06,3.5067393100000003e-06,1.50012358e-06,8.961769700000001e-07,6.70139834e-07,5.06228481e-07,4.29539729e-07,3.76659015e-07,8.021220420000001e-07,1.91486565e-07,2.8423441700000002e-06,80.13578030000001,36.960791,7.072559750000001e-10,9.120169200000001,0.0015002909,0.1235054906,8.573370567999999e-05,8.64121112e-06,0.00161414031,0.1803051806,8.573370567999999e-05,8.64121112e-06,0.00152263745,0.15879532810000002,8.573370567999999e-05,8.64121112e-06,0.00179897324,0.211710098,8.573370567999999e-05,8.64121112e-06,2.502654480934143
155,1656711600,3.2996758799999993e-05,3.2996776600000006e-05,-0.0214688689,0.9026875750000002,0.025697540600000002,0.00443789098,0.009143213550000001,0.00705734128,8.11262692e-06,6.452441320000001e-05,18.552447700000002,58.4,5.762154330000001e-06,2.8579496199999998e-06,1.2653705000000001e-06,8.397621020000002e-07,6.1924323e-07,5.012084249999999e-07,4.338509410000001e-07,3.73246323e-07,8.04180527e-07,1.90712804e-07,2.85064176e-06,79.92646060000001,35.2370983,7.17422382e-10,9.114434849999999,0.00152744998,0.1131291086,4.262019419e-05,5.011925339999999e-06,0.0016474546599999998,0.1344604385,4.262019419e-05,5.011925339999999e-06,0.00185860582,0.2156179051,4.262019419e-05,5.011925339999999e-06,0.00199187631,0.21535608600000003,4.262019419e-05,5.011925339999999e-06,2.5027371644973755
155,1656712200,3.8861017e-05,3.8861027900000005e-05,0.4520235821000001,15.7863677178,0.0472763224,0.00419098505,0.008478585,0.006592178799999999,4.20516275e-05,0.00039411866519999995,13.234265599999997,41.8,7.380476320000001e-06,4.0998174e-06,1.2893302799999998e-06,8.60494821e-07,6.39732347e-07,5.21742947e-07,4.39946292e-07,3.5914277e-07,8.06914679e-07,1.94898193e-07,2.83790702e-06,80.09920960000001,37.19112749999999,9.10986857e-10,9.107787499999999,0.00152322348,0.114334855,0.00011257299451,1.1563294955999999e-05,0.0015921869799999998,0.16943005760000002,0.00011257299451,1.1563294955999999e-05,0.00153177042,0.2073534719,0.00011257299451,1.1563294955999999e-05,0.0018519166599999999,0.353838089,0.00011257299451,1.1563294955999999e-05,2.5026406049728394
155,1656712800,5.0464490300000005e-05,5.046449799999999e-05,0.33451622389999996,21.432766821079998,0.05690747459999999,0.004243009579999999,0.0084911377,0.006606316150000001,9.412460870999999e-05,0.0009962311948,13.555943899999999,40.8,1.4074245059999999e-05,3.29769296e-06,1.2470784599999999e-06,8.492702680000001e-07,6.32880512e-07,5.07123622e-07,4.1449212999999995e-07,3.65115754e-07,8.086233770000001e-07,1.92604867e-07,2.8430447699999997e-06,79.43125640000001,36.17793897,1.3010614339999998e-09,9.0847941,0.0015141690599999999,0.1148387206,0.0008476581636599999,8.117084413999999e-05,0.0016052683399999997,0.16191373380000001,0.0008476581636599999,8.117084413999999e-05,0.0016605565399999997,0.713054173,0.0008476581636599999,8.117084413999999e-05,0.00179681849,0.18658724599999998,0.0008476581636599999,8.117084413999999e-05,2.502682423591614
155,1656713400,2.59155893e-05,2.5915598399999997e-05,-0.011765245719999998,0.02206848596,0.020733414,0.004059729590000001,0.0083403283,0.00650400586,2.31888902e-06,1.90705069e-05,12.3723777,31.6,2.9397383500000004e-06,2.2695260000000003e-06,1.1836965900000001e-06,8.244006109999999e-07,6.11466121e-07,4.95055432e-07,4.42508732e-07,3.7124262600000003e-07,8.061709279999999e-07,1.92615757e-07,2.82133754e-06,82.28470949999999,40.1255169,5.00509013e-10,9.158869300000001,0.0015013899399999998,0.1094287826,8.31339415e-06,1.38328457e-06,0.00156100574,0.11792295239999999,8.31339415e-06,1.38328457e-06,0.00149038916,0.10855652200000002,8.31339415e-06,1.38328457e-06,0.0016992599699999999,0.1402154135,8.31339415e-06,1.38328457e-06,2.502722477912903
155,1656714000,2.6502086999999996e-05,2.65020999e-05,0.01070236006,-0.034442242799999995,0.0204737009,0.004113638259999999,0.00850465455,0.006606021690000001,2.22640268e-06,1.73435996e-05,12.6870628,30.3,3.0686315500000005e-06,2.4054667600000002e-06,1.18568068e-06,8.30042747e-07,6.13576351e-07,4.952586389999999e-07,4.2558029099999997e-07,3.68412309e-07,8.03408957e-07,1.9624920799999999e-07,2.8586077399999997e-06,82.1790078,39.5949574,5.158244500000001e-10,9.155591399999999,0.00150099232,0.10990479689999999,7.3543077999999995e-06,1.34288075e-06,0.0015829874800000001,0.12208493580000002,7.3543077999999995e-06,1.34288075e-06,0.0015259068,0.11152500359999999,7.3543077999999995e-06,1.34288075e-06,0.00174933263,0.147515505,7.3543077999999995e-06,1.34288075e-06,2.502705788612366
155,1656714600,2.62041874e-05,2.6204193000000003e-05,0.00844006444,0.029226694669999997,0.021915296499999997,0.00407828593,0.00843325855,0.00656388673,2.40512168e-06,1.92040606e-05,12.963286700000001,32.3,2.9721244099999997e-06,2.3575193499999996e-06,1.1921373299999999e-06,8.028533189999999e-07,6.40141443e-07,5.02809236e-07,4.2492490099999996e-07,3.6455107300000005e-07,8.1801079e-07,1.9623080900000003e-07,2.8307614899999995e-06,82.21418879999999,39.872853000000006,5.08830923e-10,9.1556457,0.00150549782,0.1100325312,8.50539724e-06,1.41571452e-06,0.0015861175500000001,0.1212406004,8.50539724e-06,1.41571452e-06,0.0014702755100000002,0.10637536789999999,8.50539724e-06,1.41571452e-06,0.0017264815400000002,0.14546303700000002,8.50539724e-06,1.41571452e-06,2.502698063850403
155,1656715200,2.7169448499999997e-05,2.7169478300000003e-05,0.01317766634,-0.002100866130000001,0.021946537199999998,0.004157128039999999,0.0085952258,0.006697955250000001,2.52236614e-06,1.9948094000000003e-05,14.043706,34.1,3.3573766199999997e-06,2.4380309999999996e-06,1.25846809e-06,8.148623050000001e-07,6.0707523e-07,4.99892462e-07,4.1834733700000006e-07,3.67605387e-07,8.04776181e-07,1.92147534e-07,2.82610461e-06,81.6985651,38.6305673,5.367844020000001e-10,9.149995800000001,0.0015161858700000002,0.11146356100000002,8.530190699999999e-06,1.5218666800000002e-06,0.00160490241,0.12456654650000001,8.530190699999999e-06,1.5218666800000002e-06,0.00157908872,0.122987997,8.530190699999999e-06,1.5218666800000002e-06,0.0017858391600000002,0.153955138,8.530190699999999e-06,1.5218666800000002e-06,2.5028191566467286
155,1656715800,2.9249941700000006e-05,2.9249947800000004e-05,0.0051822480799999975,0.09571953145,0.024015899099999998,0.00430408791,0.008877258099999999,0.006893860690000001,3.4625010300000004e-06,2.7915606600000004e-05,16.2604895,43.3,4.1813532299999994e-06,2.61940707e-06,1.2207887000000001e-06,8.205686940000001e-07,6.183575019999999e-07,5.28840748e-07,4.28899617e-07,3.6740980799999997e-07,8.191143890000001e-07,1.9430007200000004e-07,2.82584519e-06,80.7991889,36.231028200000004,6.00233316e-10,9.1318256,0.0015245657800000002,0.1128585814,1.25370584e-05,2.08188994e-06,0.00162220034,0.1272868084,1.25370584e-05,2.08188994e-06,0.001737279,0.1521717994,1.25370584e-05,2.08188994e-06,0.0018971020599999999,0.17760152199999998,1.25370584e-05,2.08188994e-06,2.5027295351028442
155,1656716400,2.69109924e-05,2.69109993e-05,0.0019071284800000004,0.06202687950000001,0.022642736200000003,0.0041332383299999996,0.00853432035,0.006628119219999999,2.84642947e-06,2.5785746599999998e-05,13.4877623,36.2,3.2269108599999996e-06,2.50727644e-06,1.19917745e-06,8.1677447e-07,6.20963427e-07,4.87854292e-07,4.1212415999999996e-07,3.6120561800000003e-07,8.07907971e-07,1.94020895e-07,2.82115876e-06,81.7701906,38.7844137,5.30232769e-10,9.149528800000002,0.0015118014099999998,0.11033111120000001,8.71367608e-06,1.4633430200000002e-06,0.0015849345099999998,0.12099919350000002,8.71367608e-06,1.4633430200000002e-06,0.0015375237699999998,0.11517801790000001,8.71367608e-06,1.4633430200000002e-06,0.0018136537600000001,0.16013435399999998,8.71367608e-06,1.4633430200000002e-06,2.502580428123474
155,1656717000,2.5967589299999997e-05,2.5967605099999997e-05,0.003571309601999999,0.0045488677965999985,0.0211263579,0.00406546746,0.00840013945,0.00654312224,2.26784715e-06,1.83938698e-05,12.2849651,29.5,2.9505053400000003e-06,2.31170533e-06,1.2228521099999999e-06,8.0738734e-07,6.17352982e-07,4.94092455e-07,4.16809348e-07,3.66906867e-07,7.895063560000001e-07,1.9146825100000004e-07,2.815192e-06,82.2652416,39.868716899999995,5.03794155e-10,9.1572505,0.00150944983,0.11057186640000001,7.13058264e-06,1.29372688e-06,0.0015599281500000002,0.1182257326,7.13058264e-06,1.29372688e-06,0.0014729364799999998,0.10563389940000001,7.13058264e-06,1.29372688e-06,0.00173884234,0.146566543,7.13058264e-06,1.29372688e-06,2.502675700187683
155,1656717600,0.00025711094620000003,0.0002571109659,-0.22443943507000003,26.7693090813,0.1308123346,0.0045811238599999995,0.00858334055,0.006645239409999999,0.00072964054079,0.006821129368999999,13.9930071,51.9,9.000119912e-05,2.812161671e-05,2.8725142899999996e-06,1.5284006000000001e-06,7.460559290000001e-07,5.75861863e-07,4.570574240000001e-07,3.92149072e-07,8.22176507e-07,1.9427661699999997e-07,2.84413924e-06,76.77659729999999,35.9956802,8.170179154999999e-09,9.00666897,0.00154699836,0.1946380181,0.0034063038853000003,0.00033519952823,0.0016613710300000001,0.5904778866000001,0.0034063038853000003,0.00033519952823,0.00192159444,3.3604964014000003,0.0034063038853000003,0.00033519952823,0.0021019393300000006,2.939492277,0.0034063038853000003,0.00033519952823,2.502736759185791
155,1656718200,3.6531327600000004e-05,3.65313352e-05,0.5639701648900001,28.176210921499994,0.07045928670000001,0.00419441032,0.008452164600000001,0.0065962832200000005,3.833659206e-05,0.0003947142375,13.2377623,57.4,7.163549359999999e-06,3.1489311499999997e-06,1.2984111699999998e-06,8.62138391e-07,6.42541019e-07,5.066348870000001e-07,4.3111076100000006e-07,3.68702097e-07,7.94284536e-07,1.9507153500000002e-07,2.85420115e-06,79.8047117,35.5008061,8.306747539999998e-10,9.1054389,0.0015132068400000001,0.11249602809999999,0.00016871416027,1.837792241e-05,0.0016141337699999998,0.14983703089999997,0.00016871416027,1.837792241e-05,0.00154983964,0.277737157,0.00016871416027,1.837792241e-05,0.0018189504200000002,0.238942441,0.00016871416027,1.837792241e-05,2.5027295112609864
155,1656718800,2.68010794e-05,2.68010911e-05,-0.01431239269,0.14482000407200002,0.021520808300000003,0.004120541060000001,0.0085069074,0.006609771709999999,3.15888605e-06,2.83764562e-05,13.351398649999998,40.5,3.15781455e-06,2.47483598e-06,1.19915188e-06,8.26442009e-07,6.1852397e-07,4.96055425e-07,4.1554287999999994e-07,3.7442868500000005e-07,8.05357069e-07,1.93130785e-07,2.8391890299999997e-06,81.8924744,39.1245028,5.25243226e-10,9.152608400000002,0.0015018706400000002,0.10955575449999999,1.1971405230000002e-05,1.8623374200000004e-06,0.0015912849,0.12374388389999999,1.1971405230000002e-05,1.8623374200000004e-06,0.00152423444,0.117200832,1.1971405230000002e-05,1.8623374200000004e-06,0.0017520557700000002,0.149240269,1.1971405230000002e-05,1.8623374200000004e-06,2.502719783782959
155,1656719400,2.7031083600000003e-05,2.7031092900000002e-05,0.014013882400000002,0.03766674294,0.0252211148,0.00414931366,0.008535367500000002,0.00665106145,2.5500644399999997e-06,2.02537351e-05,13.634615399999998,33.9,3.2391941800000003e-06,2.46644324e-06,1.2385658000000001e-06,8.21846715e-07,6.27627836e-07,4.959089500000001e-07,4.12574292e-07,3.72665982e-07,8.0757699e-07,1.93018937e-07,2.8400392e-06,81.76299549999999,38.7941814,5.316873190000001e-10,9.1513827,0.00151635095,0.1118273216,7.803241650000001e-06,1.47951168e-06,0.0016027484300000002,0.12437190849999999,7.803241650000001e-06,1.47951168e-06,0.0015632323600000002,0.11983720149999999,7.803241650000001e-06,1.47951168e-06,0.0017786657900000003,0.15289579000000003,7.803241650000001e-06,1.47951168e-06,2.5026313781738283
155,1656720000,3.7681067700000005e-05,3.7681078200000004e-05,3.23337861495,83.32286596602,0.114018388,0.00432322723,0.008726316699999999,0.006729206569999998,2.619030798e-05,0.0002278320453,15.295454799999998,50.6,4.24100777e-06,3.78574565e-06,1.8878260199999999e-06,1.277938603e-06,9.84705326e-07,7.826199920000001e-07,6.45994474e-07,5.531150240000001e-07,1.1314653030000001e-06,2.0824880899999997e-07,3.34179459e-06,78.044142,35.6399641,7.82226707e-10,9.1121871,0.00158772596,0.18032034540000003,1.4807487960000001e-05,2.1634208399999997e-06,0.0017022255899999997,0.19073479599999998,1.4807487960000001e-05,2.1634208399999997e-06,0.0016485230999999999,0.1391127371,1.4807487960000001e-05,2.1634208399999997e-06,0.0019512162399999999,0.237729825,1.4807487960000001e-05,2.1634208399999997e-06,2.5027331829071047
155,1656720600,3.0408651300000003e-05,3.04086547e-05,0.42743155209999995,10.549079912571,0.0541709308,0.004272322050000001,0.00872528815,0.0068010087299999996,8.420417680000001e-06,7.274924600000001e-05,14.924825299999998,54.7,4.16269178e-06,2.87168332e-06,1.34048331e-06,8.889453089999998e-07,6.407254969999999e-07,5.53668545e-07,4.504719560000001e-07,3.79775699e-07,8.28299888e-07,1.9269052499999999e-07,2.8948306900000004e-06,80.33644220000001,36.1620189,6.258028209999999e-10,9.128255450000001,0.0015285093700000002,0.1213419649,1.933669421e-05,2.7111124400000004e-06,0.00163770764,0.133710881,1.933669421e-05,2.7111124400000004e-06,0.0016585185800000002,0.146323953,1.933669421e-05,2.7111124400000004e-06,0.0018792517300000003,0.195523056,1.933669421e-05,2.7111124400000004e-06,2.5027852773666384
155,1656721200,2.6352148499999997e-05,2.63521548e-05,0.0023989553999999988,0.04362004144,0.0221708349,0.00408862416,0.0084489224,0.0065749203,2.54833034e-06,2.04800982e-05,13.029720399999999,31.0,3.0908750700000003e-06,2.3610557300000003e-06,1.1617227e-06,8.06785227e-07,6.182847090000001e-07,5.21694738e-07,4.2714184199999996e-07,3.61294611e-07,8.122913820000001e-07,1.90137762e-07,2.8246593300000003e-06,82.11937520000001,39.6067853,5.133166549999999e-10,9.1552013,0.00151129473,0.1111057566,8.041829039999998e-06,1.35479615e-06,0.00157740874,0.1203002889,8.041829039999998e-06,1.35479615e-06,0.00150543876,0.110013479,8.041829039999998e-06,1.35479615e-06,0.00172775446,0.14799023,8.041829039999998e-06,1.35479615e-06,2.5026699542999267
155,1656721800,4.29446605e-05,4.29446663e-05,-0.033784676590000014,20.0578273222,0.051714762000000004,0.004260015340000001,0.0086229271,0.0066941191499999995,5.871537172e-05,0.0006160007114000001,13.9860139,55.4,1.068031044e-05,2.96204224e-06,1.2330796000000002e-06,8.287063109999999e-07,6.091998969999999e-07,5.19729373e-07,4.26071528e-07,3.6793149200000005e-07,8.1017215e-07,1.91763333e-07,2.84326187e-06,79.3479021,35.159067199999996,1.048253399e-09,9.0888232,0.00150914363,0.1112775456,0.00042303068321999996,4.100116469e-05,0.0015795059899999999,0.12492631299999998,0.00042303068321999996,4.100116469e-05,0.0016819723200000001,0.421946252,0.00042303068321999996,4.100116469e-05,0.0018633775200000001,0.304762808,0.00042303068321999996,4.100116469e-05,2.5027750968933105
155,1656722400,2.6590558399999997e-05,2.6590573e-05,0.00640278143,0.0247785095,0.0232816338,0.004112304989999999,0.008500034399999998,0.0066127353,2.4368971100000002e-06,1.88350078e-05,13.197552499999997,34.1,3.1565851300000005e-06,2.41603558e-06,1.1963298400000001e-06,7.89208387e-07,6.474191830000001e-07,4.890979850000001e-07,4.0743588599999995e-07,3.5765027199999996e-07,8.019802779999999e-07,1.9290653100000001e-07,2.8405683400000003e-06,82.01592739999998,39.27766269999999,5.2032256e-10,9.1534907,0.00151124388,0.11073888539999999,8.428692750000001e-06,1.37533445e-06,0.00158043535,0.1213543745,8.428692750000001e-06,1.37533445e-06,0.0015172208000000002,0.11158518390000001,8.428692750000001e-06,1.37533445e-06,0.0017740076199999999,0.15352320800000002,8.428692750000001e-06,1.37533445e-06,2.502718949317932
155,1656723000,3.05852936e-05,3.0585304599999994e-05,0.31576787337300005,13.52285449085,0.048333056199999995,0.004202725690000001,0.00860286305,0.00669296648,1.038592632e-05,9.84910633e-05,14.0262236,42.1,4.100407219999999e-06,2.95458892e-06,1.3847660700000002e-06,8.94760383e-07,6.91816314e-07,5.30170013e-07,4.448904379999999e-07,3.73295671e-07,8.56752013e-07,1.93610121e-07,2.8675584800000005e-06,80.42310439999999,37.25159240000001,6.31073108e-10,9.1306689,0.00153609768,0.1213941896,1.7725880419999997e-05,2.4158120499999997e-06,0.0015979378400000001,0.14157403740000002,1.7725880419999997e-05,2.4158120499999997e-06,0.00158106347,0.13070916250000003,1.7725880419999997e-05,2.4158120499999997e-06,0.00182909811,0.20817967399999998,1.7725880419999997e-05,2.4158120499999997e-06,2.502922797203064
155,1656723600,2.6570217e-05,2.6570226400000003e-05,-0.0011883390850000006,0.00576605995,0.0227261131,0.00411390285,0.008479547,0.006601784130000001,2.3454722699999994e-06,1.8452905100000003e-05,13.027972199999999,30.7,3.15399351e-06,2.3879806799999996e-06,1.17937045e-06,8.02180029e-07,6.355736000000001e-07,5.03153686e-07,4.2579819600000003e-07,3.7422780399999996e-07,7.90658798e-07,1.92276742e-07,2.83981585e-06,81.9683196,39.3030275,5.185574409999999e-10,9.154189800000001,0.00152440422,0.1123491419,6.790283399999999e-06,1.3253427000000001e-06,0.00156344597,0.11879705160000001,6.790283399999999e-06,1.3253427000000001e-06,0.00153099355,0.1124859866,6.790283399999999e-06,1.3253427000000001e-06,0.00176957337,0.152272607,6.790283399999999e-06,1.3253427000000001e-06,2.502582550048828
155,1656724200,2.82790238e-05,2.8279038199999992e-05,-0.0025232295269999993,0.31670563770000004,0.027468540999999996,0.00418898619,0.00862467755,0.0066984246,3.89072403e-06,2.8187754500000004e-05,14.25349645,39.3,3.8033328600000007e-06,2.49978022e-06,1.2317102000000002e-06,8.157306270000001e-07,6.19517641e-07,5.221914009999999e-07,4.34402343e-07,3.71644838e-07,8.037376060000001e-07,1.9522923899999997e-07,2.8422310599999997e-06,81.488218,38.390573,5.71307147e-10,9.14355045,0.0015165184999999999,0.11129181719999999,1.2962992230000002e-05,2.21363995e-06,0.0015795203000000002,0.12314669799999997,1.2962992230000002e-05,2.21363995e-06,0.0015995749200000003,0.13892375740000001,1.2962992230000002e-05,2.21363995e-06,0.001801702,0.168307819,1.2962992230000002e-05,2.21363995e-06,2.502748394012451
155,1656724800,2.6745615800000004e-05,2.67456284e-05,-0.003861985870000002,0.055112444139999994,0.023437497100000003,0.004118279729999999,0.00850018665,0.00661577666,2.7291122300000004e-06,2.1960071600000004e-05,13.2937061,34.1,3.1888936499999997e-06,2.42600638e-06,1.1736494999999999e-06,8.23498475e-07,6.44606645e-07,5.09655525e-07,4.25799391e-07,3.6829764e-07,7.98549885e-07,1.9240375500000002e-07,2.82140088e-06,81.9320111,39.046457100000005,5.250549010000001e-10,9.1529718,0.00152361299,0.11243723850000001,9.872107099999999e-06,1.6092215300000002e-06,0.00156400151,0.1184155756,9.872107099999999e-06,1.6092215300000002e-06,0.00155376699,0.12005564050000002,9.872107099999999e-06,1.6092215300000002e-06,0.00174451144,0.14998176800000002,9.872107099999999e-06,1.6092215300000002e-06,2.5026691436767576
155,1656725400,2.6450287e-05,2.64503004e-05,-0.0034911243999999992,-0.0028276116899999997,0.021654395799999997,0.0041012353000000005,0.008477664199999999,0.00660510361,2.39507155e-06,1.81918247e-05,13.146852999999998,29.7,3.05174944e-06,2.40120636e-06,1.2042591e-06,8.194918559999999e-07,6.23666691e-07,5.00427798e-07,4.4420475599999996e-07,3.6811476799999996e-07,7.984372089999999e-07,1.92146041e-07,2.82133654e-06,82.03162160000001,39.405896899999995,5.16251055e-10,9.15374375,0.0015114842599999998,0.11103422110000001,6.6945697200000005e-06,1.24084311e-06,0.0015663982100000001,0.12036636839999999,6.6945697200000005e-06,1.24084311e-06,0.0014740763399999999,0.1057812323,6.6945697200000005e-06,1.24084311e-06,0.0017768921099999997,0.155047089,6.6945697200000005e-06,1.24084311e-06,2.5027236700057984
155,1656726000,2.6757067900000003e-05,2.67570817e-05,0.11439735168299996,1.41293347739,0.030387983400000006,0.004104943450000001,0.008414191,0.00658010273,2.9574259500000006e-06,2.43152936e-05,12.9737763,30.7,2.9969844399999997e-06,2.4265359099999996e-06,1.22505192e-06,8.500597119999999e-07,6.541539579999999e-07,5.12591113e-07,4.51630435e-07,3.83508142e-07,8.231590489999998e-07,1.94528698e-07,2.86023878e-06,81.91242439999999,39.66256800000001,5.20656404e-10,9.1544292,0.00154262429,0.11646438340000001,7.2335964e-06,1.316845854e-06,0.00159068812,0.1251577575,7.2335964e-06,1.316845854e-06,0.0014546573399999998,0.104088654,7.2335964e-06,1.316845854e-06,0.00174861197,0.15015002500000002,7.2335964e-06,1.316845854e-06,2.502705931663513
155,1656726600,2.8404494222222223e-05,2.8404511666666672e-05,0.3412062348888889,10.054098144777779,0.04045950755555555,0.0040804951666666665,0.008355599333333333,0.006492437222222223,9.108112244444445e-06,8.095401700000001e-05,12.332944833333334,36.111111111111114,3.948455788888889e-06,2.518079411111111e-06,1.1873853888888889e-06,8.007899166666667e-07,6.125098655555556e-07,5.031095155555556e-07,4.1821418000000006e-07,3.675930288888889e-07,8.118814822222221e-07,1.9590984777777777e-07,2.838184788888889e-06,81.56044566666667,38.632654555555554,5.756202633333334e-10,9.145186777777777,0.0015034725666666666,0.10938588566666667,4.7577863255555555e-05,4.971740460000001e-06,0.0015705231333333332,0.12584573555555553,4.7577863255555555e-05,4.971740460000001e-06,0.0014712679333333334,0.13194954711111112,4.7577863255555555e-05,4.971740460000001e-06,0.001741351711111111,0.1797648622222222,4.7577863255555555e-05,4.971740460000001e-06,2.5027048852708607
155,1656727200,2.69647458e-05,2.6964751500000004e-05,0.252320692527,4.8088044929599985,0.030284592399999997,0.00405957837,0.00835788405,0.00650104772,7.71246786e-06,7.858655239999999e-05,12.438811249999999,45.4,3.3269068699999996e-06,2.3907611700000004e-06,1.2190762299999999e-06,8.36072737e-07,6.278074729999999e-07,4.92087461e-07,4.135944469999999e-07,3.67752957e-07,7.97218184e-07,1.8983547599999999e-07,2.82121294e-06,81.83053809999998,39.213650900000005,5.31869208e-10,9.15096365,0.0015141129,0.111326824,2.480139105e-05,3.1778213e-06,0.00156270712,0.12156084940000003,2.480139105e-05,3.1778213e-06,0.00146605798,0.12340177799999999,2.480139105e-05,3.1778213e-06,0.0017076889300000001,0.151565931,2.480139105e-05,3.1778213e-06,2.5027681589126587
155,1656727800,2.9545992499999997e-05,2.9546015500000004e-05,0.4201411902843001,10.325606626599997,0.0453897838,0.004123274580000001,0.0084753001,0.006581208740000001,1.6249406630000003e-05,0.0001692917822,12.9807691,50.5,4.43634188e-06,2.53603996e-06,1.19775401e-06,8.253297810000001e-07,6.174654199999999e-07,5.088069050000001e-07,4.2439058999999997e-07,3.6099422600000004e-07,8.14777904e-07,2.00356727e-07,2.85064024e-06,81.30210559999999,37.8588116,6.108292299999999e-10,9.137831799999999,0.00150507513,0.1106210335,6.849820857000001e-05,6.987362850000001e-06,0.0015700118400000002,0.12334400850000002,6.849820857000001e-05,6.987362850000001e-06,0.0015089407300000002,0.1607449074,6.849820857000001e-05,6.987362850000001e-06,0.00177090343,0.180246878,6.849820857000001e-05,6.987362850000001e-06,2.5027461528778074
155,1656728400,2.5943974499999998e-05,2.59439892e-05,-0.0005745579,0.02441202744,0.022270510200000003,0.004057899139999999,0.008385053699999999,0.0065327161199999996,2.52877506e-06,2.0984953e-05,12.3881117,33.8,3.0100882e-06,2.30194617e-06,1.17417721e-06,7.94497948e-07,6.13069078e-07,4.9557319e-07,4.1086048299999997e-07,3.52339492e-07,8.01775789e-07,1.89499271e-07,2.8280137800000003e-06,82.4326289,39.960154900000006,5.03279679e-10,9.158479799999999,0.00149487749,0.10805586279999999,9.40377818e-06,1.5791261700000001e-06,0.0015522753799999999,0.11737741809999999,9.40377818e-06,1.5791261700000001e-06,0.0014962632900000002,0.11267377949999999,9.40377818e-06,1.5791261700000001e-06,0.0017124850600000001,0.14185443599999997,9.40377818e-06,1.5791261700000001e-06,2.502737617492676
155,1656729000,2.5846985799999997e-05,2.5847010299999997e-05,0.048239872079999996,0.48620873097000006,0.030280355200000005,0.00405719427,0.0083717112,0.00652489071,2.37904265e-06,2.1396262099999998e-05,12.1066434,29.5,2.86089999e-06,2.32295522e-06,1.1491433200000002e-06,8.200912409999999e-07,6.278221410000001e-07,5.128259589999999e-07,4.2800748299999995e-07,3.68128332e-07,8.126975919999999e-07,1.92928382e-07,2.8279469700000004e-06,82.27694760000001,40.3116422,4.96967824e-10,9.1611589,0.0015154924400000002,0.11182600899999999,6.88939372e-06,1.2601461e-06,0.00155953046,0.11773666010000002,6.88939372e-06,1.2601461e-06,0.0014555515600000002,0.1018261605,6.88939372e-06,1.2601461e-06,0.00171559563,0.14166125300000001,6.88939372e-06,1.2601461e-06,2.5027225971221925
155,1656729600,2.59144099e-05,2.59144189e-05,-0.0009066524900000003,0.0257190187076,0.0208251697,0.00405784691,0.00835654535,0.006514287169999999,2.22616771e-06,1.77428069e-05,12.4318181,29.1,2.9139814e-06,2.2727435199999998e-06,1.22611973e-06,8.06967701e-07,6.29904511e-07,5.106612480000001e-07,4.24227894e-07,3.5041339499999995e-07,8.05155384e-07,1.91164041e-07,2.82579278e-06,82.2884754,40.1361945,5.00233613e-10,9.15850995,0.0015065668700000002,0.1105329674,6.917594229999999e-06,1.22895184e-06,0.00159370648,0.12376509799999999,6.917594229999999e-06,1.22895184e-06,0.0014247890499999999,0.09906760590000001,6.917594229999999e-06,1.22895184e-06,0.00172105964,0.144655581,6.917594229999999e-06,1.22895184e-06,2.5027426958084105
155,1656730200,2.73346113e-05,2.7334620900000003e-05,-0.04232495178,2.4775102907599997,0.028434902900000003,0.0040811222199999995,0.008384986300000001,0.006507336799999999,7.3295026700000005e-06,7.482317904999998e-05,12.914335600000001,39.6,3.50136196e-06,2.34708644e-06,1.20707215e-06,8.234221380000001e-07,6.3868413e-07,4.9962345e-07,4.41481359e-07,3.61467162e-07,7.950362610000002e-07,1.9638959800000002e-07,2.8555804e-06,81.8220476,39.2354984,5.41257178e-10,9.151184050000001,0.0015070962199999999,0.11085959370000001,4.0281976449999995e-05,4.374486689999999e-06,0.00156258753,0.11885199160000001,4.0281976449999995e-05,4.374486689999999e-06,0.0014798155500000002,0.1299881134,4.0281976449999995e-05,4.374486689999999e-06,0.0017153591400000002,0.148701468,4.0281976449999995e-05,4.374486689999999e-06,2.5027242422103884
155,1656730800,3.41580533e-05,3.4158062099999995e-05,0.47170931962999996,8.9986652178,0.051724849100000005,0.00438360218,0.0089645753,0.006923732199999999,1.248093799e-05,0.0001074764644,16.8076924,53.1,6.02822775e-06,3.1358940099999996e-06,1.26588221e-06,8.3803331e-07,6.2003923e-07,5.31894912e-07,4.2420713800000006e-07,3.67409084e-07,8.053207349999999e-07,1.92332654e-07,2.8696828799999995e-06,79.64968719999999,34.881876,7.510938809999999e-10,9.107528199999999,0.00151314586,0.1125733006,9.996869985e-05,1.016163081e-05,0.0016478029999999998,0.13541121439999998,9.996869985e-05,1.016163081e-05,0.0017781349800000002,0.2300271006,9.996869985e-05,1.016163081e-05,0.0019502118299999996,0.23031157899999996,9.996869985e-05,1.016163081e-05,2.502744269371033
155,1656731400,2.6510061700000003e-05,2.6510072799999995e-05,-5.803960000000281e-05,0.14616306619999997,0.023542804,0.004096789050000001,0.008431305350000001,0.00658248434,2.7219871e-06,2.3235309299999997e-05,12.819930099999999,38.6,3.1404958599999996e-06,2.3600487799999998e-06,1.22473856e-06,8.34354375e-07,6.2183658e-07,4.912621069999999e-07,4.20040137e-07,3.5722563900000004e-07,7.768681529999999e-07,1.96524401e-07,2.83159923e-06,82.010524,39.334705,5.18229734e-10,9.15366425,0.00150958649,0.11063904,9.93578285e-06,1.57030625e-06,0.00158362275,0.12279516499999998,9.93578285e-06,1.57030625e-06,0.0015103758400000001,0.11237612400000001,9.93578285e-06,1.57030625e-06,0.0017599684999999997,0.15000308199999998,9.93578285e-06,1.57030625e-06,2.5027103185653687
155,1656732000,2.59941881e-05,2.5994196300000003e-05,-0.010066977179999999,0.004227298199999998,0.0215842565,0.004067372419999999,0.008356198549999999,0.00652467979,2.2316115400000003e-06,1.83698481e-05,12.3426572,29.8,2.9485188799999997e-06,2.36998352e-06,1.17408118e-06,8.06830602e-07,6.05835923e-07,4.97056283e-07,4.186324859999999e-07,3.59295387e-07,8.08797922e-07,1.9254637999999996e-07,2.8154160999999997e-06,82.2145061,39.8957543,5.04237903e-10,9.15571065,0.0014864816899999998,0.1070147011,7.41271181e-06,1.26709683e-06,0.00157086475,0.11955095450000001,7.41271181e-06,1.26709683e-06,0.00146001298,0.103908992,7.41271181e-06,1.26709683e-06,0.0017575391400000001,0.150017792,7.41271181e-06,1.26709683e-06,2.5026944875717163
155,1656732600,7.139543079999999e-05,7.139545179999999e-05,0.26836364737999996,26.115914681502993,0.07131742290000001,0.004304147800000001,0.008529639700000001,0.0066347608,0.00020580457703,0.0021897767467,13.6958043,53.8,2.344362129e-05,4.2972337e-06,1.2996676400000002e-06,8.78052835e-07,6.25131842e-07,5.11999359e-07,4.4209437699999995e-07,3.6132405399999994e-07,8.091949940000001e-07,1.9512167100000004e-07,2.83423159e-06,78.55521279999999,35.596783,1.9973867089999997e-09,9.0551503,0.00152276459,0.1158963189,0.0005964935841099999,5.972924092e-05,0.00160923717,0.17170490249999998,0.0005964935841099999,5.972924092e-05,0.0016465066099999998,0.5869151265999999,0.0005964935841099999,5.972924092e-05,0.00190348072,0.9002566680000001,0.0005964935841099999,5.972924092e-05,2.5027350902557375
155,1656733200,2.5983175100000002e-05,2.5983186e-05,-0.00971016804,-0.008222623600000001,0.020764866900000005,0.004065507119999999,0.0083828604,0.00652285192,2.28715838e-06,1.8666530899999998e-05,12.506992899999998,30.5,2.93598911e-06,2.3524729899999996e-06,1.17992926e-06,8.121402139999998e-07,6.354637390000001e-07,4.9863399e-07,4.17852886e-07,3.54161045e-07,7.94224143e-07,1.9433302099999997e-07,2.81632498e-06,82.213975,39.893694599999996,5.032855469999998e-10,9.1576802,0.00150548257,0.1097574531,7.37755926e-06,1.3246512300000001e-06,0.0015702078500000002,0.119859244,7.37755926e-06,1.3246512300000001e-06,0.00148534798,0.107613451,7.37755926e-06,1.3246512300000001e-06,0.0017102789300000002,0.14357012,7.37755926e-06,1.3246512300000001e-06,2.502692127227783
155,1656733800,3.8710071500000006e-05,3.8710076299999996e-05,-0.3754100404,23.726011459499997,0.047369991699999996,0.00425821106,0.00855057715,0.00663211937,3.4766118969999995e-05,0.00034390582239999997,13.9842656,58.1,8.149070689999999e-06,3.3536925300000004e-06,1.27263459e-06,8.271482790000001e-07,6.365803479999999e-07,4.998572780000001e-07,4.1236055799999993e-07,3.7409582999999996e-07,8.02180891e-07,1.95288841e-07,2.8321038700000002e-06,79.31666579999998,34.86352635000001,9.039959780000001e-10,9.093373,0.00151369766,0.11181139600000001,0.00030616097468,2.9611119219999993e-05,0.00161018616,0.1341859774,0.00030616097468,2.9611119219999993e-05,0.00161226041,0.3380733924,0.00030616097468,2.9611119219999993e-05,0.00185904393,0.25700876100000003,0.00030616097468,2.9611119219999993e-05,2.502694010734558
155,1656734400,2.54793545e-05,2.54793626e-05,0.0036641843760000002,0.022970707540000003,0.022529529899999998,0.00402671535,0.0082957726,0.006450298330000001,2.1917274599999998e-06,1.85526247e-05,11.7709791,30.2,2.8215702400000003e-06,2.25748949e-06,1.1342628499999998e-06,8.08109281e-07,6.25328638e-07,5.01814547e-07,4.0373239500000003e-07,3.6467864100000005e-07,7.90895104e-07,1.9061040400000002e-07,2.8411092999999996e-06,82.7100335,40.7156104,4.880651929999999e-10,9.16414955,0.00150047154,0.10850893190000002,7.358234509999999e-06,1.3140779800000002e-06,0.00154827645,0.11671533,7.358234509999999e-06,1.3140779800000002e-06,0.00146147979,0.1046578574,7.358234509999999e-06,1.3140779800000002e-06,0.0016627375,0.1346750229,7.358234509999999e-06,1.3140779800000002e-06,2.502706265449524
155,1656735000,4.8582665499999994e-05,4.8582673099999996e-05,-0.6862229789709999,21.911113348500002,0.044939893800000005,0.00430927393,0.0085007574,0.0066010793,6.65769506e-05,0.0006441838372000001,13.919580200000002,56.6,1.14890939e-05,4.42803822e-06,1.64035935e-06,8.97140572e-07,6.63908552e-07,5.178082609999999e-07,4.2992914499999995e-07,3.8232584899999993e-07,8.08872156e-07,1.94119151e-07,2.83964278e-06,78.483513,34.8095874,1.217351188e-09,9.076773600000001,0.0015067692400000002,0.11581048599999999,0.00032345431469,3.3804430940000004e-05,0.0016093736599999998,0.1848590009,0.00032345431469,3.3804430940000004e-05,0.0017418171399999998,0.5053872223999999,0.00032345431469,3.3804430940000004e-05,0.0018508239899999997,0.316710502,0.00032345431469,3.3804430940000004e-05,2.5027990341186523
155,1656735600,2.6298177499999997e-05,2.6298192200000003e-05,0.0205571681,0.07259889209,0.022580454699999995,0.00409172275,0.0084298185,0.0065824785999999995,2.6791157699999997e-06,2.3829369e-05,12.7150352,34.8,3.0024238299999997e-06,2.4029882099999995e-06,1.20213603e-06,8.28137154e-07,6.231701560000001e-07,5.08211859e-07,4.25385931e-07,3.5073732599999996e-07,7.813477580000001e-07,1.93707833e-07,2.8307947000000003e-06,82.2034879,39.6311381,5.118926889999999e-10,9.155806799999999,0.00150790724,0.1104489233,7.23880334e-06,1.3249733799999998e-06,0.00158408249,0.12269800639999999,7.23880334e-06,1.3249733799999998e-06,0.00148796179,0.107724745,7.23880334e-06,1.3249733799999998e-06,0.0017354976099999999,0.14724860600000003,7.23880334e-06,1.3249733799999998e-06,2.5026386976242065
155,1656736200,7.139518809999999e-05,7.139519399999999e-05,0.484486795855,37.709305930460005,0.0820326443,0.00421843866,0.0083974573,0.006535343689999999,0.00018751316167,0.0019942750573,12.722028,44.0,1.599035114e-05,9.82743865e-06,2.7069226400000003e-06,1.1770058949999998e-06,7.03825251e-07,5.54432091e-07,4.5853483900000005e-07,3.9110324800000003e-07,8.43254129e-07,1.9487032499999999e-07,2.84978137e-06,78.3175951,36.8681833,1.931945725e-09,9.0704747,0.00151721944,0.12734416469999998,0.0009945741822300002,9.420317228999998e-05,0.00162314985,0.5358500675,0.0009945741822300002,9.420317228999998e-05,0.00160502699,0.7285749382,0.0009945741822300002,9.420317228999998e-05,0.0018102808,0.378877703,0.0009945741822300002,9.420317228999998e-05,2.502701687812805
155,1656736800,4.08258485e-05,4.082585810000001e-05,0.5643692564499999,32.942216296800005,0.061204636699999995,0.0041395813099999994,0.0084092066,0.0065456538199999996,7.761990938e-05,0.0008251189576000001,12.811188699999999,37.6,6.959192060000001e-06,4.799524000000001e-06,1.84639381e-06,9.937663820000001e-07,6.52369304e-07,5.10676191e-07,4.13681992e-07,3.5863767899999993e-07,8.2995405e-07,1.9688269300000003e-07,2.8517364e-06,79.58856189999999,37.4543272,9.55890788e-10,9.10563725,0.0015224779399999999,0.1188742206,0.00022562168901000003,2.2432622530000004e-05,0.0016117554,0.27219109970000005,0.00022562168901000003,2.2432622530000004e-05,0.0015284294799999998,0.2863204709,0.00022562168901000003,2.2432622530000004e-05,0.0017372183700000003,0.22320010699999998,0.00022562168901000003,2.2432622530000004e-05,2.502709984779358
155,1656737400,2.67363571e-05,2.67363789e-05,0.29078718401,5.1657940011,0.0418062392,0.00407076681,0.0084129394,0.00653133316,3.4214146e-06,3.0886998800000005e-05,12.7674825,32.4,2.8315531299999997e-06,2.44765433e-06,1.26833018e-06,8.693522769999999e-07,6.68311347e-07,5.520349830000001e-07,4.5733492000000004e-07,3.78455542e-07,8.22274829e-07,1.9386794099999997e-07,2.8787841700000003e-06,81.8582264,39.9619891,5.165949650000001e-10,9.15612235,0.00152721521,0.11741685499999999,1.10911079e-05,1.6000127549999997e-06,0.0015991288199999998,0.129128523,1.10911079e-05,1.6000127549999997e-06,0.00146239379,0.10580149000000001,1.10911079e-05,1.6000127549999997e-06,0.00169401775,0.141487792,1.10911079e-05,1.6000127549999997e-06,2.502718472480774
155,1656738000,2.5772569099999998e-05,2.5772580099999998e-05,-0.009696386769999999,-0.015669227950000003,0.0203341864,0.00405364324,0.0083387602,0.0065108820800000005,2.2112475300000004e-06,1.89827948e-05,12.057692300000001,30.0,2.8390215e-06,2.33674508e-06,1.1421836400000002e-06,8.12494715e-07,6.23450166e-07,4.907154240000001e-07,4.3489851800000003e-07,3.5897068999999995e-07,8.052523780000001e-07,1.9475546500000002e-07,2.84774632e-06,82.4636578,40.43215980000001,4.957604130000001e-10,9.16046,0.0015026445200000001,0.10963142249999999,7.3201760200000005e-06,1.2917136900000002e-06,0.0015554230299999999,0.1172126346,7.3201760200000005e-06,1.2917136900000002e-06,0.00145531977,0.10286257480000001,7.3201760200000005e-06,1.2917136900000002e-06,0.00172249895,0.142631494,7.3201760200000005e-06,1.2917136900000002e-06,2.5026899099349977
155,1656738600,2.63536115e-05,2.6353628399999998e-05,0.06623813419,0.80785141929,0.0260865713,0.00407677635,0.008362876600000001,0.0065244141399999995,3.74875457e-06,3.58221154e-05,12.627622599999999,34.1,3.1151730099999996e-06,2.31814747e-06,1.17702126e-06,8.197947840000001e-07,6.485369950000001e-07,5.03095027e-07,4.2207378099999997e-07,3.61134937e-07,8.06459146e-07,1.9380644799999997e-07,2.81154177e-06,82.12077889999999,39.6490334,5.13653975e-10,9.155083399999999,0.00152292907,0.11272341109999999,2.173472637e-05,2.57783512e-06,0.0015723252899999998,0.12044942099999997,2.173472637e-05,2.57783512e-06,0.0015073356900000001,0.11818750949999998,2.173472637e-05,2.57783512e-06,0.0016837030699999999,0.13923501659999998,2.173472637e-05,2.57783512e-06,2.502706217765808
155,1656739200,4.8156808399999994e-05,4.81568157e-05,0.523898015166,33.1686060256,0.06773616410000001,0.0041961761,0.008473072699999999,0.0065819100500000005,7.042342791000001e-05,0.0007290295775,12.86188805,41.4,1.01400717e-05,5.71313796e-06,1.56614256e-06,8.403390680000001e-07,6.20989442e-07,5.21525238e-07,4.19958554e-07,3.79086772e-07,8.21520924e-07,1.9609214100000002e-07,2.8594504100000002e-06,79.25971799999999,36.9054717,1.2034305999999998e-09,9.0879629,0.0015139633100000002,0.11444685350000001,0.00026251938248999997,2.7956044850000004e-05,0.00161646056,0.2455594176,0.00026251938248999997,2.7956044850000004e-05,0.0015471305200000002,0.366919773,0.00026251938248999997,2.7956044850000004e-05,0.0018093914000000002,0.38163073799999997,0.00026251938248999997,2.7956044850000004e-05,2.5027143478393556
155,1656739800,2.8794854000000002e-05,2.87948757e-05,0.09020140104999999,1.76638723104,0.033821891199999995,0.00424854088,0.0087499617,0.006794205940000001,3.7643783300000003e-06,3.12899602e-05,15.318181800000001,43.5,3.828372899999999e-06,2.6927819200000003e-06,1.24262936e-06,8.1093418e-07,6.282332619999999e-07,5.041799710000001e-07,4.4613447200000006e-07,3.83584294e-07,8.155490289999999e-07,1.9406952299999998e-07,2.8508912500000003e-06,81.18659140000001,37.5183965,5.84380895e-10,9.1385104,0.00152083779,0.1121346889,9.84164157e-06,1.7804361799999999e-06,0.00161661082,0.1278265528,9.84164157e-06,1.7804361799999999e-06,0.0016422863199999998,0.1383067034,9.84164157e-06,1.7804361799999999e-06,0.0018583095600000002,0.176119794,9.84164157e-06,1.7804361799999999e-06,2.502690052986145
155,1656740400,2.6341644800000005e-05,2.6341648699999998e-05,0.01307121224,0.026296949200000003,0.023204851000000002,0.00409225121,0.008467263999999999,0.00660641352,2.3826079800000004e-06,1.9652936700000003e-05,12.872377699999998,31.8,3.01089486e-06,2.34268549e-06,1.2082509600000001e-06,8.10314249e-07,6.17543713e-07,5.25339144e-07,4.4236483099999995e-07,3.6918492499999995e-07,8.18381669e-07,1.9469059000000003e-07,2.83103914e-06,82.0272105,39.7192771,5.118856760000001e-10,9.1550766,0.00150466223,0.1099311824,7.69844144e-06,1.31068931e-06,0.00157780786,0.1216636878,7.69844144e-06,1.31068931e-06,0.0014716623499999998,0.10550696379999999,7.69844144e-06,1.31068931e-06,0.0017539572599999998,0.14947675100000002,7.69844144e-06,1.31068931e-06,2.5027262449264525
155,1656741000,2.765904840000001e-05,2.76590671e-05,0.001162463100000001,0.02136888403,0.022912265500000004,0.004193829549999999,0.0086298633,0.00671470423,2.59213141e-06,2.0635247600000003e-05,14.164335599999998,34.8,3.4160221799999996e-06,2.5463599199999998e-06,1.21778733e-06,8.529067719999998e-07,6.244278940000001e-07,5.09129015e-07,4.50856826e-07,3.6498095999999997e-07,7.98338089e-07,1.94436524e-07,2.85419381e-06,81.40757529999999,38.2548179,5.4880455e-10,9.1455846,0.0015304334700000002,0.1132252595,8.8153727e-06,1.54546017e-06,0.0016111335899999999,0.1255734514,8.8153727e-06,1.54546017e-06,0.0015875037099999999,0.12261211349999998,8.8153727e-06,1.54546017e-06,0.0018423305100000002,0.163985277,8.8153727e-06,1.54546017e-06,2.5028653144836426
155,1656741600,0.00015085495949999998,0.0001508549643,-0.9454108770999999,34.774179802146,0.06464026110000001,0.00445713757,0.008533771899999999,0.006630448329999999,0.00036188043323999994,0.0037201282159999996,13.868880999999998,62.0,5.092451503000001e-05,1.4339155810000001e-05,2.8043483600000005e-06,1.3093849860000003e-06,7.983587259999999e-07,5.63840661e-07,4.62731803e-07,3.86535451e-07,8.198834320000001e-07,1.9111338e-07,2.8273811e-06,77.2005089,35.81619144,4.585373991999999e-09,9.0299124,0.00153684354,0.1621937835,0.0033156897115199993,0.00031503477801999994,0.00160618135,0.252050536,0.0033156897115199993,0.00031503477801999994,0.00184314142,2.3624272004,0.0033156897115199993,0.00031503477801999994,0.00195928573,1.271680136,0.0033156897115199993,0.00031503477801999994,2.5027477741241455
155,1656742200,2.85947973e-05,2.8594811800000002e-05,0.17584154082999998,6.070391655499999,0.040219795600000004,0.004156725379999999,0.0085009514,0.00662516732,1.0944664720000001e-05,0.00011302296619999999,13.354895000000003,48.1,3.82501519e-06,2.6543012199999995e-06,1.23251303e-06,8.13186678e-07,6.315255979999999e-07,5.02285987e-07,4.1953919900000007e-07,3.68154086e-07,8.15315303e-07,1.9585212699999998e-07,2.8396702800000003e-06,81.1738005,37.48119810000001,5.792021820000001e-10,9.137819200000001,0.0015117587499999998,0.110505264,4.377199846000001e-05,4.88432953e-06,0.00160054887,0.12951903300000003,4.377199846000001e-05,4.88432953e-06,0.00155315415,0.1462224365,4.377199846000001e-05,4.88432953e-06,0.0018037712199999996,0.166309255,4.377199846000001e-05,4.88432953e-06,2.5027143955230713
155,1656742800,2.6632985999999996e-05,2.6632996e-05,-0.01044145652,0.0032030425100000003,0.0211111592,0.004117316679999999,0.0084468065,0.00659235128,2.44888216e-06,1.93486145e-05,13.069930200000002,33.5,3.15558896e-06,2.3488033300000003e-06,1.2324151e-06,8.239790579999999e-07,6.19672508e-07,5.32461745e-07,4.2329542600000007e-07,3.6713569200000003e-07,7.889263030000001e-07,1.89206264e-07,2.83468294e-06,81.90610999999998,39.209986900000004,5.21113599e-10,9.152671400000001,0.0015273836899999996,0.1131547914,7.75552751e-06,1.3734295999999999e-06,0.00156973114,0.12024166040000002,7.75552751e-06,1.3734295999999999e-06,0.0015064485500000003,0.11051613410000001,7.75552751e-06,1.3734295999999999e-06,0.0017806588299999998,0.153938826,7.75552751e-06,1.3734295999999999e-06,2.502722477912903
155,1656743400,0.0001053010191,0.0001053010317,-0.5080625314,30.918216528499993,0.08385533819999999,0.00437264359,0.008573464,0.006647153630000001,0.00035399234773000004,0.0037734652281,13.952797299999997,45.6,3.7257835380000004e-05,7.03360335e-06,1.5223055599999999e-06,9.16628166e-07,6.69073396e-07,5.32839124e-07,4.4173129200000005e-07,3.8155400100000003e-07,8.311449369999999e-07,1.90930314e-07,2.8727975899999998e-06,77.7600532,36.01842755,3.1174928559999995e-09,9.0393422,0.00152344207,0.11389396189999998,0.0016287113293599995,0.00016142843897,0.0016299614799999997,0.1736534005,0.0016287113293599995,0.00016142843897,0.0017059445099999997,1.5410112707999999,0.0016287113293599995,0.00016142843897,0.0019286963599999998,0.9120174129999998,0.0016287113293599995,0.00016142843897,2.502727913856506
155,1656744000,3.36065861e-05,3.3606625e-05,0.06310507841999999,4.5681762345,0.0424809079,0.004324863680000001,0.008781158850000002,0.00675843386,1.5142661230000001e-05,0.00013975972610000002,15.7377619,73.8,6.095075020000001e-06,2.85007515e-06,1.2579592999999998e-06,8.033202869999998e-07,6.10805356e-07,5.20296033e-07,4.3856901999999993e-07,3.6309162700000003e-07,8.16602679e-07,1.90601634e-07,2.85687387e-06,80.0177855,35.126656,7.36660042e-10,9.1129311,0.0015205199599999998,0.11235048350000001,7.71765531e-05,9.443791510000001e-06,0.00160539573,0.13201570329999998,7.71765531e-05,9.443791510000001e-06,0.00171864342,0.2416124484,7.71765531e-05,9.443791510000001e-06,0.00186674785,0.203066452,7.71765531e-05,9.443791510000001e-06,2.5027634620666506
155,1656744600,2.65118434e-05,2.6511848599999997e-05,0.07005908339,0.9681879762000001,0.030595709399999994,0.004096560950000001,0.0084529236,0.006578173580000001,2.5219451199999997e-06,2.1377672399999997e-05,12.6765734,30.3,2.88062911e-06,2.5151336700000002e-06,1.2237958200000001e-06,8.270169820000001e-07,6.40280832e-07,5.10979315e-07,4.33782615e-07,3.6326825199999996e-07,8.18879144e-07,1.9521233999999998e-07,2.8468207699999997e-06,81.8698236,39.589383600000005,5.14785403e-10,9.15476505,0.00152279522,0.11327996880000002,6.527369570000001e-06,1.2280597539999998e-06,0.00160844734,0.12629450139999998,6.527369570000001e-06,1.2280597539999998e-06,0.00144277111,0.1008663887,6.527369570000001e-06,1.2280597539999998e-06,0.0017679968300000001,0.151381747,6.527369570000001e-06,1.2280597539999998e-06,2.5026753187179565
155,1656745200,2.58534741e-05,2.5853477700000004e-05,0.01570256441,0.02122344275000001,0.0231681498,0.00405740562,0.008375162450000001,0.006526911590000001,2.22371625e-06,1.79772165e-05,12.318181800000001,28.5,2.8618407600000003e-06,2.32182117e-06,1.15841877e-06,8.01362532e-07,6.14621894e-07,5.073868909999999e-07,4.25050324e-07,3.66202882e-07,8.171493270000001e-07,1.95940052e-07,2.8569012999999998e-06,82.51900249999998,40.5295343,4.97772844e-10,9.1605062,0.0014960072299999999,0.1083364228,6.6845922e-06,1.2686785199999998e-06,0.0015714498100000002,0.1181353065,6.6845922e-06,1.2686785199999998e-06,0.0014753375400000002,0.10532417629999999,6.6845922e-06,1.2686785199999998e-06,0.0016939577300000002,0.14019475900000003,6.6845922e-06,1.2686785199999998e-06,2.502712273597717
155,1656745800,4.18351677e-05,4.18351827e-05,0.37154341914,9.40751687706,0.0500869028,0.00426307153,0.0085257605,0.0065846546899999995,4.3182731779999994e-05,0.0004371038699,13.5891609,50.3,9.31058719e-06,3.4627981100000002e-06,1.43376127e-06,8.632187739999999e-07,6.477077940000001e-07,5.134341379999999e-07,4.4496115899999995e-07,3.914394510000001e-07,8.12415061e-07,1.90183693e-07,2.8468940699999997e-06,79.70166969999998,36.9167882,1.005057731e-09,9.10293155,0.00152134627,0.11618976,0.00021423283579000003,2.2044722860000005e-05,0.0016088769599999996,0.15832809250000002,0.00021423283579000003,2.2044722860000005e-05,0.0016231935199999999,0.340588726,0.00021423283579000003,2.2044722860000005e-05,0.0018557026099999998,0.313298481,0.00021423283579000003,2.2044722860000005e-05,2.502728223800659
155,1656746400,2.8156883100000003e-05,2.81568976e-05,-0.13923540960999997,2.83295301943,0.0264872567,0.00411638386,0.00841402885,0.00654358609,7.56537274e-06,7.13255106e-05,13.013986,51.1,3.870630700000001e-06,2.43583227e-06,1.20081034e-06,7.85289424e-07,6.158024580000001e-07,5.116856739999999e-07,4.42117045e-07,3.7657282900000003e-07,8.04978862e-07,1.94093999e-07,2.8404604e-06,81.6509186,38.584643,5.68049468e-10,9.146126300000002,0.00151109854,0.11091243120000001,6.104948886000001e-05,6.410441979999999e-06,0.0015609666999999998,0.11886695700000001,6.104948886000001e-05,6.410441979999999e-06,0.00152367744,0.15265362200000004,6.104948886000001e-05,6.410441979999999e-06,0.0017215637799999999,0.15591346350000002,6.104948886000001e-05,6.410441979999999e-06,2.5027132511138914
155,1656747000,2.5947601299999996e-05,2.5947606599999998e-05,0.004011274986000001,-0.0033332410399999996,0.021336623000000002,0.00406217818,0.0084032381,0.00651664798,2.2500959499999998e-06,1.8071484500000002e-05,12.550699599999998,29.5,2.7560737899999998e-06,2.4538708099999997e-06,1.19598247e-06,8.26886956e-07,6.226443910000001e-07,5.16192991e-07,4.2190370500000003e-07,3.57887365e-07,7.98683445e-07,1.94191074e-07,2.82935459e-06,82.43925660000001,40.1777209,5.014328160000001e-10,9.15852605,0.0015136388100000001,0.1111379699,6.50031158e-06,1.24832693e-06,0.00159923441,0.12332813000000001,6.50031158e-06,1.24832693e-06,0.0014143596200000001,0.0985785606,6.50031158e-06,1.24832693e-06,0.00173138833,0.144984377,6.50031158e-06,1.24832693e-06,2.502658414840698
155,1656747600,3.1194649e-05,3.1194669099999995e-05,-0.005817166000000005,5.92230293233,0.035788312200000005,0.0042517870800000005,0.008717260449999998,0.00674799436,1.310279441e-05,0.0001223463787,14.919580399999997,62.5,4.57047029e-06,2.7046456900000003e-06,1.20662476e-06,8.808865269999999e-07,6.99128669e-07,7.47728024e-07,4.76998741e-07,4.09549407e-07,8.817025299999998e-07,1.9194553599999997e-07,2.82762664e-06,79.9356726,36.5705067,6.51104042e-10,9.124553500000001,0.0015678382099999998,0.12885623559999998,4.93552406e-05,5.38827649e-06,0.00159769875,0.1295429822,4.93552406e-05,5.38827649e-06,0.001549181,0.14905182160000002,4.93552406e-05,5.38827649e-06,0.00185996725,0.20791465800000003,4.93552406e-05,5.38827649e-06,2.502732849121094
155,1656748200,7.16510532e-05,7.16510656e-05,0.3784114434,23.170458799103,0.0677989566,0.004241093259999999,0.0083810502,0.006503816129999999,0.00012908399583999998,0.0012625077025999998,12.592657299999999,51.5,2.298667316e-05,4.961772960000001e-06,1.27740974e-06,8.37283999e-07,6.287447820000001e-07,5.2051056e-07,4.2702116e-07,3.66385816e-07,8.01861399e-07,1.9332849199999998e-07,2.82447525e-06,78.9094826,36.87524967,2.009035897e-09,9.065199500000002,0.00152105106,0.11470903300000002,0.0005250999064300001,5.180441965999999e-05,0.0015909204199999998,0.1452220147,0.0005250999064300001,5.180441965999999e-05,0.00157865588,0.5945850230000002,0.0005250999064300001,5.180441965999999e-05,0.0018377072100000003,0.9290810113999999,0.0005250999064300001,5.180441965999999e-05,2.502730107307434
155,1656748800,2.58026953e-05,2.5802712e-05,0.01334362771,0.01130741925,0.021485047099999995,0.00404911545,0.0083956086,0.006525071370000001,2.28133497e-06,1.8491323800000003e-05,12.274475599999999,30.4,2.85414146e-06,2.3258355299999997e-06,1.15387533e-06,8.001669360000001e-07,6.298694509999999e-07,5.188723039999999e-07,4.262667929999999e-07,3.6381831000000005e-07,7.95868319e-07,1.8852507300000003e-07,2.84400463e-06,82.4241109,40.3807278,4.953604729999999e-10,9.163073099999998,0.0015083195,0.11067295749999999,7.222271170000001e-06,1.2485937199999999e-06,0.00155967645,0.1175674444,7.222271170000001e-06,1.2485937199999999e-06,0.0014487041300000002,0.1011707516,7.222271170000001e-06,1.2485937199999999e-06,0.00172268647,0.143184003,7.222271170000001e-06,1.2485937199999999e-06,2.5027108430862426
155,1656749400,2.9972321300000003e-05,2.9972817300000003e-05,0.3818431863,17.1466146585,0.0402485929,0.0041617422000000005,0.0085216138,0.006609319570000001,6.948304980000002e-06,6.508454270000001e-05,13.4265734,35.6,3.6299586999999997e-06,2.97495342e-06,1.44093577e-06,9.332951460000002e-07,6.56424126e-07,5.225981870000001e-07,4.42588722e-07,3.88252585e-07,8.73546271e-07,1.91034472e-07,2.9329360500000004e-06,80.594357,37.575681,6.05336637e-10,9.138687000000001,0.00151063754,0.1171705936,1.1930346830000001e-05,1.6432818800000001e-06,0.00163228131,0.1548186116,1.1930346830000001e-05,1.6432818800000001e-06,0.00150684763,0.1168224427,1.1930346830000001e-05,1.6432818800000001e-06,0.00180625044,0.174030969,1.1930346830000001e-05,1.6432818800000001e-06,2.502719211578369
155,1656750000,5.2517054900000004e-05,5.2517061900000004e-05,0.34652083175000004,31.5486878828,0.06216040460000001,0.004176467710000001,0.00838579825,0.00652842577,0.00013403722063999997,0.0014278333169,12.5367134,46.9,1.177498848e-05,6.2534213199999995e-06,1.60920562e-06,8.284789850000001e-07,6.203368330000001e-07,5.23425412e-07,4.4739780700000003e-07,3.71494844e-07,7.891133279999998e-07,1.9220072299999996e-07,2.84842875e-06,79.2158051,37.0661556,1.347770653e-09,9.0842109,0.0015110916000000002,0.1193525425,0.00012271335547,1.5113677590000003e-05,0.0015946451399999999,0.22044291900000004,0.00012271335547,1.5113677590000003e-05,0.0015209145900000002,0.23278909640000003,0.00012271335547,1.5113677590000003e-05,0.0018330142099999998,0.662851514,0.00012271335547,1.5113677590000003e-05,2.502686309814453
155,1656750600,2.6196299200000002e-05,2.61963074e-05,-0.00010893510000000058,0.15568810800000002,0.022941247699999997,0.0040678337000000005,0.008385794499999998,0.00652305029,2.94204931e-06,2.38389915e-05,12.550699400000003,34.3,2.67582207e-06,2.33960626e-06,1.1849495100000001e-06,8.085077070000001e-07,6.58787984e-07,6.31002342e-07,4.61023448e-07,3.92707343e-07,9.038083650000001e-07,1.9063526400000002e-07,2.8510005899999997e-06,82.0593466,40.695151,5.012848669999999e-10,9.1595652,0.0015315391,0.11762112039999999,6.702194330000001e-06,1.19137001e-06,0.0015608409100000002,0.11908294849999998,6.702194330000001e-06,1.19137001e-06,0.00139694324,0.0952401554,6.702194330000001e-06,1.19137001e-06,0.0017064768399999999,0.141092657,6.702194330000001e-06,1.19137001e-06,2.5026809215545653
155,1656751200,2.64023117e-05,2.6402322099999998e-05,-0.0419788436,0.81125619074,0.0237720093,0.004079803379999999,0.008398285,0.00652267245,3.555406179999999e-06,3.36658401e-05,12.3059443,34.2,3.0509783499999997e-06,2.4137800099999998e-06,1.1595374099999998e-06,7.99518519e-07,6.16489337e-07,5.12117694e-07,4.3127174599999995e-07,3.59276536e-07,8.16584543e-07,1.91842332e-07,2.84970203e-06,82.1520395,39.7042765,5.137566500000001e-10,9.1567781,0.00149142973,0.108256943,1.159600169e-05,1.67343111e-06,0.0015373155100000002,0.1156615356,1.159600169e-05,1.67343111e-06,0.00146720808,0.10892155239999998,1.159600169e-05,1.67343111e-06,0.00176405312,0.156160623,1.159600169e-05,1.67343111e-06,2.5027050733566285
155,1656751800,3.18300615e-05,3.183007189999999e-05,-0.17989495226299995,7.690367122,0.0353990088,0.00417085659,0.008481016499999999,0.006594754560000001,1.67424791e-05,0.00015817804130000002,13.361888100000002,50.8,5.452636500000001e-06,2.63377072e-06,1.2073766499999999e-06,8.328141160000001e-07,6.21702325e-07,4.87995897e-07,4.2979146999999997e-07,3.843394789999999e-07,8.258880400000001e-07,1.8969683999999998e-07,2.8489427399999996e-06,80.93112799999999,37.6315514,6.842990169999999e-10,9.128857649999999,0.0015108782300000002,0.111119952,0.00015224261558999998,1.5028079353999999e-05,0.0015891797499999998,0.1239062157,0.00015224261558999998,1.5028079353999999e-05,0.00154423727,0.2139200916,0.00015224261558999998,1.5028079353999999e-05,0.0017938745799999998,0.194264971,0.00015224261558999998,1.5028079353999999e-05,2.502707672119141
155,1656752400,2.91635185e-05,2.9163522099999998e-05,0.04744625381999999,2.9079841753399998,0.0312510945,0.00415919597,0.00853811775,0.00660754873,9.29182731e-06,9.07405891e-05,13.8251745,53.6,4.30692939e-06,2.5250539900000004e-06,1.1758788000000002e-06,8.18096826e-07,6.18112476e-07,5.228127190000001e-07,4.11967195e-07,3.67749101e-07,7.971597929999999e-07,1.9529633900000002e-07,2.84260382e-06,81.2755623,37.620106,5.990438150000001e-10,9.137701199999999,0.0015134969000000001,0.11135664510000001,7.787027609e-05,7.967915690000001e-06,0.0016010636300000003,0.1254344211,7.787027609e-05,7.967915690000001e-06,0.00154230505,0.1623802721,7.787027609e-05,7.967915690000001e-06,0.0017946824900000001,0.169177289,7.787027609e-05,7.967915690000001e-06,2.5027182579040526
155,1656753000,2.7745144699999995e-05,2.7745158e-05,0.16999321649999996,6.875074471787999,0.031795543800000006,0.004068209160000001,0.00833869,0.006482824849999999,1.215970391e-05,0.0001256263373,12.062937,34.1,3.7563854299999996e-06,2.3714237099999997e-06,1.19083741e-06,8.015812960000002e-07,6.18460421e-07,5.169575679999999e-07,4.21486352e-07,3.73618788e-07,8.014158949999999e-07,1.9440617900000001e-07,2.82593931e-06,81.9920324,39.20665079999999,5.57073582e-10,9.14950805,0.00150765208,0.1099749722,4.475388911999999e-05,5.205240844e-06,0.00156805591,0.12201664999999999,4.475388911999999e-05,5.205240844e-06,0.0014572186200000003,0.1399806678,4.475388911999999e-05,5.205240844e-06,0.0017086794799999999,0.15835152,4.475388911999999e-05,5.205240844e-06,2.5026856899261474
155,1656753600,2.5769690599999997e-05,2.5769711699999996e-05,0.015715528830000002,0.14199199238,0.024568839500000002,0.004045645570000001,0.008364449800000002,0.00648751951,2.2829686e-06,2.0112736899999998e-05,12.302447700000002,28.2,2.75868842e-06,2.34293571e-06,1.18154711e-06,8.10014503e-07,6.243753689999999e-07,5.050048929999999e-07,4.2303909500000006e-07,3.7802455e-07,8.09429613e-07,1.9248158600000002e-07,2.8592730099999996e-06,82.5232031,40.70163749999999,4.9318859e-10,9.16300765,0.0015111024499999998,0.1106560988,7.3008215e-06,1.20246495e-06,0.00156730786,0.11937299009999999,7.3008215e-06,1.20246495e-06,0.00143442654,0.0984360834,7.3008215e-06,1.20246495e-06,0.00170427405,0.141504571,7.3008215e-06,1.20246495e-06,2.5027255058288573
155,1656754200,2.6299264900000003e-05,2.6299284300000002e-05,-0.0013475356299999994,0.0008091643699999991,0.020903800499999996,0.0040927172,0.008438384899999998,0.0065670389,2.41299747e-06,2.01879229e-05,12.6783215,31.8,2.98971057e-06,2.3482555e-06,1.20496508e-06,8.197938370000001e-07,6.111782619999999e-07,5.08449223e-07,4.353876149999999e-07,3.6782734300000003e-07,8.199464869999999e-07,1.92172197e-07,2.85189933e-06,82.2855916,40.0134599,5.09171181e-10,9.158230999999999,0.0015113699400000002,0.1105871231,6.9289093300000004e-06,1.26435716e-06,0.0015750713099999998,0.12026594299999997,6.9289093300000004e-06,1.26435716e-06,0.0014719653800000002,0.10472190240000001,6.9289093300000004e-06,1.26435716e-06,0.00175034485,0.14874973200000002,6.9289093300000004e-06,1.26435716e-06,2.5027009725570677
155,1656754800,2.6079191e-05,2.6079200199999996e-05,-0.007376961110000001,-0.0121778996,0.020124444199999997,0.0040776439,0.008370294999999998,0.00653240049,2.27925654e-06,1.7750392e-05,12.4667831,29.7,2.9144175300000003e-06,2.32771509e-06,1.1878308500000002e-06,8.332066060000001e-07,6.275914410000001e-07,5.120404380000001e-07,4.26337413e-07,3.64687908e-07,8.239423290000001e-07,1.9282520700000002e-07,2.82894587e-06,82.1879084,40.0584072,5.042823739999999e-10,9.1565622,0.0015116348,0.11074803,7.4623027900000015e-06,1.30411856e-06,0.0015587453,0.1180086505,7.4623027900000015e-06,1.30411856e-06,0.00145162996,0.10339586199999999,7.4623027900000015e-06,1.30411856e-06,0.00174720468,0.147334669,7.4623027900000015e-06,1.30411856e-06,2.502702808380127
155,1656755400,2.61987172e-05,2.61987256e-05,0.055919182049999995,0.34154007269000003,0.024279588999999997,0.0040661812,0.008392649700000001,0.006519947619999999,2.74976976e-06,2.3226041600000003e-05,12.4405593,30.6,2.8492705499999997e-06,2.4550535e-06,1.2329445699999998e-06,8.326898609999998e-07,6.26455006e-07,5.00271967e-07,4.18478427e-07,3.673567e-07,7.964826480000002e-07,1.92576875e-07,2.82770226e-06,82.15690989999999,39.8785118,5.07492468e-10,9.156210499999998,0.0015238110600000001,0.11299445699999999,6.888884059999999e-06,1.21527605e-06,0.00158496996,0.1251689279,6.888884059999999e-06,1.21527605e-06,0.0014283559400000002,0.0997275076,6.888884059999999e-06,1.21527605e-06,0.00173055558,0.148171637,6.888884059999999e-06,1.21527605e-06,2.5026614665985107
155,1656756000,4.62225002e-05,4.62225111e-05,0.4812068806,34.1279326921,0.058407008700000006,0.00411190317,0.008294601349999998,0.00645016434,9.049701460000001e-05,0.0009610458795999999,11.90734265,38.6,8.43629455e-06,5.700202130000001e-06,2.00141447e-06,1.1181923239999998e-06,7.204859549999999e-07,5.28679338e-07,4.2802282000000006e-07,3.64730712e-07,7.881952959999999e-07,1.94272834e-07,2.83075417e-06,79.50891229999999,37.868273,1.12784819e-09,9.0994471,0.0015172398900000002,0.1508043524,0.00018944625583999997,2.383171632e-05,0.00159111091,0.29583886159999995,0.00018944625583999997,2.383171632e-05,0.00148440842,0.33404448359999994,0.00018944625583999997,2.383171632e-05,0.0017454748100000001,0.277242085,0.00018944625583999997,2.383171632e-05,2.502659034729004
155,1656756600,2.6025289e-05,2.6025297800000004e-05,-0.00217776109,-0.0009168926699999996,0.0208402797,0.00406803777,0.00839893795,0.006539996500000001,2.30946484e-06,1.82651403e-05,12.965035,28.8,2.8034179e-06,2.40178554e-06,1.1997263e-06,8.133037109999999e-07,6.15899167e-07,5.27498737e-07,4.307548159999999e-07,3.70597724e-07,8.18473774e-07,1.94205598e-07,2.8369315600000005e-06,82.280135,40.2270822,5.018343640000001e-10,9.1589056,0.0015214816199999998,0.11218961189999999,7.174031809999999e-06,1.25565847e-06,0.0015783432200000003,0.12097036219999999,7.174031809999999e-06,1.25565847e-06,0.00142937046,0.0996214986,7.174031809999999e-06,1.25565847e-06,0.00173499012,0.145544611,7.174031809999999e-06,1.25565847e-06,2.502683401107788
155,1656757200,2.80478833e-05,2.8047898599999997e-05,0.10081922574000002,1.9521464797181998,0.0370727788,0.0041743683,0.00860111735,0.0066599595499999996,4.89574282e-06,4.41552937e-05,14.0332168,42.8,3.4468305299999998e-06,2.57788212e-06,1.20206702e-06,8.071036989999999e-07,6.588413549999999e-07,5.76357778e-07,4.5353837199999994e-07,3.8558777100000007e-07,8.42968785e-07,1.94300822e-07,2.8783261999999998e-06,81.40946059999999,38.4670006,5.577328869999999e-10,9.1456082,0.0015370624700000001,0.117653677,1.138972087e-05,1.8510734600000002e-06,0.001574134,0.12174612119999999,1.138972087e-05,1.8510734600000002e-06,0.00154587834,0.12191112640000001,1.138972087e-05,1.8510734600000002e-06,0.00180370914,0.16836247699999998,1.138972087e-05,1.8510734600000002e-06,2.5027347087860106
155,1656757800,2.6895610499999996e-05,2.6895626399999998e-05,-0.0005198713200000017,1.2327318452600002,0.02684271,0.004096745959999999,0.0084414279,0.00656716178,5.41854581e-06,5.428255220000001e-05,12.9947553,37.4,3.2651042399999996e-06,2.3892216999999994e-06,1.21014188e-06,8.23870413e-07,6.17031975e-07,5.01105439e-07,4.3354409700000004e-07,3.622616950000001e-07,8.155089459999999e-07,1.9455485e-07,2.8353790600000003e-06,81.91584420000001,39.104093899999995,5.281489539999999e-10,9.152247149999999,0.0015164259499999997,0.1114326716,1.8788991690000003e-05,2.4104486800000002e-06,0.0015566334599999999,0.12009353019999999,1.8788991690000003e-05,2.4104486800000002e-06,0.00150120183,0.11823208700000001,1.8788991690000003e-05,2.4104486800000002e-06,0.0017484402099999998,0.154704431,1.8788991690000003e-05,2.4104486800000002e-06,2.5026220321655273
155,1656758400,3.69704558e-05,3.69704645e-05,0.10851868832,12.870464326222,0.0531911243,0.00420271884,0.0084853133,0.006578726930000001,2.8868333240000002e-05,0.000224071652,13.360140000000001,55.9,7.158954040000001e-06,3.19554061e-06,1.3639759199999999e-06,8.869237790000001e-07,6.29611349e-07,5.30153987e-07,4.3204585800000007e-07,3.82516042e-07,8.228948069999999e-07,1.9524604300000002e-07,2.88732054e-06,80.10378410000001,37.0454393,8.416738419999999e-10,9.1148835,0.0015251688799999999,0.11746136960000002,0.00011443093949999997,1.4424025780000003e-05,0.00161345441,0.16393100359999999,0.00011443093949999997,1.4424025780000003e-05,0.00155646616,0.26156768709999995,0.00011443093949999997,1.4424025780000003e-05,0.0018198642499999997,0.24414952799999995,0.00011443093949999997,1.4424025780000003e-05,2.5026788473129273
155,1656759000,3.2055881500000005e-05,3.2055892300000006e-05,-0.000825152399999999,0.6737575079000001,0.026975814600000002,0.0043201336000000005,0.008982442949999999,0.006860480099999999,7.51718355e-06,5.783258390000001e-05,15.965035300000002,54.9,5.1841122899999995e-06,2.92148078e-06,1.26646318e-06,8.491471100000001e-07,6.32336837e-07,5.18108938e-07,4.20930138e-07,3.8144985899999993e-07,8.14941419e-07,1.93629056e-07,2.84521813e-06,80.5531434,36.85498389999999,6.873594859999999e-10,9.126293200000001,0.00152826761,0.1141214997,2.7332429730000003e-05,4.61290525e-06,0.00165052157,0.13640976219999998,2.7332429730000003e-05,4.61290525e-06,0.0016735072199999998,0.19791578059999998,2.7332429730000003e-05,4.61290525e-06,0.00189813016,0.201529028,2.7332429730000003e-05,4.61290525e-06,2.5028190851211547
155,1656759600,2.5863605100000003e-05,2.5863610100000007e-05,0.01094833683,0.05076785693999999,0.023197756699999995,0.0040536918,0.008358358150000002,0.00650228786,2.3872142399999998e-06,1.97791492e-05,12.5402099,34.2,2.86044284e-06,2.35149083e-06,1.1751643200000002e-06,7.974536239999999e-07,6.21475919e-07,5.03584359e-07,4.3191861299999996e-07,3.60903565e-07,7.989255929999999e-07,1.9256369e-07,2.83782339e-06,82.38021039999998,40.245555599999996,4.98884485e-10,9.1587411,0.00149614622,0.10867282550000001,7.87656139e-06,1.34436128e-06,0.0015812400100000002,0.12043741,7.87656139e-06,1.34436128e-06,0.00145340442,0.10345209200000001,7.87656139e-06,1.34436128e-06,0.0017105026499999998,0.143308106,7.87656139e-06,1.34436128e-06,2.5027689218521116
155,1656760200,8.78741896e-05,8.787420110000001e-05,0.9404723330000001,34.0141310656,0.10117683839999998,0.0043792241100000006,0.0085439966,0.006646575240000001,0.00020735779908000003,0.0021095954636,13.78146845,55.4,2.921411370000001e-05,6.395992439999999e-06,1.5457709099999998e-06,9.26110155e-07,6.787043330000001e-07,5.38290414e-07,4.3873661e-07,3.65967245e-07,8.172526689999999e-07,1.8754065e-07,2.8284199e-06,77.2102023,34.5622642,2.5199021740000005e-09,9.039108799999998,0.00153322876,0.1197836085,0.00130697409253,0.00013483962732,0.0016422542499999998,0.2489290534,0.00130697409253,0.00013483962732,0.0018014155199999999,1.5461512960000001,0.00130697409253,0.00013483962732,0.0018472944199999998,0.325150967,0.00130697409253,0.00013483962732,2.5027287006378174
155,1656760800,3.21448108e-05,3.2144823e-05,0.23082318861499998,17.92902410093,0.040595498599999995,0.00417795134,0.0085452879,0.00662059435,1.8780099760000004e-05,0.00018597583759999997,13.743006799999998,44.9,4.65448384e-06,3.231487639999999e-06,1.4582051399999999e-06,9.03651337e-07,6.75519234e-07,5.19703236e-07,4.24582128e-07,3.7536574299999997e-07,8.00696358e-07,1.94604097e-07,2.8340193400000006e-06,80.0646015,36.507476100000005,6.83695508e-10,9.1212984,0.00151231226,0.11846599789999998,0.00010339909276999999,1.0989251610000002e-05,0.0016248202,0.1499665484,0.00010339909276999999,1.0989251610000002e-05,0.0015373441700000001,0.1869746169,0.00010339909276999999,1.0989251610000002e-05,0.0017975993000000003,0.197020769,0.00010339909276999999,1.0989251610000002e-05,2.5027164459228515
155,1656761400,2.6303940199999997e-05,2.63039465e-05,0.00796149675,0.010299156470000001,0.0211801733,0.0040903452199999996,0.0084539498,0.006573838560000001,2.46764035e-06,1.99187032e-05,12.797202799999999,32.3,3.04130922e-06,2.4099489800000006e-06,1.1958202e-06,7.792841110000002e-07,6.33323504e-07,5.01423139e-07,4.15228224e-07,3.66356015e-07,7.918937879999999e-07,1.9339356100000001e-07,2.8238734500000002e-06,82.1922762,39.5400637,5.132382920000001e-10,9.154307900000001,0.0014996820399999999,0.1088329364,8.54190162e-06,1.4315688499999999e-06,0.0015913363100000001,0.12295051400000001,8.54190162e-06,1.4315688499999999e-06,0.00149588215,0.1101103961,8.54190162e-06,1.4315688499999999e-06,0.0017407161600000002,0.146865296,8.54190162e-06,1.4315688499999999e-06,2.5027726888656616
155,1656762000,2.55686944e-05,2.55687022e-05,0.008558884559,0.0028072496,0.022013724000000002,0.004034245149999999,0.00831307145,0.00648152709,2.1495738100000002e-06,1.7720356600000003e-05,11.9405592,28.5,2.7962645599999996e-06,2.29232834e-06,1.17846034e-06,7.932579420000001e-07,6.0935601e-07,4.9081918e-07,4.23405429e-07,3.7333947400000003e-07,8.067397229999999e-07,1.9270210999999998e-07,2.82760835e-06,82.5826518,40.62549069999999,4.90314674e-10,9.1620532,0.00149037528,0.107858126,6.7359014800000005e-06,1.22657176e-06,0.0015544935900000004,0.11782182369999998,6.7359014800000005e-06,1.22657176e-06,0.00142727409,0.0995378533,6.7359014800000005e-06,1.22657176e-06,0.0017080363599999999,0.141110718,6.7359014800000005e-06,1.22657176e-06,2.502690887451172
155,1656762600,2.6869857e-05,2.68698659e-05,0.08612178215,0.7978827203830001,0.034164666999999996,0.00411724118,0.0085044028,0.00661734088,2.82327804e-06,2.4685782900000002e-05,13.0524475,34.1,3.1254041600000004e-06,2.4056551999999994e-06,1.21786819e-06,8.270617989999999e-07,6.31610589e-07,5.178317829999999e-07,4.3508375199999995e-07,3.78259295e-07,8.314063119999999e-07,1.95702609e-07,2.8689496699999997e-06,81.93352909999999,39.4693286,5.23780283e-10,9.15377335,0.0015171581300000001,0.1123193616,8.662625460000001e-06,1.4517057e-06,0.0015875228599999999,0.1234377421,8.662625460000001e-06,1.4517057e-06,0.0015150558599999998,0.1120667326,8.662625460000001e-06,1.4517057e-06,0.0017645586399999999,0.150955359,8.662625460000001e-06,1.4517057e-06,2.502715301513672
155,1656763200,2.89995135e-05,2.8999533699999997e-05,0.063195476586,0.86543989358,0.0278580013,0.00426472956,0.00878190405,0.00683879879,4.90402648e-06,4.5397763800000006e-05,15.3164336,46.0,3.90193759e-06,2.70484391e-06,1.2799108e-06,8.21662153e-07,6.274550610000001e-07,5.115246550000001e-07,4.2789162800000003e-07,3.63836263e-07,8.0520633e-07,1.93834891e-07,2.86145158e-06,80.97606240000002,37.031543899999996,5.888344320000001e-10,9.138170299999999,0.00151739957,0.11222421499999999,1.6305766699999997e-05,2.50505812e-06,0.0016436841400000002,0.13169572600000004,1.6305766699999997e-05,2.50505812e-06,0.0016922697199999999,0.14880291500000004,1.6305766699999997e-05,2.50505812e-06,0.0018355832899999997,0.16841365700000002,1.6305766699999997e-05,2.50505812e-06,2.502709484100342
155,1656763800,5.1124913999999994e-05,5.112494e-05,0.05682428120000001,1.4277635912000002,0.0412871315,0.0049844934300000004,0.0105666554,0.00787065546,1.8801892639999997e-05,0.0001351563955,25.033216499999998,69.1,1.2546070009999998e-05,4.7392138499999995e-06,1.4982161100000001e-06,9.12730933e-07,6.699635589999999e-07,5.14843609e-07,4.3177218499999994e-07,3.74653647e-07,8.05159018e-07,1.9122624600000001e-07,2.8785312200000002e-06,77.8202981,33.1895388,1.298819681e-09,9.06014995,0.0015684829099999998,0.12187449499999999,7.883050686000002e-05,1.093129737e-05,0.00179293897,0.1833951285,7.883050686000002e-05,1.093129737e-05,0.0022694458400000003,0.47434282249999987,7.883050686000002e-05,1.093129737e-05,0.00239074855,0.41180592000000005,7.883050686000002e-05,1.093129737e-05,2.502718281745911
155,1656764400,2.6858738100000003e-05,2.6858739699999995e-05,0.0215109896,0.21348172769999998,0.027127008199999997,0.00413140226,0.008496488,0.00662203457,2.49747338e-06,2.13660207e-05,13.2395106,32.1,3.1691692099999996e-06,2.46550992e-06,1.2232904399999998e-06,8.44810608e-07,6.25085694e-07,5.082258890000001e-07,4.1612528399999995e-07,3.54484627e-07,7.94209575e-07,1.9223023900000001e-07,2.8361863599999997e-06,81.92049180000001,38.9290496,5.289311630000001e-10,9.149431500000002,0.0015147769,0.1117323238,8.78693256e-06,1.44419058e-06,0.0016082660999999997,0.125158021,8.78693256e-06,1.44419058e-06,0.00153548532,0.11508909120000002,8.78693256e-06,1.44419058e-06,0.00177134002,0.15196182800000002,8.78693256e-06,1.44419058e-06,2.502694582939148
155,1656765000,3.1391509199999994e-05,3.1391522199999996e-05,-0.03913316059000001,7.210610946300001,0.035652026,0.00422383009,0.008649821450000001,0.006677201839999999,1.4523570520000003e-05,0.00011948022580000001,14.40034965,62.1,4.88638574e-06,2.75764048e-06,1.22681711e-06,8.459506069999999e-07,6.547323230000001e-07,5.54673286e-07,4.646725759999999e-07,4.0690556e-07,8.487496539999999e-07,1.9274489000000002e-07,2.85639138e-06,80.3836335,36.678304600000004,6.633430220000001e-10,9.12573545,0.00153610828,0.1182217155,8.799554742e-05,1.0465933880000001e-05,0.0016022919500000004,0.13268505000000003,8.799554742e-05,1.0465933880000001e-05,0.00159539967,0.2063868045,8.799554742e-05,1.0465933880000001e-05,0.00181618634,0.167603084,8.799554742e-05,1.0465933880000001e-05,2.50272376537323
155,1656765600,3.0367328599999996e-05,3.0367348399999997e-05,0.18597780122999996,6.359862399500001,0.046793656700000005,0.00424969121,0.00869800275,0.0067395389200000004,8.61483711e-06,7.9677541e-05,14.839160799999998,59.7,4.27048461e-06,2.7816988200000004e-06,1.26597581e-06,8.813839999999999e-07,6.58454047e-07,5.426566069999999e-07,4.6030718299999997e-07,3.8688683299999994e-07,8.300450389999999e-07,1.9596625800000003e-07,2.9096824199999996e-06,80.53254469999999,36.9309148,6.248714900000001e-10,9.1320437,0.00154185844,0.1173178659,3.560095907e-05,4.28781669e-06,0.0016109568800000001,0.13141730710000002,3.560095907e-05,4.28781669e-06,0.00162759003,0.1604175926,3.560095907e-05,4.28781669e-06,0.00184993016,0.182572771,3.560095907e-05,4.28781669e-06,2.502855110168457
155,1656766200,2.8040179500000004e-05,2.80401978e-05,0.21771028893,4.09974628103,0.036235240099999996,0.00413699639,0.008466325299999999,0.006589198040000001,8.256326730000001e-06,8.45880496e-05,13.3391609,39.0,3.68136221e-06,2.4952695699999996e-06,1.23099076e-06,8.30282079e-07,6.355848110000001e-07,5.09914672e-07,4.33120704e-07,3.6307370399999997e-07,7.96742805e-07,1.95820469e-07,2.8476954800000004e-06,81.49971060000001,38.3226385,5.613993030000001e-10,9.1451195,0.00151434407,0.11184926939999999,2.717171715e-05,3.26063406e-06,0.00160230097,0.1261289375,2.717171715e-05,3.26063406e-06,0.00151685972,0.126719088,2.717171715e-05,3.26063406e-06,0.0017800867200000001,0.17117291900000003,2.717171715e-05,3.26063406e-06,2.5024857044219972
155,1656766800,2.74900008e-05,2.7490006500000004e-05,0.00518571831,0.7304822255400001,0.0236504224,0.00412807085,0.008467944,0.00660294825,4.631243430000001e-06,3.72442401e-05,13.150349700000001,42.2,3.06496474e-06,2.35796035e-06,1.2278376999999999e-06,8.765647339999999e-07,7.05735822e-07,6.98466299e-07,4.85898204e-07,3.8908112000000003e-07,9.09647967e-07,1.9302818900000002e-07,2.8356753400000006e-06,81.4580165,39.40745040000001,5.394233729999999e-10,9.148325850000003,0.00156279148,0.1276256225,1.096909319e-05,1.621043014e-06,0.0015930817400000002,0.1236949075,1.096909319e-05,1.621043014e-06,0.00145074739,0.10456058230000001,1.096909319e-05,1.621043014e-06,0.0017495837700000003,0.151722477,1.096909319e-05,1.621043014e-06,2.502660942077637
155,1656767400,2.6597400200000004e-05,2.65974075e-05,0.05434424469999999,0.37487301340000007,0.0275502131,0.004100549230000001,0.008469024600000001,0.0065892565100000005,2.87741744e-06,2.72764392e-05,13.097902099999999,31.1,2.9461972600000005e-06,2.4935350299999993e-06,1.21142609e-06,8.37282302e-07,6.22866529e-07,5.19467887e-07,4.4023531500000003e-07,3.6798556100000005e-07,8.155176159999999e-07,1.91924246e-07,2.85223059e-06,81.9560476,39.5443231,5.180039459999999e-10,9.153316349999999,0.00151826848,0.11163660050000002,7.89316676e-06,1.3916315e-06,0.0016084396299999998,0.126377592,7.89316676e-06,1.3916315e-06,0.00146008841,0.1056968811,7.89316676e-06,1.3916315e-06,0.0017419664800000002,0.14956370699999996,7.89316676e-06,1.3916315e-06,2.50270938873291
155,1656768000,2.7061609899999998e-05,2.7061619e-05,0.1319448862,2.98398274453,0.028683159799999997,0.00410084233,0.008446423800000002,0.006551965500000001,4.158809e-06,3.65891056e-05,12.826923099999998,37.7,3.2300666e-06,2.50764804e-06,1.2101079700000002e-06,8.21634933e-07,6.115611990000001e-07,4.86027739e-07,4.28382104e-07,3.6385427400000006e-07,8.14559396e-07,1.95464978e-07,2.86126128e-06,81.94514089999998,39.23796169999999,5.317009379999999e-10,9.15176435,0.00150090974,0.11031074249999999,2.817183907e-05,3.2112168499999998e-06,0.00157737485,0.12174619040000001,2.817183907e-05,3.2112168499999998e-06,0.00150052136,0.12066993399999999,2.817183907e-05,3.2112168499999998e-06,0.00175825857,0.154949914,2.817183907e-05,3.2112168499999998e-06,2.502740240097046
155,1656768600,2.65967196e-05,2.6596730300000003e-05,0.00895565295,0.07307476616,0.026239706199999997,0.00411331909,0.008458957649999998,0.00658604298,2.6149025900000004e-06,2.1586090500000004e-05,12.7622378,29.9,3.1423236899999997e-06,2.3906078200000004e-06,1.20146822e-06,8.11137826e-07,6.26133473e-07,5.04026742e-07,4.2842105700000004e-07,3.6937052999999994e-07,8.157078920000001e-07,1.85430847e-07,2.8231032899999996e-06,81.94825949999999,39.2200143,5.213188070000001e-10,9.15116785,0.00149864086,0.10897814089999999,7.440919730000001e-06,1.423671e-06,0.0015836376,0.1215898508,7.440919730000001e-06,1.423671e-06,0.00153809354,0.115407905,7.440919730000001e-06,1.423671e-06,0.00174559771,0.14850794000000003,7.440919730000001e-06,1.423671e-06,2.5026742935180666
155,1656769200,2.6704558e-05,2.6704566500000004e-05,-0.002296588540000001,0.0526210679,0.0224060007,0.00411875898,0.008472974599999999,0.006589310199999999,2.50410025e-06,2.1035333400000002e-05,13.5472027,36.0,3.0624306599999995e-06,2.42385261e-06,1.17498348e-06,8.32730586e-07,6.62083437e-07,5.28187929e-07,4.34029206e-07,3.7050151500000003e-07,8.2157665e-07,1.91705324e-07,2.8500314499999998e-06,81.94582340000001,39.4727204,5.20579825e-10,9.153897350000001,0.0015260554200000002,0.11367548759999999,8.41749439e-06,1.43531803e-06,0.0015852078800000003,0.12225184789999999,8.41749439e-06,1.43531803e-06,0.0014907398200000002,0.108960965,8.41749439e-06,1.43531803e-06,0.0017511652399999997,0.15056173999999997,8.41749439e-06,1.43531803e-06,2.5027201652526854
155,1656769800,2.6330616900000003e-05,2.6330626199999996e-05,0.026477787857,0.1598659565,0.029068014299999993,0.0040949012699999995,0.0084217619,0.00655890795,2.4542371600000003e-06,2.05427867e-05,12.7395106,31.6,2.9300927799999998e-06,2.41662469e-06,1.2069983900000001e-06,8.411153000000001e-07,6.25127146e-07,5.004470140000001e-07,4.2922305799999995e-07,3.64957341e-07,8.03219732e-07,1.89396116e-07,2.8580101999999997e-06,82.15906100000001,39.8314585,5.10626592e-10,9.1568374,0.0015198167799999997,0.11205209549999999,7.5490292700000006e-06,1.30036388e-06,0.00157710677,0.12038858059999999,7.5490292700000006e-06,1.30036388e-06,0.00144698675,0.1022417457,7.5490292700000006e-06,1.30036388e-06,0.00177045755,0.15180470399999998,7.5490292700000006e-06,1.30036388e-06,2.502718138694763
155,1656770400,2.66379723e-05,2.6637981099999998e-05,0.01469804464,0.01863386124,0.021537128800000003,0.0041144015899999995,0.008518401,0.00661890658,2.39942685e-06,2.0189882799999998e-05,12.987762100000001,31.5,3.0407806e-06,2.45396765e-06,1.2224273299999998e-06,8.11888175e-07,6.22207409e-07,5.086964199999999e-07,4.2865655299999996e-07,3.5998835e-07,8.22189971e-07,1.9140446699999998e-07,2.8567392e-06,82.05195889999999,39.54648,5.19531605e-10,9.1542951,0.0015186077899999998,0.11177395999999999,8.296327899999999e-06,1.4017979599999999e-06,0.0015932315699999997,0.1225222551,8.296327899999999e-06,1.4017979599999999e-06,0.00149040614,0.10909909070000001,8.296327899999999e-06,1.4017979599999999e-06,0.0017625761699999998,0.152117262,8.296327899999999e-06,1.4017979599999999e-06,2.502678894996643
155,1656771000,2.65200466e-05,2.65200528e-05,0.018430193958,0.12082239923999998,0.0235202872,0.0041003802,0.008431016500000001,0.00655491638,2.66966956e-06,2.20377209e-05,13.0611889,34.1,3.00241109e-06,2.35678358e-06,1.19380125e-06,8.17568619e-07,6.248538860000001e-07,5.346887859999999e-07,4.5102914599999996e-07,3.7891354699999995e-07,8.665118489999999e-07,1.92710738e-07,2.8406650500000002e-06,81.9828231,39.817270300000004,5.15030296e-10,9.154208999999998,0.0015173424999999998,0.1128386914,7.5069601700000004e-06,1.32195262e-06,0.0015687274100000003,0.119842654,7.5069601700000004e-06,1.32195262e-06,0.0014670390099999998,0.1053010115,7.5069601700000004e-06,1.32195262e-06,0.00174847821,0.1497676645,7.5069601700000004e-06,1.32195262e-06,2.502715015411377
155,1656771600,2.6270660899999997e-05,2.6270668199999995e-05,-0.005106696799999999,0.0037141373039999994,0.021697978899999998,0.0040886014800000006,0.008412876199999999,0.006549501219999999,2.28643467e-06,1.8239551699999994e-05,12.853146900000002,33.7,2.99393326e-06,2.3852174399999998e-06,1.17926233e-06,8.15355977e-07,6.16660218e-07,5.15610814e-07,4.2803638500000003e-07,3.69852235e-07,7.947674799999999e-07,1.9667068899999998e-07,2.8398457100000003e-06,82.282043,39.8453005,5.100493220000001e-10,9.1565519,0.0014978570700000002,0.10880574000000001,7.971305139999999e-06,1.3983863499999999e-06,0.0015684509,0.12037277850000001,7.971305139999999e-06,1.3983863499999999e-06,0.0014899905000000002,0.1085777389,7.971305139999999e-06,1.3983863499999999e-06,0.0017357858199999999,0.147182875,7.971305139999999e-06,1.3983863499999999e-06,2.5027426958084105
155,1656772200,3.331582030000001e-05,3.33158539e-05,0.7409350239199998,20.771644502100003,0.04983339870000001,0.004147856230000001,0.008456462750000001,0.00654951882,3.342609997e-05,0.0003521802935,13.020979,41.5,5.6241641e-06,3.17907517e-06,1.2240888e-06,8.352176270000001e-07,6.38824061e-07,5.00886411e-07,4.14661616e-07,3.6850789e-07,8.121254549999999e-07,1.96499418e-07,2.86382388e-06,80.5520006,37.5056275,7.272341060000001e-10,9.1229231,0.00152253032,0.1129919815,6.518559798000001e-05,7.878934696e-06,0.00157970785,0.12612659089999997,6.518559798000001e-05,7.878934696e-06,0.0015243456300000002,0.16437957300000003,6.518559798000001e-05,7.878934696e-06,0.00178568197,0.28230396300000005,6.518559798000001e-05,7.878934696e-06,2.502702832221985
155,1656772800,2.72664251e-05,2.72664337e-05,0.019907331735,1.1239053818,0.0290368452,0.00410831892,0.0084652642,0.00656889138,5.083224270000001e-06,4.493932019999999e-05,13.104895200000001,49.7,3.38131441e-06,2.4724803e-06,1.17228344e-06,8.137314059999999e-07,6.22273999e-07,5.203015780000001e-07,4.35833854e-07,3.56239893e-07,8.21511021e-07,1.91978215e-07,2.84518352e-06,81.77684509999999,38.9425611,5.38513056e-10,9.1501093,0.00150774104,0.11040298200000001,1.412932684e-05,2.1645809499999997e-06,0.0015690364999999997,0.12060718330000002,1.412932684e-05,2.1645809499999997e-06,0.00149488986,0.117620574,1.412932684e-05,2.1645809499999997e-06,0.00176657168,0.16408442,1.412932684e-05,2.1645809499999997e-06,2.502703547477722
155,1656773400,2.64835708e-05,2.64835839e-05,0.17066358338999996,3.548051358400001,0.034219239299999996,0.0040814582299999996,0.0084016328,0.0065270671599999995,3.0857848599999995e-06,2.76409035e-05,12.9562936,32.8,3.01602322e-06,2.33128095e-06,1.22511341e-06,8.351086e-07,6.334213490000001e-07,5.082823530000001e-07,4.29604094e-07,3.64890098e-07,8.270420240000001e-07,1.9451827299999998e-07,2.87640663e-06,82.15627179999998,39.887932899999996,5.13592438e-10,9.15568965,0.00149958288,0.11068002700000001,8.915899780000001e-06,1.42561091e-06,0.00157988836,0.12265533099999999,8.915899780000001e-06,1.42561091e-06,0.00150749943,0.10996786269999999,8.915899780000001e-06,1.42561091e-06,0.0017222123499999998,0.14416513800000003,8.915899780000001e-06,1.42561091e-06,2.5026970863342286
155,1656774000,2.7191417100000003e-05,2.7191426300000005e-05,0.23035524341000002,5.517223282999999,0.0372553074,0.00412619066,0.0085046111,0.00663333646,3.61210064e-06,3.23628869e-05,13.2552447,35.2,3.3112922500000004e-06,2.40619921e-06,1.19386822e-06,8.211200369999999e-07,6.622070900000001e-07,5.36667188e-07,4.30490818e-07,3.7687169800000003e-07,8.093010330000001e-07,1.91598783e-07,2.8559390400000002e-06,81.7556824,39.0067252,5.348107719999999e-10,9.150676999999998,0.00152878122,0.11697222379999998,1.1570796269999999e-05,1.7712960199999998e-06,0.00155867326,0.1181030485,1.1570796269999999e-05,1.7712960199999998e-06,0.00156313584,0.12053729980000001,1.1570796269999999e-05,1.7712960199999998e-06,0.0017691571400000002,0.154193328,1.1570796269999999e-05,1.7712960199999998e-06,2.5027130603790284
155,1656774600,2.62711165e-05,2.6271123800000002e-05,0.009576667819999999,0.0096237943,0.0211200458,0.004086527330000001,0.00843531375,0.0065774193600000004,2.4316484599999998e-06,2.00270348e-05,12.709790100000001,32.8,2.938616e-06,2.41058677e-06,1.21785464e-06,8.218846400000001e-07,6.18661087e-07,5.004552780000001e-07,4.1614936099999994e-07,3.6686922999999996e-07,8.07483145e-07,1.92320611e-07,2.8445349499999996e-06,82.305484,39.919696300000005,5.089413e-10,9.15738105,0.00150660756,0.11074731420000002,8.007404349999999e-06,1.31576655e-06,0.00158455304,0.1217468054,8.007404349999999e-06,1.31576655e-06,0.00145743765,0.1035788036,8.007404349999999e-06,1.31576655e-06,0.0017465571700000001,0.14923844400000003,8.007404349999999e-06,1.31576655e-06,2.5027223110198973
155,1656775200,2.5777809599999997e-05,2.5777818999999994e-05,0.029122894806999998,0.16083624187,0.025229594499999997,0.00404817969,0.00834885695,0.00649647458,2.38304806e-06,2.0621812099999997e-05,12.26048985,28.4,2.7826525699999997e-06,2.29228567e-06,1.1881826999999998e-06,8.34211581e-07,6.151159130000001e-07,4.886998639999999e-07,4.429842070000001e-07,3.75878087e-07,7.985135700000002e-07,1.96677531e-07,2.87357949e-06,82.5918784,40.781853,4.94295625e-10,9.1613437,0.00152117852,0.11258188180000002,7.3102275399999994e-06,1.24092276e-06,0.00153657745,0.1148424554,7.3102275399999994e-06,1.24092276e-06,0.0014318441600000003,0.09899924560000001,7.3102275399999994e-06,1.24092276e-06,0.0017226206299999999,0.144132828,7.3102275399999994e-06,1.24092276e-06,2.502670669555664
155,1656775800,2.6325181399999998e-05,2.63251932e-05,0.018602347986999997,0.11757638564999999,0.022906622300000002,0.00408717487,0.008448430000000002,0.00656150864,2.7179147000000002e-06,2.50854039e-05,12.6730771,34.2,2.89562138e-06,2.4388787e-06,1.2180203000000002e-06,8.000172560000001e-07,6.14416286e-07,5.20201507e-07,4.376524249999999e-07,3.7107288300000003e-07,8.04621104e-07,1.9474728099999998e-07,2.86728828e-06,82.23814250000001,40.0998436,5.08470216e-10,9.15824895,0.0015217932800000002,0.11227301240000001,9.071334430000001e-06,1.38073912e-06,0.0015869950900000002,0.1226132415,9.071334430000001e-06,1.38073912e-06,0.0014263069599999999,0.09872482839999999,9.071334430000001e-06,1.38073912e-06,0.0017558929499999997,0.15139121500000002,9.071334430000001e-06,1.38073912e-06,2.5027729749679564
155,1656776400,2.63998256e-05,2.6399840999999996e-05,-0.006687527350000002,-0.011524709190000001,0.021889518599999998,0.0041008899400000005,0.00843959425,0.00658871604,2.3307450499999997e-06,1.95096423e-05,13.041958,31.9,2.99388019e-06,2.46458129e-06,1.18538741e-06,8.243819280000001e-07,6.160058930000001e-07,4.832365129999999e-07,4.24104515e-07,3.6889649800000003e-07,7.970037989999999e-07,1.95421305e-07,2.8468564199999997e-06,82.1691614,39.6371995,5.13511531e-10,9.156125600000001,0.00149150026,0.10800534660000001,8.066014449999998e-06,1.400677e-06,0.0015928537,0.12291703890000001,8.066014449999998e-06,1.400677e-06,0.00150942346,0.11043573520000001,8.066014449999998e-06,1.400677e-06,0.0017455398,0.147933073,8.066014449999998e-06,1.400677e-06,2.5026976823806764
155,1656777000,2.67947578e-05,2.67947666e-05,0.039863653225000004,0.42144412105000006,0.032175473100000004,0.00412044203,0.008503305999999999,0.006616060209999999,2.6167224299999997e-06,2.3364496299999997e-05,13.274475599999999,33.8,3.08009448e-06,2.4206886099999995e-06,1.2093165000000001e-06,8.410221859999999e-07,6.49621845e-07,5.02845207e-07,4.22764863e-07,3.71545869e-07,8.26913572e-07,1.9138115299999998e-07,2.8810886899999997e-06,81.9909945,39.544051100000004,5.22377392e-10,9.153586249999998,0.0015191285299999998,0.11259804310000002,8.25795634e-06,1.43934281e-06,0.00158445163,0.12408939670000001,8.25795634e-06,1.43934281e-06,0.00149657003,0.11037314390000001,8.25795634e-06,1.43934281e-06,0.0017568245899999997,0.150383196,8.25795634e-06,1.43934281e-06,2.502702021598816
