StationID,TimeStamp,sound@var,sound@power,sound@skew,sound@kurt,sound@abs_max,sound@abs_mean,sound@abs_max_top5p,sound@abs_max_top10p,sound@energy_sstd,sound@energy_smax,sound@s_zero_rate,sound@s_zero_rate_max,sound@power_0_5,sound@power_5_10,sound@power_10_15,sound@power_15_20,sound@power_20_25,sound@power_25_30,sound@power_30_35,sound@power_35_40,sound@power_40_60,sound@power_140_160,sound@power_other,sound@frequency_center,sound@mean_square_frequency,sound@variance_frequency,sound@frequency_entropy,sound@level4d_abs_mean,sound@level4d_energy,sound@level4d_energy_smax,sound@level4d_energy_sstd,sound@level5d_abs_mean,sound@level5d_energy,sound@level5d_energy_smax,sound@level5d_energy_sstd,sound@level6a_abs_mean,sound@level6a_energy,sound@level6a_energy_smax,sound@level6a_energy_sstd,sound@level6d_abs_mean,sound@level6d_energy,sound@level6d_energy_smax,sound@level6d_energy_sstd,sound@mean
355,1694880000,1.63040153e-05,1.63040187e-05,0.0032687064070000015,0.0024040200600000013,0.017018591450000002,0.0032233468100000004,0.00663249025,0.005173314699999999,1.1483999399999999e-06,1.038432605e-05,3.2150350000000003,10.5,1.17350492e-06,1.4260825800000001e-06,8.137352329999999e-07,5.77007228e-07,4.4148076500000003e-07,3.56352439e-07,3.19683575e-07,2.6445310499999995e-07,5.88172752e-07,1.38769918e-07,2.05273946e-06,84.6612391,45.2933773,2.89411615e-10,9.192862049999999,0.00127629976,0.078987153,2.5014982500000003e-06,4.73702904e-07,0.00127520571,0.07932354850000001,2.5014982500000003e-06,4.73702904e-07,0.0008849910840000001,0.0383761776,2.5014982500000003e-06,4.73702904e-07,0.0012669919199999999,0.07770550000000001,2.5014982500000003e-06,4.73702904e-07,2.455065703392029
355,1694880600,1.62038297e-05,1.6203834699999996e-05,-0.014791272339999998,-0.020530950978,0.016109578,0.00321478183,0.00660546112,0.005169496599999999,1.17384021e-06,1.084710365e-05,3.04895111,9.7,1.220385e-06,1.40482255e-06,7.72624464e-07,5.67278751e-07,4.41752813e-07,3.5982701099999997e-07,3.0689693399999997e-07,2.5681527299999995e-07,5.82418869e-07,1.38051173e-07,2.05102129e-06,84.9052844,45.39988530000001,2.87727091e-10,9.19479645,0.00126042058,0.0771212174,2.98005062e-06,5.21491193e-07,0.00126069893,0.0768925195,2.98005062e-06,5.21491193e-07,0.0009088479659999999,0.0406408524,2.98005062e-06,5.21491193e-07,0.00126504172,0.07806562589999999,2.98005062e-06,5.21491193e-07,2.455089640617371
355,1694881200,1.62809701e-05,1.62809752e-05,-0.0033922346149999998,-0.0004487709999999992,0.0167509186,0.00322119529,0.0066194116599999995,0.00515360904,1.21833629e-06,1.02326081e-05,3.24650355,11.1,1.1929249000000002e-06,1.47490278e-06,7.931167630000002e-07,5.57147668e-07,4.2792380399999996e-07,3.45619301e-07,3.07587508e-07,2.6884417e-07,5.83487251e-07,1.4170527699999998e-07,2.0471830200000003e-06,84.729917,45.1670119,2.90072857e-10,9.19265665,0.0012461650899999997,0.075335749,2.6269297599999997e-06,4.92300463e-07,0.0012759784899999999,0.07856846819999999,2.6269297599999997e-06,4.92300463e-07,0.000899119253,0.0398713198,2.6269297599999997e-06,4.92300463e-07,0.00128186396,0.08015661360000001,2.6269297599999997e-06,4.92300463e-07,2.4550930738449095
355,1694881800,1.6070566e-05,1.6070568999999997e-05,-0.019347392173,-0.005489376399999998,0.0159717543,0.0032008574,0.0065692017800000006,0.00513375018,1.18397232e-06,1.10877476e-05,3.10839167,11.0,1.1859284800000001e-06,1.3833341099999998e-06,7.93291513e-07,5.340143429999999e-07,4.342643240000001e-07,3.6349880300000004e-07,2.96408429e-07,2.6586361799999997e-07,5.81993873e-07,1.39844359e-07,2.0568248299999996e-06,85.07748539999999,45.744457,2.8418392e-10,9.196085499999999,0.0012536291,0.07598520849999998,2.7276900299999998e-06,4.859594349999999e-07,0.00124880696,0.07564802509999999,2.7276900299999998e-06,4.859594349999999e-07,0.000883862927,0.0384199089,2.7276900299999998e-06,4.859594349999999e-07,0.00127578749,0.0784406116,2.7276900299999998e-06,4.859594349999999e-07,2.455077052116394
355,1694882400,1.6314017499999998e-05,1.63140245e-05,-0.0025414459999999993,0.002784858089999999,0.01595484385,0.0032228336599999996,0.00663412315,0.00517749755,1.18826698e-06,1.091301365e-05,3.2919581100000004,10.9,1.17800936e-06,1.39159046e-06,8.308100510000001e-07,5.75756495e-07,4.4978558800000004e-07,3.5463601400000005e-07,3.1779398100000003e-07,2.65490591e-07,5.860213290000001e-07,1.4026423899999998e-07,2.0668075399999997e-06,84.78907589999999,45.4414498,2.8910185000000004e-10,9.19540345,0.0012730855600000001,0.0783254343,3.1692687700000003e-06,5.13064874e-07,0.00128743108,0.0807692956,3.1692687700000003e-06,5.13064874e-07,0.000893609331,0.0392300227,3.1692687700000003e-06,5.13064874e-07,0.0012463732500000001,0.0753398922,3.1692687700000003e-06,5.13064874e-07,2.4550750732421873
355,1694883000,1.62074932e-05,1.6207495400000003e-05,0.004625435539999999,-0.007917845499999998,0.015822709999999997,0.0032158451099999997,0.0066033542399999996,0.0051661176400000005,1.1525516800000003e-06,1.06517264e-05,3.2762238499999996,11.3,1.17813437e-06,1.37988434e-06,8.098841760000001e-07,5.57163887e-07,4.50981487e-07,3.65359911e-07,3.15328966e-07,2.6561230800000007e-07,5.87594798e-07,1.3930883900000002e-07,2.0544763699999996e-06,84.90740120000001,45.603799699999996,2.86574824e-10,9.195841099999999,0.00127058859,0.0785914003,3.0241335500000003e-06,5.166596529999999e-07,0.0012734588699999999,0.07836484,3.0241335500000003e-06,5.166596529999999e-07,0.0008918983420000001,0.0395780362,3.0241335500000003e-06,5.166596529999999e-07,0.00124786113,0.07525065189999999,3.0241335500000003e-06,5.166596529999999e-07,2.4551196813583376
355,1694883600,1.63983462e-05,1.63983507e-05,-0.0033466856470000007,0.0010988138200000003,0.016337316,0.0032317911500000006,0.00665751399,0.005189397069999999,1.1998445700000002e-06,1.073775675e-05,3.47377629,11.6,1.2562477000000002e-06,1.42141861e-06,7.97715609e-07,5.81373991e-07,4.43211607e-07,3.58673507e-07,3.03423428e-07,2.6300775600000004e-07,5.871330480000001e-07,1.3938804499999998e-07,2.04756121e-06,84.648441,44.9876835,2.9212144e-10,9.19262075,0.0012690622400000002,0.07835608320000001,2.72672367e-06,5.129478280000001e-07,0.0012712182,0.0782922644,2.72672367e-06,5.129478280000001e-07,0.0009277815979999999,0.042200362000000005,2.72672367e-06,5.129478280000001e-07,0.0012806536999999999,0.07977393860000001,2.72672367e-06,5.129478280000001e-07,2.455106282234192
355,1694884200,1.62909509e-05,1.6290960500000002e-05,-0.0024575747499999993,-0.007375510570000002,0.016252539200000003,0.00321996232,0.006629116959999999,0.005175495069999999,1.14875304e-06,1.0160120399999999e-05,3.1975525,11.7,1.2486257299999997e-06,1.39051502e-06,8.202349809999999e-07,5.67536058e-07,4.3842702699999995e-07,3.57918683e-07,2.97501392e-07,2.6127119200000005e-07,5.81829845e-07,1.38213991e-07,2.04336304e-06,84.7689756,45.126657699999996,2.90370402e-10,9.1928993,0.0012650635300000001,0.07758112350000002,3.6518610999999996e-06,5.926805980000001e-07,0.00127408439,0.078921027,3.6518610999999996e-06,5.926805980000001e-07,0.000935718331,0.0436189324,3.6518610999999996e-06,5.926805980000001e-07,0.00124942743,0.0754997213,3.6518610999999996e-06,5.926805980000001e-07,2.455075812339783
355,1694884800,1.6123944300000002e-05,1.6123947200000002e-05,0.0002294157499999984,0.005902249899999999,0.0158980321,0.00320145274,0.00661561638,0.00515273211,1.16113087e-06,1.0370276399999999e-05,3.0472028399999997,10.7,1.14861889e-06,1.43557154e-06,8.09704211e-07,5.60562036e-07,4.3027347400000006e-07,3.5417344999999997e-07,2.96977876e-07,2.6748096499999996e-07,5.749291080000001e-07,1.37088832e-07,2.0465769099999995e-06,84.9982679,45.542498699999996,2.860253300000001e-10,9.1946283,0.00126927649,0.07806651980000001,2.9257315900000002e-06,4.88254891e-07,0.00126474515,0.07794730999999999,2.9257315900000002e-06,4.88254891e-07,0.000892002167,0.0385872379,2.9257315900000002e-06,4.88254891e-07,0.00126216618,0.07710129639999999,2.9257315900000002e-06,4.88254891e-07,2.455095720291138
355,1694885400,1.6121224499999998e-05,1.6121231800000002e-05,-0.0050863846,0.015594544770000001,0.0166035498,0.00320212243,0.0065915296799999995,0.00513784523,1.21973889e-06,1.08571696e-05,3.1573427,11.9,1.1377662900000003e-06,1.44267435e-06,8.07284487e-07,5.693148550000001e-07,4.336116030000001e-07,3.5173507099999996e-07,3.0105484199999995e-07,2.5915041299999995e-07,5.84572984e-07,1.3655539699999998e-07,2.0368344300000003e-06,84.89842110000001,45.44456759999999,2.85911702e-10,9.193955299999999,0.00126468513,0.0775423965,2.80066057e-06,4.933889310000001e-07,0.0012764862,0.07930320669999999,2.80066057e-06,4.933889310000001e-07,0.0008722112039999999,0.03806549929999999,2.80066057e-06,4.933889310000001e-07,0.0012605419200000002,0.0767213581,2.80066057e-06,4.933889310000001e-07,2.4550922393798826
355,1694886000,1.6089227800000002e-05,1.60892296e-05,-0.012556149460000002,-0.0148312102,0.0163465878,0.0032040107899999996,0.00657263446,0.00513640529,1.14599651e-06,1.00264828e-05,3.0891609300000002,11.7,1.16876068e-06,1.3749969300000003e-06,7.900327049999999e-07,5.746956099999999e-07,4.351191219999999e-07,3.5397201700000005e-07,3.08101124e-07,2.7281823600000004e-07,5.91113636e-07,1.36664575e-07,2.03829933e-06,84.8815359,45.594809399999995,2.84732172e-10,9.194868000000001,0.00126335799,0.07726985919999999,3.04483376e-06,5.16618324e-07,0.0012631802699999998,0.077462002,3.04483376e-06,5.16618324e-07,0.0008899482699999999,0.0390951006,3.04483376e-06,5.16618324e-07,0.0012498956999999998,0.07596057,3.04483376e-06,5.16618324e-07,2.455068016052246
355,1694886600,1.6199823700000005e-05,1.6199828100000002e-05,0.006006934479999999,0.00349442697,0.01648786375,0.00321036862,0.00663598462,0.005160672539999999,1.18019019e-06,1.03140989e-05,3.21328678,10.4,1.18303561e-06,1.37432488e-06,8.38001137e-07,5.550104369999999e-07,4.37496171e-07,3.59151003e-07,3.1363992499999993e-07,2.64373172e-07,5.83788523e-07,1.3895429200000002e-07,2.05210653e-06,84.97182610000002,45.5567021,2.8685668800000003e-10,9.19588175,0.00126830906,0.0781656629,2.5562602899999997e-06,4.82816274e-07,0.00127507046,0.07917853209999999,2.5562602899999997e-06,4.82816274e-07,0.0008779252140000001,0.0382555813,2.5562602899999997e-06,4.82816274e-07,0.00126050703,0.0766317874,2.5562602899999997e-06,4.82816274e-07,2.455088973045349
355,1694887200,1.6233548199999997e-05,1.6233552799999998e-05,-0.01091501359,-0.007140369910000001,0.0163202022,0.0032143802399999997,0.006636960080000001,0.0051507789,1.17365734e-06,1.093488315e-05,3.31818186,10.8,1.14563205e-06,1.4309318700000001e-06,8.00860143e-07,5.87180554e-07,4.4039679700000003e-07,3.6391979600000005e-07,3.09985795e-07,2.6881177e-07,5.79264174e-07,1.3828604500000003e-07,2.0514339199999998e-06,84.784411,45.4169721,2.8824658700000004e-10,9.19333155,0.00127090422,0.07799346759999999,2.776961e-06,5.05638398e-07,0.0012716555100000001,0.0781922185,2.776961e-06,5.05638398e-07,0.0008926926269999999,0.039265586500000005,2.776961e-06,5.05638398e-07,0.0012583307700000002,0.07741650159999999,2.776961e-06,5.05638398e-07,2.4550605058670043
355,1694887800,1.59861282e-05,1.5986132600000003e-05,-0.00838328206,-0.00844710015,0.016494339599999998,0.0031906877899999997,0.0065633518000000005,0.0051155190899999994,1.1499873200000002e-06,1.01010151e-05,3.0157343000000005,10.3,1.12370458e-06,1.3655119e-06,8.08607172e-07,5.74869648e-07,4.3005707599999996e-07,3.54836504e-07,3.032617629999999e-07,2.6208964299999996e-07,5.851812490000001e-07,1.41002956e-07,2.04390869e-06,85.04066309999999,45.9107134,2.8162632700000005e-10,9.196777500000001,0.00125760292,0.07702259239999999,2.85738012e-06,4.99230131e-07,0.00126870849,0.07778301870000001,2.85738012e-06,4.99230131e-07,0.000898646033,0.03919454239999999,2.85738012e-06,4.99230131e-07,0.00122722469,0.0728827702,2.85738012e-06,4.99230131e-07,2.4551200389862062
355,1694888400,1.6062758299999998e-05,1.60627618e-05,-0.0017362564000000004,-0.008210522235999999,0.01562989885,0.0031979342500000002,0.006597068659999999,0.005137316029999999,1.1719573400000002e-06,1.0293877849999999e-05,3.21153855,11.0,1.1390207000000001e-06,1.4125597700000002e-06,7.932085669999999e-07,5.6380456e-07,4.2560328200000005e-07,3.57987806e-07,3.10329985e-07,2.63787954e-07,5.83831554e-07,1.38748458e-07,2.04246064e-06,84.97206659999999,45.7325272,2.83540927e-10,9.1968987,0.00125664469,0.07658512579999999,2.45102075e-06,4.59254038e-07,0.0012592365,0.0771440268,2.45102075e-06,4.59254038e-07,0.000882192901,0.03804076399999999,2.45102075e-06,4.59254038e-07,0.0012542812199999999,0.0770963193,2.45102075e-06,4.59254038e-07,2.455080819129944
355,1694889000,1.6248150599999994e-05,1.62481559e-05,-0.0009634659500000004,-0.01016932486,0.0163278882,0.0032173905200000006,0.00663193493,0.005161359149999999,1.1606284599999999e-06,1.046105545e-05,3.17132879,11.9,1.2345175899999999e-06,1.36921238e-06,8.29405851e-07,5.71682196e-07,4.3903470100000004e-07,3.51523338e-07,2.9850132299999996e-07,2.6428852799999995e-07,5.802113310000001e-07,1.39162429e-07,2.04649247e-06,84.78693290000001,45.2647843,2.8905423700000004e-10,9.193133999999999,0.0012724685,0.0782944169,2.83794934e-06,5.22248069e-07,0.0012750939899999999,0.078476057,2.83794934e-06,5.22248069e-07,0.000929419695,0.0422977843,2.83794934e-06,5.22248069e-07,0.00124819151,0.0757679526,2.83794934e-06,5.22248069e-07,2.4551081895828246
355,1694889600,1.60609888e-05,1.60609913e-05,-0.0151792205685,-0.005423354190000001,0.0159204268,0.00319887882,0.00658110137,0.00513720343,1.16909095e-06,1.03113473e-05,3.0087413,10.9,1.1706572599999998e-06,1.37635971e-06,7.866597519999999e-07,5.75000596e-07,4.35554079e-07,3.5946103e-07,2.997663480000001e-07,2.6423688e-07,5.83416922e-07,1.38510726e-07,2.0408097699999997e-06,84.93815079999999,45.6078207,2.84248073e-10,9.1950153,0.00126069143,0.077146026,2.87909992e-06,4.882366199999999e-07,0.0012616678899999999,0.07724577780000001,2.87909992e-06,4.882366199999999e-07,0.0008916894540000001,0.0389165482,2.87909992e-06,4.882366199999999e-07,0.0012544047600000002,0.0759048511,2.87909992e-06,4.882366199999999e-07,2.455123496055603
355,1694890200,1.6224418700000004e-05,1.6224423e-05,0.0017748591068,-0.01667518118,0.0156042784,0.00321504883,0.00663557404,0.00516176114,1.21660727e-06,1.032483125e-05,3.25524479,11.3,1.2116627e-06,1.41012593e-06,8.262478550000001e-07,5.570296869999999e-07,4.47076784e-07,3.50816932e-07,2.9781289699999997e-07,2.61432904e-07,5.768358659999999e-07,1.39176952e-07,2.0339646e-06,84.782233,45.1152423,2.8943774e-10,9.1926344,0.00126803067,0.0776540933,2.6911102500000005e-06,4.98733965e-07,0.00127632145,0.07912508399999998,2.6911102500000005e-06,4.98733965e-07,0.000918728428,0.0413313869,2.6911102500000005e-06,4.98733965e-07,0.0012581379299999996,0.07685493750000001,2.6911102500000005e-06,4.98733965e-07,2.4551111459732056
355,1694890800,1.60716161e-05,1.60716204e-05,-0.003304990340000001,0.007245165600000003,0.01578338245,0.00319639241,0.006591039700000001,0.00514230575,1.20533377e-06,1.041693115e-05,3.25524482,10.6,1.1629093199999998e-06,1.38258187e-06,7.837899410000001e-07,5.80572204e-07,4.27985421e-07,3.5237748300000006e-07,3.0592207600000004e-07,2.51935206e-07,5.90595419e-07,1.40121966e-07,2.0570021000000004e-06,85.0861677,45.8665017,2.833420399999999e-10,9.196678299999999,0.0012633789899999998,0.077450429,3.03321068e-06,5.061860119999999e-07,0.0012571602699999998,0.0766456633,3.03321068e-06,5.061860119999999e-07,0.0008574377889999998,0.0368848996,3.03321068e-06,5.061860119999999e-07,0.00126732502,0.07760558480000002,3.03321068e-06,5.061860119999999e-07,2.4550966739654543
355,1694891400,1.61966833e-05,1.61966863e-05,0.004266080650000001,-0.025672639820000002,0.0163279839,0.00321517348,0.006618529369999999,0.00516300415,1.105629675e-06,1.0047199700000001e-05,3.09790215,9.9,1.1574583100000001e-06,1.40551706e-06,8.1573084e-07,5.702215060000001e-07,4.4140691699999997e-07,3.72752192e-07,3.05537628e-07,2.67835223e-07,5.84875483e-07,1.3715822099999997e-07,2.03981407e-06,84.7539461,45.3857263,2.87457719e-10,9.1934751,0.00126938256,0.07864257050000001,2.9381043299999997e-06,5.14534584e-07,0.00127868341,0.0784856776,2.9381043299999997e-06,5.14534584e-07,0.0008907952719999999,0.0389932507,2.9381043299999997e-06,5.14534584e-07,0.0012610280600000002,0.07610661020000001,2.9381043299999997e-06,5.14534584e-07,2.4551154375076294
355,1694892000,1.6220711999999998e-05,1.62207161e-05,0.0013968470970000006,-0.0066915689,0.0168075375,0.0032151679999999996,0.00661554094,0.00515423342,1.1476569899999999e-06,9.944422599999999e-06,3.17482523,10.1,1.2058827600000001e-06,1.43363763e-06,7.9262145e-07,5.56985177e-07,4.3881058000000004e-07,3.59380738e-07,2.97320428e-07,2.5557126500000004e-07,5.84051744e-07,1.38742498e-07,2.04733617e-06,84.82907229999999,45.2831784,2.8858331e-10,9.192542399999999,0.0012504870200000001,0.07587036,2.74133933e-06,4.9439385e-07,0.00128803749,0.0803215196,2.74133933e-06,4.9439385e-07,0.000902498398,0.0398355656,2.74133933e-06,4.9439385e-07,0.00126149169,0.07736749750000001,2.74133933e-06,4.9439385e-07,2.4550901889801025
355,1694892600,1.62266858e-05,1.6226691999999996e-05,-0.00589423337,0.0029202923550000004,0.0162033144,0.00321223665,0.006626936580000001,0.00514507994,1.19763154e-06,1.0539842649999999e-05,3.2727273099999996,10.9,1.20472678e-06,1.4200917e-06,8.05363586e-07,5.74360774e-07,4.29769468e-07,3.54295135e-07,3.00397967e-07,2.70507722e-07,5.811713759999999e-07,1.36550396e-07,2.03608709e-06,84.79898299999999,45.226122399999994,2.88309942e-10,9.193899150000002,0.00126531903,0.077525904,2.8894020099999997e-06,5.19386418e-07,0.00127976559,0.0792252841,2.8894020099999997e-06,5.19386418e-07,0.0009103086079999999,0.0405999029,2.8894020099999997e-06,5.19386418e-07,0.00126262791,0.0773495953,2.8894020099999997e-06,5.19386418e-07,2.4550774097442627
355,1694893200,1.6144861799999998e-05,1.61448679e-05,-0.0024606981599999992,0.0031509951000000002,0.016428598500000002,0.00320498147,0.006590270649999999,0.005129159670000001,1.139080585e-06,1.0320268600000002e-05,3.2115385200000004,11.3,1.1383592299999999e-06,1.38580841e-06,8.22152498e-07,5.660406469999998e-07,4.4692642500000005e-07,3.64312454e-07,3.0917390200000003e-07,2.6472731800000003e-07,5.83876621e-07,1.4032379e-07,2.05071456e-06,84.98405059999999,45.7867648,2.85039478e-10,9.196330499999998,0.0012717873999999998,0.0784272111,2.9600602500000007e-06,4.8867321e-07,0.00128226523,0.0793213995,2.9600602500000007e-06,4.8867321e-07,0.0008666149369999999,0.036829431399999994,2.9600602500000007e-06,4.8867321e-07,0.0012530177199999999,0.07609845570000001,2.9600602500000007e-06,4.8867321e-07,2.4550602197647096
355,1694893800,1.6131422600000003e-05,1.61314278e-05,0.010900836249999999,-0.021583054740000003,0.0170454866,0.00320709385,0.00662610186,0.005152010530000001,1.189162023e-06,1.043758485e-05,3.10839165,10.9,1.19244555e-06,1.40349462e-06,7.746757359999999e-07,5.577418749999999e-07,4.37861288e-07,3.5661361e-07,3.06307978e-07,2.65098115e-07,5.85674447e-07,1.3980131499999997e-07,2.0459433600000003e-06,84.96029660000002,45.581640300000004,2.8592948999999997e-10,9.194599,0.00125765818,0.0768268431,2.73262135e-06,4.86597621e-07,0.00126944516,0.07820842619999999,2.73262135e-06,4.86597621e-07,0.000860692412,0.0368148696,2.73262135e-06,4.86597621e-07,0.0012629749799999998,0.07781095399999999,2.73262135e-06,4.86597621e-07,2.4550570487976073
355,1694894400,1.62046094e-05,1.62046144e-05,0.00246612354,0.003152930300000001,0.016627848,0.0032132577000000004,0.006638332799999999,0.005167841290000001,1.20150462e-06,1.1067020599999999e-05,3.0786713800000003,11.7,1.19898433e-06,1.43955366e-06,7.90962249e-07,5.580684370000001e-07,4.377727880000001e-07,3.5674716499999995e-07,2.99881997e-07,2.60875981e-07,5.80532011e-07,1.39976324e-07,2.03892422e-06,84.8232274,45.2234804,2.883897e-10,9.194054750000001,0.00124852473,0.075920349,3.1239853100000004e-06,5.297195570000001e-07,0.00127024794,0.07850254440000001,3.1239853100000004e-06,5.297195570000001e-07,0.0008944196600000001,0.0400286953,3.1239853100000004e-06,5.297195570000001e-07,0.00127859225,0.0787980279,3.1239853100000004e-06,5.297195570000001e-07,2.4550892114639282
355,1694895000,1.61724256e-05,1.6172429500000002e-05,0.00513028374,-0.0013572754699999999,0.0160358226,0.0032072263099999997,0.006633524369999999,0.005155247829999999,1.2260978300000002e-06,1.05415447e-05,3.22027978,12.2,1.19549881e-06,1.4116481999999999e-06,8.017073299999999e-07,5.552198169999999e-07,4.2878780199999993e-07,3.62992933e-07,3.08806622e-07,2.64095126e-07,5.828603229999999e-07,1.4059109299999998e-07,2.03397566e-06,84.7884608,45.3212156,2.8694320399999996e-10,9.1941194,0.00125810381,0.07657728099999998,3.30818326e-06,5.32549185e-07,0.0012733516800000001,0.0792983871,3.30818326e-06,5.32549185e-07,0.0008912769349999998,0.0390102591,3.30818326e-06,5.32549185e-07,0.00125321094,0.0768622765,3.30818326e-06,5.32549185e-07,2.4550622701644897
355,1694895600,1.62165644e-05,1.62165665e-05,0.00021919275999999905,-0.0008307615000000022,0.0167033305,0.0032134909999999997,0.0066142989,0.0051708456,1.2045875300000002e-06,1.06685918e-05,3.1643357400000003,10.5,1.1826755e-06,1.4021728e-06,8.197415659999999e-07,5.591933639999999e-07,4.32515605e-07,3.60316243e-07,3.14489744e-07,2.62187481e-07,5.81885923e-07,1.3882157500000002e-07,2.0542531499999996e-06,84.9713325,45.5064618,2.8798671600000005e-10,9.193974100000002,0.0012620507900000001,0.0772488009,3.03780774e-06,5.23205546e-07,0.00127650132,0.0790366516,3.03780774e-06,5.23205546e-07,0.0008933962929999999,0.039745837000000006,3.03780774e-06,5.23205546e-07,0.0012484892300000001,0.0767350953,3.03780774e-06,5.23205546e-07,2.4551099300384522
355,1694896200,1.6038480900000002e-05,1.60384876e-05,-0.0103730316,0.004829764660000002,0.015872639650000003,0.0031929772,0.00658078496,0.00513093584,1.13694352e-06,1.00979497e-05,3.1468531700000004,11.1,1.18329713e-06,1.3811709800000002e-06,7.844870720000001e-07,5.48545989e-07,4.321289069999999e-07,3.5848749400000004e-07,3.03960214e-07,2.63792789e-07,5.84434642e-07,1.37346408e-07,2.0415508499999994e-06,84.9683104,45.6423329,2.83755474e-10,9.19597525,0.0012642168000000001,0.07779928920000001,2.86263493e-06,4.945229600000001e-07,0.0012473530599999999,0.0756619594,2.86263493e-06,4.945229600000001e-07,0.0009157031440000001,0.0406856885,2.86263493e-06,4.945229600000001e-07,0.0012374116799999998,0.074466231,2.86263493e-06,4.945229600000001e-07,2.4550846815109253
355,1694896800,1.62638696e-05,1.6263874999999997e-05,-0.0023091400339999998,-0.0019068107999999976,0.0161821885,0.00321993405,0.006626147090000001,0.005163051239999999,1.2078233439999999e-06,1.04199766e-05,3.32867136,11.5,1.20324785e-06,1.42961668e-06,8.0282617e-07,5.582050269999999e-07,4.3929369299999996e-07,3.65896161e-07,2.98186032e-07,2.67397221e-07,5.85889009e-07,1.37364616e-07,2.04398896e-06,84.7981033,45.236729100000005,2.8954967600000004e-10,9.192870200000002,0.00126237308,0.07725034080000001,2.90992081e-06,4.97206135e-07,0.00126346276,0.0779434379,2.90992081e-06,4.97206135e-07,0.0009035603929999998,0.0397287976,2.90992081e-06,4.97206135e-07,0.00127795904,0.0793970941,2.90992081e-06,4.97206135e-07,2.45507173538208
355,1694897400,1.61796106e-05,1.6179613e-05,-0.0107474934,-0.00036858624999999977,0.016145549999999998,0.00321186577,0.00658903081,0.00515573427,1.2118928099999997e-06,1.063782345e-05,3.2220280600000004,11.8,1.1736930299999998e-06,1.4209057700000002e-06,7.930188779999999e-07,5.675591469999999e-07,4.375828430000001e-07,3.5781123e-07,2.95148343e-07,2.6080903499999996e-07,5.8835507e-07,1.3845593100000002e-07,2.05642845e-06,84.8943495,45.552361,2.86109555e-10,9.195780699999997,0.0012633551599999999,0.07733882650000001,3.04283854e-06,5.41728785e-07,0.0012610234199999998,0.07747705299999999,3.04283854e-06,5.41728785e-07,0.0008983773229999999,0.0402863213,3.04283854e-06,5.41728785e-07,0.00125645103,0.0765840698,3.04283854e-06,5.41728785e-07,2.4550986289978027
355,1694898000,1.61283014e-05,1.61283062e-05,0.00963767004,0.006688330680000002,0.016700650899999996,0.0032033433600000003,0.0066288983999999995,0.005149755760000001,1.18644192e-06,1.0266387400000001e-05,2.9947553000000005,11.7,1.1896707499999998e-06,1.441126e-06,7.614123590000001e-07,5.577823669999999e-07,4.44944146e-07,3.59557777e-07,2.9139759200000003e-07,2.64556414e-07,5.8867558e-07,1.3833868099999999e-07,2.0266495e-06,84.9680545,45.3825966,2.86995635e-10,9.1941166,0.0012526909799999999,0.075945963,2.91705942e-06,5.107638690000001e-07,0.0012604769700000002,0.0774764299,2.91705942e-06,5.107638690000001e-07,0.000912345918,0.0408019679,2.91705942e-06,5.107638690000001e-07,0.00126171263,0.077512172,2.91705942e-06,5.107638690000001e-07,2.455085039138794
355,1694898600,1.6206957799999998e-05,1.62069618e-05,0.003055524659999999,0.0113387249,0.016234430299999998,0.00321119577,0.006629801520000001,0.00515413455,1.2143087000000002e-06,1.037619e-05,3.09615392,11.2,1.2195051900000001e-06,1.37904198e-06,8.092091639999999e-07,5.716788299999999e-07,4.34708644e-07,3.6163139900000004e-07,2.9653372e-07,2.6923028799999997e-07,5.767295689999999e-07,1.4217025000000002e-07,2.0430111700000002e-06,84.84337350000001,45.3765652,2.87499428e-10,9.1941029,0.00127107856,0.07865133259999998,3.4365857600000003e-06,5.40104668e-07,0.00126610242,0.0777468015,3.4365857600000003e-06,5.40104668e-07,0.0008786102719999999,0.0389131378,3.4365857600000003e-06,5.40104668e-07,0.00127456453,0.07842284100000001,3.4365857600000003e-06,5.40104668e-07,2.4551220178604125
355,1694899200,1.60739927e-05,1.6073994600000002e-05,-0.0028918057039999997,-0.012202079329999999,0.0166563471,0.0032000708599999998,0.006584301199999999,0.00514336815,1.21765597e-06,1.1085746350000001e-05,3.16433574,11.2,1.21360791e-06,1.3699690000000002e-06,7.95282137e-07,5.62539194e-07,4.27287421e-07,3.6027326700000003e-07,3.1347858299999997e-07,2.5487450200000003e-07,5.73342072e-07,1.39079344e-07,2.02723797e-06,84.96093049999999,45.435796800000006,2.85661654e-10,9.19432935,0.0012600417000000002,0.07703533950000001,2.8159709e-06,5.059288910000001e-07,0.00126311669,0.076976202,2.8159709e-06,5.059288910000001e-07,0.0008788339340000002,0.0386187863,2.8159709e-06,5.059288910000001e-07,0.00126840435,0.0783419772,2.8159709e-06,5.059288910000001e-07,2.455124044418335
355,1694899800,1.6258293e-05,1.62582968e-05,0.006714429619999999,-0.006797716280000002,0.01622186395,0.0032189441900000006,0.00663044624,0.00516179143,1.17296607e-06,1.04622892e-05,3.23426581,10.9,1.1814280899999999e-06,1.4246132299999998e-06,8.152464349999999e-07,5.68656358e-07,4.49485501e-07,3.5954186600000005e-07,3.0379150999999997e-07,2.6529902199999997e-07,5.79474667e-07,1.41565531e-07,2.04001417e-06,84.75870080000001,45.2597544,2.8944343599999993e-10,9.19243735,0.0012701706699999999,0.07830785959999999,2.96783005e-06,4.906345020000001e-07,0.0012772323799999999,0.0788581184,2.96783005e-06,4.906345020000001e-07,0.000888675616,0.0387485926,2.96783005e-06,4.906345020000001e-07,0.00126947059,0.0784868467,2.96783005e-06,4.906345020000001e-07,2.455096173286438
355,1694900400,1.6159559199999998e-05,1.61595626e-05,0.00947996455,0.0033406775169999986,0.016625354999999998,0.0032063079199999996,0.0066213170300000014,0.0051404548,1.18858081e-06,1.0385134149999999e-05,3.3479021599999994,11.2,1.1834393e-06,1.4189877100000002e-06,8.04195426e-07,5.55174053e-07,4.4041649799999997e-07,3.52788238e-07,3.0835877700000005e-07,2.544942e-07,5.77543006e-07,1.4072251499999997e-07,2.0436080300000003e-06,84.93163890000001,45.4484574,2.8625275700000003e-10,9.19570705,0.0012577679999999998,0.0769911985,3.0593088500000002e-06,5.158002749999999e-07,0.00127184774,0.0784046743,3.0593088500000002e-06,5.158002749999999e-07,0.000895017823,0.0399362137,3.0593088500000002e-06,5.158002749999999e-07,0.00126829262,0.0774868814,3.0593088500000002e-06,5.158002749999999e-07,2.455142021179199
355,1694901000,1.61843498e-05,1.6184355800000004e-05,0.001542785949999998,0.011930569499999998,0.0164893969,0.0032076545999999997,0.006621916339999999,0.00515450245,1.18039329e-06,1.0128463050000001e-05,3.30244759,12.2,1.16931413e-06,1.40422179e-06,8.25118442e-07,5.656250919999999e-07,4.3834428399999997e-07,3.57884312e-07,3.1236598800000004e-07,2.55611114e-07,5.779476449999999e-07,1.39641395e-07,2.0460626599999994e-06,84.83513439999999,45.460454799999994,2.86514876e-10,9.195040299999999,0.00127142939,0.0782560068,2.7162159e-06,4.6382583800000003e-07,0.00127340309,0.0779729406,2.7162159e-06,4.6382583800000003e-07,0.000885060068,0.0378064436,2.7162159e-06,4.6382583800000003e-07,0.00126312352,0.078255353,2.7162159e-06,4.6382583800000003e-07,2.45512375831604
355,1694901600,1.6163771299999998e-05,1.61637813e-05,0.005196188189999999,-0.03424715148,0.016274179699999995,0.00321203403,0.00662293225,0.0051809629699999995,1.1717507000000003e-06,1.0191229950000001e-05,3.07692312,11.4,1.2226568399999999e-06,1.3995045800000002e-06,7.962775379999999e-07,5.564180819999998e-07,4.4102911500000004e-07,3.6130432699999996e-07,2.9216623599999995e-07,2.66913808e-07,5.693788169999999e-07,1.37685721e-07,2.0385204099999998e-06,84.8843179,45.27323890000001,2.87453205e-10,9.194682649999999,0.0012626456699999999,0.07714794509999999,3.1481341999999995e-06,5.28868865e-07,0.0012695747199999998,0.07762085399999999,3.1481341999999995e-06,5.28868865e-07,0.0009061647000000001,0.04063211740000001,3.1481341999999995e-06,5.28868865e-07,0.00126317541,0.0774421435,3.1481341999999995e-06,5.28868865e-07,2.4551058769226075
355,1694902200,1.62874119e-05,1.62874187e-05,-0.0066827787,-0.0005243638500000009,0.01680948965,0.00322037988,0.0066347221100000004,0.00517585485,1.16092372e-06,1.036776775e-05,3.27097907,11.7,1.23946887e-06,1.4207476599999999e-06,8.05237148e-07,5.63924218e-07,4.35276009e-07,3.5463013e-07,2.97390013e-07,2.58533385e-07,5.858454830000001e-07,1.37127355e-07,2.04551228e-06,84.69584130000001,45.0511994,2.8999503100000007e-10,9.1939162,0.0012555514200000002,0.07636525410000002,3.2737158599999996e-06,5.42016889e-07,0.0012827374499999999,0.079462059,3.2737158599999996e-06,5.42016889e-07,0.0009232453180000001,0.0420511532,3.2737158599999996e-06,5.42016889e-07,0.00126539494,0.07749477429999999,3.2737158599999996e-06,5.42016889e-07,2.4551392555236817
355,1694902800,1.62058647e-05,1.62058671e-05,-0.0024088069900000007,0.0015404353999999994,0.0168840482,0.0032121018600000002,0.0066276153099999995,0.005149602580000001,1.2059627500000002e-06,1.07841874e-05,3.27097907,12.1,1.2136291699999998e-06,1.38197992e-06,8.30777685e-07,5.565583609999999e-07,4.2867894799999994e-07,3.5325644100000003e-07,3.00716044e-07,2.63972969e-07,5.854654430000001e-07,1.393684e-07,2.0484977600000003e-06,85.01084700000001,45.441647800000005,2.87805398e-10,9.1950581,0.00126669675,0.07765155160000001,3.00537734e-06,5.285154e-07,0.00126581358,0.0774326216,3.00537734e-06,5.285154e-07,0.0009038716060000001,0.040645094400000005,3.00537734e-06,5.285154e-07,0.0012635486100000001,0.0772437689,3.00537734e-06,5.285154e-07,2.4551555633544924
355,1694903400,1.62004663e-05,1.62004712e-05,0.006014482160000001,0.015294464880000002,0.01666710185,0.00320909537,0.00664060904,0.00515480259,1.25076985e-06,1.1135101550000001e-05,3.3583916799999995,12.8,1.19142057e-06,1.4298366099999999e-06,7.96155586e-07,5.52944754e-07,4.33833049e-07,3.5342282199999996e-07,3.0521692999999996e-07,2.64387682e-07,5.82589664e-07,1.38539716e-07,2.05186721e-06,84.90517909999998,45.43407139999999,2.87013513e-10,9.195990199999999,0.0012591223999999998,0.0768522706,2.9602095e-06,5.06962783e-07,0.0012692094399999999,0.0781032692,2.9602095e-06,5.06962783e-07,0.000901350361,0.0401227024,2.9602095e-06,5.06962783e-07,0.00125928506,0.0779317974,2.9602095e-06,5.06962783e-07,2.4551235914230345
355,1694904000,1.6242391999999997e-05,1.6242395200000002e-05,0.00164642823,0.0046442366,0.0164510401,0.0032156183500000003,0.00664905849,0.005169726899999999,1.2129551200000001e-06,1.095653755e-05,3.2482517699999995,12.4,1.17728063e-06,1.40758e-06,8.20851786e-07,5.71655658e-07,4.30087235e-07,3.5280062200000007e-07,3.08100657e-07,2.65562629e-07,5.825053949999999e-07,1.38722097e-07,2.0659804e-06,84.8655095,45.52621620000001,2.87863356e-10,9.19498535,0.00127215676,0.07812600459999999,2.7252661299999997e-06,4.848881019999999e-07,0.00127682859,0.078943305,2.7252661299999997e-06,4.848881019999999e-07,0.0008890215340000001,0.038627937099999995,2.7252661299999997e-06,4.848881019999999e-07,0.0012580044,0.0766654576,2.7252661299999997e-06,4.848881019999999e-07,2.4551278352737427
355,1694904600,1.6261167800000002e-05,1.62611753e-05,-0.0034178840599999997,0.01384049681,0.0159259093,0.0032159067,0.00665644685,0.00516964703,1.1892801900000001e-06,1.05835711e-05,3.26223783,10.2,1.1897948e-06,1.4011300799999999e-06,8.07691037e-07,5.77535811e-07,4.42058273e-07,3.4970364e-07,3.10461266e-07,2.75708974e-07,5.82012571e-07,1.37384762e-07,2.05704554e-06,84.6898629,45.353496500000006,2.88414344e-10,9.1936113,0.00126574869,0.0779491072,2.8455431800000005e-06,5.051118209999999e-07,0.0012768086300000002,0.08014456350000002,2.8455431800000005e-06,5.051118209999999e-07,0.0009081208619999999,0.04092947410000001,2.8455431800000005e-06,5.051118209999999e-07,0.0012391817,0.07396051690000001,2.8455431800000005e-06,5.051118209999999e-07,2.45513014793396
355,1694905200,1.61907058e-05,1.61907093e-05,0.0021907336,-0.009977410420000003,0.016227108400000002,0.0032120271800000003,0.00662970026,0.005170113529999999,1.17468121e-06,1.04331176e-05,3.17482524,12.3,1.2282751900000002e-06,1.37189234e-06,8.072390260000001e-07,5.565716379999999e-07,4.411108919999999e-07,3.65115408e-07,3.0443549799999997e-07,2.67816766e-07,5.792504820000001e-07,1.39573437e-07,2.03405365e-06,84.885733,45.307435999999996,2.88196071e-10,9.192853000000003,0.00126476985,0.0773090371,3.1063948899999995e-06,5.38145363e-07,0.00125522433,0.07626691349999999,3.1063948899999995e-06,5.38145363e-07,0.0009076046450000001,0.040634765100000005,3.1063948899999995e-06,5.38145363e-07,0.0012720863800000002,0.07907493809999999,3.1063948899999995e-06,5.38145363e-07,2.4551168203353884
355,1694905800,1.6236489299999997e-05,1.62364915e-05,0.003931115650000001,-0.0008591468299999995,0.0161428128,0.00321522535,0.00662634865,0.0051807871299999995,1.18338061e-06,1.05923921e-05,3.15209795,10.7,1.17041948e-06,1.3989193e-06,8.11712919e-07,5.58889306e-07,4.51228488e-07,3.60165784e-07,3.0924948199999997e-07,2.68313549e-07,5.878837630000001e-07,1.39305732e-07,2.06212238e-06,84.9100462,45.60908919999999,2.87377202e-10,9.19478055,0.00127631512,0.0789452575,2.8263089200000005e-06,4.89756365e-07,0.00127372975,0.078874444,2.8263089200000005e-06,4.89756365e-07,0.0008693323189999999,0.037618581400000004,2.8263089200000005e-06,4.89756365e-07,0.0012588363300000001,0.07688362309999999,2.8263089200000005e-06,4.89756365e-07,2.455131435394287
355,1694906400,1.61953553e-05,1.61953609e-05,-0.003236948093,0.003704839360000001,0.016762322099999998,0.0032117024199999995,0.00660814329,0.0051530796400000006,1.16976855e-06,1.00818264e-05,3.2342657700000004,11.8,1.195252226e-06,1.3881657e-06,8.240836970000001e-07,5.664498989999999e-07,4.4257877200000003e-07,3.50740835e-07,3.0010952899999994e-07,2.53809183e-07,5.71760078e-07,1.38894885e-07,2.06580593e-06,84.9033416,45.5214433,2.87025568e-10,9.1949935,0.0012667412400000002,0.0780619558,2.8326624100000002e-06,5.033274149999999e-07,0.0012656350799999999,0.07755746100000001,2.8326624100000002e-06,5.033274149999999e-07,0.0008954827280000001,0.0396220131,2.8326624100000002e-06,5.033274149999999e-07,0.0012673371,0.077869671,2.8326624100000002e-06,5.033274149999999e-07,2.4550955057144166
355,1694907000,1.60188699e-05,1.6018879699999997e-05,0.0018845546599999998,-0.005348394430000002,0.01562764815,0.00319259646,0.00658051355,0.00513000391,1.14947016e-06,1.00046546e-05,3.09615389,10.3,1.19539165e-06,1.34485555e-06,7.64974949e-07,5.63198407e-07,4.4340227600000006e-07,3.56336021e-07,2.98976113e-07,2.5826639000000003e-07,5.82076232e-07,1.39385788e-07,2.0625453e-06,85.09822139999999,45.9494003,2.82115642e-10,9.19796475,0.0012636632800000001,0.0771854779,2.70283751e-06,5.09251079e-07,0.00124556554,0.07502339699999999,2.70283751e-06,5.09251079e-07,0.0009005906180000001,0.0399950332,2.70283751e-06,5.09251079e-07,0.00124624525,0.0749192013,2.70283751e-06,5.09251079e-07,2.455110263824463
355,1694907600,1.64175404e-05,1.64175434e-05,-0.01183826768,0.02636148534,0.016817780999999997,0.0032299972,0.00662995712,0.00516217141,1.2431242999999999e-06,1.09425913e-05,3.4982518,11.9,1.22295315e-06,1.45203247e-06,8.01058161e-07,5.785451679999999e-07,4.2985957199999994e-07,3.5966670399999995e-07,3.0049343500000003e-07,2.54345743e-07,5.8379853e-07,1.38013554e-07,2.0879621400000005e-06,84.79333640000002,45.293495899999996,2.91429165e-10,9.194190700000002,0.0012665985500000003,0.0777940488,2.7702804800000003e-06,5.19007517e-07,0.0012891999800000002,0.08046606910000001,2.7702804800000003e-06,5.19007517e-07,0.0009038759210000002,0.0405742095,2.7702804800000003e-06,5.19007517e-07,0.00127337581,0.07926983000000001,2.7702804800000003e-06,5.19007517e-07,2.455145788192749
355,1694908200,1.6155376e-05,1.61553794e-05,0.0055121795,0.0159256719,0.016719747949999995,0.00320694708,0.00661460147,0.00514843695,1.2132128799999998e-06,1.01455447e-05,3.27972032,11.6,1.1833149400000002e-06,1.4011211799999998e-06,7.97310336e-07,5.621641960000001e-07,4.39112264e-07,3.58397374e-07,2.9856770200000003e-07,2.6199316499999997e-07,5.78714514e-07,1.39616575e-07,2.0573404700000002e-06,84.9703375,45.6414472,2.85689115e-10,9.1958336,0.0012636249,0.0772553335,2.90388364e-06,5.067658709999999e-07,0.0012637390300000001,0.0779025046,2.90388364e-06,5.067658709999999e-07,0.0008784940099999999,0.0382300634,2.90388364e-06,5.067658709999999e-07,0.0012630683099999998,0.07832855940000001,2.90388364e-06,5.067658709999999e-07,2.4551218271255495
355,1694908800,1.6118348299999997e-05,1.61183528e-05,0.0005539962129999992,-0.01473940102,0.0167233321,0.00320440874,0.00660929554,0.005155311080000001,1.17117258e-06,1.05734065e-05,3.04895108,11.0,1.14481386e-06,1.4280704200000002e-06,7.92612028e-07,5.651204349999999e-07,4.3269084700000005e-07,3.488776e-07,2.9838452699999996e-07,2.65217135e-07,5.857478330000001e-07,1.3961330999999998e-07,2.05799137e-06,84.96664569999999,45.6869785,2.85268838e-10,9.195362600000001,0.0012584744499999998,0.07666427,2.7677988500000003e-06,5.08535523e-07,0.00127030607,0.0779976564,2.7677988500000003e-06,5.08535523e-07,0.0008894493990000002,0.0390399122,2.7677988500000003e-06,5.08535523e-07,0.00124824452,0.07620922679999999,2.7677988500000003e-06,5.08535523e-07,2.4551372289657594
355,1694909400,1.61437712e-05,1.6143777e-05,-0.003376977340000001,-0.024765088819999996,0.0165416292,0.00320891706,0.006598703070000001,0.0051480204799999995,1.11051881e-06,1.0004730949999998e-05,2.98601403,9.6,1.17473005e-06,1.3853515399999999e-06,8.034353249999999e-07,5.61444612e-07,4.39288913e-07,3.69571767e-07,3.00864806e-07,2.6697540199999997e-07,5.740618199999999e-07,1.4065032899999998e-07,2.05545024e-06,84.9528165,45.6661312,2.852598649999999e-10,9.1959376,0.0012642330800000001,0.0778858031,2.98441436e-06,5.38131041e-07,0.00127924134,0.0785008235,2.98441436e-06,5.38131041e-07,0.000908795447,0.0409676301,2.98441436e-06,5.38131041e-07,0.00122499577,0.07357490600000001,2.98441436e-06,5.38131041e-07,2.455106520652771
355,1694910000,1.5980627099999996e-05,1.5980633700000002e-05,-0.00323554242,-0.007588944929999998,0.0162213617,0.0031903183700000004,0.006570115979999999,0.005128946390000001,1.14965794e-06,1.0816870250000002e-05,3.1381119500000003,10.8,1.1348962000000001e-06,1.39820846e-06,7.55780354e-07,5.53763393e-07,4.400539280000001e-07,3.5672752900000003e-07,3.03905237e-07,2.6490311599999997e-07,5.81682452e-07,1.3983240899999998e-07,2.06053803e-06,85.074153,46.0064528,2.80909972e-10,9.19848585,0.00126538546,0.07730568289999998,2.7122366e-06,4.89906864e-07,0.0012584789200000002,0.07668324239999999,2.7122366e-06,4.89906864e-07,0.000875394018,0.0378369659,2.7122366e-06,4.89906864e-07,0.0012321181500000002,0.0740317367,2.7122366e-06,4.89906864e-07,2.455127644538879
355,1694910600,1.6341261800000002e-05,1.63412642e-05,0.007401304070000001,-0.01107942194,0.016554716399999996,0.00322724023,0.0066552261500000005,0.00517130565,1.1738839699999998e-06,1.02308847e-05,3.30769236,11.5,1.1821824e-06,1.4026496699999999e-06,8.04449417e-07,5.8602112e-07,4.29178163e-07,3.70589301e-07,3.0134291200000005e-07,2.83117559e-07,5.90382301e-07,1.42085498e-07,2.07861235e-06,84.97372499999999,45.6875327,2.89019142e-10,9.1956953,0.00127339627,0.0788339488,3.17856238e-06,5.31177325e-07,0.0012804466,0.07962986639999999,3.17856238e-06,5.31177325e-07,0.000899461587,0.0400889467,3.17856238e-06,5.31177325e-07,0.00124337933,0.07532496459999999,3.17856238e-06,5.31177325e-07,2.455139088630676
355,1694911200,1.63058446e-05,1.6305848300000002e-05,-0.003402511827,0.013321794989999997,0.016714383500000003,0.0032188810099999994,0.00662820354,0.00517738585,1.23661664e-06,1.0685246249999999e-05,3.4842657600000004,13.2,1.1863422000000002e-06,1.43599651e-06,8.195506869999999e-07,5.684593290000001e-07,4.3606379700000006e-07,3.57522174e-07,3.0842496e-07,2.6332976100000005e-07,5.75254954e-07,1.42739081e-07,2.05921156e-06,84.8859536,45.3741159,2.8949052e-10,9.194375899999999,0.0012703048900000002,0.0778652521,2.63636113e-06,5.06451088e-07,0.00126981069,0.07904590689999999,2.63636113e-06,5.06451088e-07,0.0008874771339999999,0.038906706400000005,2.63636113e-06,5.06451088e-07,0.00127579954,0.0792211623,2.63636113e-06,5.06451088e-07,2.455092358589172
355,1694911800,1.6325416199999998e-05,1.63254216e-05,-0.0007378131329999992,0.055927662569999995,0.0190849744,0.00322158269,0.00662550386,0.00517188825,1.1944881299999999e-06,1.101547965e-05,3.41958044,12.7,1.2115187300000001e-06,1.3992549500000002e-06,7.915374399999999e-07,5.8670611e-07,4.4137449499999993e-07,3.6129502999999996e-07,2.96423358e-07,2.60519099e-07,5.86110215e-07,1.40574329e-07,2.08738484e-06,85.0185686,45.63096660000001,2.88590582e-10,9.196893999999999,0.00127369955,0.0784471002,2.94631739e-06,5.18685835e-07,0.00126712242,0.07827517140000001,2.94631739e-06,5.18685835e-07,0.000907708713,0.0404794753,2.94631739e-06,5.18685835e-07,0.00125168707,0.07582072189999998,2.94631739e-06,5.18685835e-07,2.455108070373535
355,1694912400,1.62143115e-05,1.62143172e-05,-0.010813800757,-0.0024251026200000003,0.0161841673,0.00321331199,0.006602299510000001,0.0051424784900000005,1.14740788e-06,1.02840001e-05,3.10139866,10.5,1.1383497969999999e-06,1.4204476299999998e-06,8.20514407e-07,5.65884977e-07,4.26288334e-07,3.53664927e-07,3.09601996e-07,2.66854545e-07,5.82840757e-07,1.4088507e-07,2.08180713e-06,84.9425258,45.7935406,2.8640023599999997e-10,9.195760749999998,0.0012569760199999998,0.076343901,2.91280456e-06,4.6091195499999996e-07,0.0012851331700000003,0.0797279029,2.91280456e-06,4.6091195499999996e-07,0.000869430726,0.0366538616,2.91280456e-06,4.6091195499999996e-07,0.0012631393700000002,0.0776035134,2.91280456e-06,4.6091195499999996e-07,2.4551049709320067
355,1694913000,1.62660401e-05,1.62660444e-05,-0.01822712665,-0.0058920442900000005,0.0169323543,0.00321675701,0.00662077945,0.005161396229999999,1.1628592000000001e-06,1.05690681e-05,3.3409091500000003,12.0,1.20817404e-06,1.39813955e-06,7.991952199999999e-07,5.75797782e-07,4.2085480199999996e-07,3.6411417399999994e-07,3.02453479e-07,2.6061371500000003e-07,5.84680233e-07,1.4165072e-07,2.0773137200000002e-06,84.92013240000001,45.5965829,2.8795787199999997e-10,9.194768700000001,0.00126223899,0.0772622076,2.72527905e-06,5.129981860000001e-07,0.00128314681,0.0795793432,2.72527905e-06,5.129981860000001e-07,0.000887029695,0.039233915499999994,2.72527905e-06,5.129981860000001e-07,0.00125838372,0.0767123945,2.72527905e-06,5.129981860000001e-07,2.4550924777984617
355,1694913600,1.61872579e-05,1.6187259199999998e-05,-0.008653222200000001,0.021991332643999998,0.0169709722,0.00320783733,0.006582239030000001,0.005144346230000001,1.15205674e-06,1.029987635e-05,3.14860144,11.5,1.21699381e-06,1.35830227e-06,7.96445581e-07,5.622154900000001e-07,4.4829924399999997e-07,3.5460564699999996e-07,3.0104042499999995e-07,2.6895655700000005e-07,5.878460489999999e-07,1.3735515599999998e-07,2.06155247e-06,84.9349364,45.6107575,2.86424584e-10,9.1951328,0.00126600131,0.07755273300000001,2.67523061e-06,5.11603833e-07,0.00126548623,0.0777555659,2.67523061e-06,5.11603833e-07,0.000919607645,0.0416641876,2.67523061e-06,5.11603833e-07,0.00124336351,0.0747121026,2.67523061e-06,5.11603833e-07,2.4551013946533202
355,1694914200,1.62004485e-05,1.62004504e-05,-7.172789399999927e-05,0.0013890019999999981,0.016111467,0.0032118185300000004,0.006629486919999999,0.00515187598,1.1628168599999999e-06,1.09061852e-05,3.24125878,13.1,1.18184615e-06,1.35097066e-06,8.11582171e-07,5.59071988e-07,4.312660029999999e-07,3.58084583e-07,3.04808664e-07,2.76178757e-07,5.868752189999999e-07,1.3973400099999998e-07,2.0997586800000002e-06,85.20591449999999,46.1251477,2.8476021799999997e-10,9.1974851,0.00125882942,0.07686867839999999,2.75198387e-06,4.837896460000001e-07,0.00125495885,0.0766278051,2.75198387e-06,4.837896460000001e-07,0.0008850452800000001,0.0383938296,2.75198387e-06,4.837896460000001e-07,0.0012721778900000001,0.0773459193,2.75198387e-06,4.837896460000001e-07,2.4551071882247926
355,1694914800,1.6237820200000004e-05,1.6237824799999997e-05,0.0011453605400000004,-0.03329728244,0.0166970429,0.00322060143,0.0066225882,0.0051766072300000006,1.14831589e-06,1.007124925e-05,3.13986019,10.4,1.18661087e-06,1.40991301e-06,8.143846299999999e-07,5.70236694e-07,4.4429978e-07,3.68051249e-07,3.03359472e-07,2.5506721600000003e-07,5.77054847e-07,1.39280975e-07,2.0506248e-06,84.6897341,45.2679745,2.88692547e-10,9.1926932,0.0012811421599999999,0.07919041190000001,2.9026475300000002e-06,5.030104949999999e-07,0.00127814632,0.07927168500000001,2.9026475300000002e-06,5.030104949999999e-07,0.0008850996350000002,0.0387010262,2.9026475300000002e-06,5.030104949999999e-07,0.0012611246,0.07702716949999999,2.9026475300000002e-06,5.030104949999999e-07,2.455121612548828
355,1694915400,1.6153441400000006e-05,1.61534436e-05,0.005626102799999999,-0.009308049479999999,0.016367271699999998,0.0032083804100000004,0.00662521036,0.00517188195,1.1480483000000001e-06,1.0182016500000002e-05,3.2202797700000003,12.0,1.16325796e-06,1.4170008100000001e-06,8.050988539999999e-07,5.682628139999999e-07,4.4914041700000004e-07,3.5245402199999993e-07,3.02289533e-07,2.66410424e-07,5.779308110000001e-07,1.3609776900000004e-07,2.03875628e-06,84.78860049999999,45.3435249,2.8653227e-10,9.1938219,0.0012584081199999999,0.07685522339999999,2.83335289e-06,4.97853253e-07,0.0012848421300000001,0.0802181606,2.83335289e-06,4.97853253e-07,0.0008883715170000001,0.038636508699999995,2.83335289e-06,4.97853253e-07,0.00125548989,0.07646692599999999,2.83335289e-06,4.97853253e-07,2.4550976037979124
355,1694916000,1.6124921e-05,1.61249262e-05,-0.004193069349999999,-0.004410016983,0.0161849025,0.00320398797,0.006597587990000001,0.00513539941,1.2172104e-06,1.0731665649999999e-05,3.2342657699999995,11.2,1.126396333e-06,1.4144559599999999e-06,7.94649815e-07,5.77013566e-07,4.3592055899999996e-07,3.58883294e-07,2.92775946e-07,2.6354590800000003e-07,5.91111277e-07,1.41301709e-07,2.06639701e-06,85.0842589,45.9236627,2.84187349e-10,9.1969362,0.0012638432,0.0778301029,3.04705281e-06,5.24851105e-07,0.0012696049500000002,0.07819922970000001,3.04705281e-06,5.24851105e-07,0.00087531191,0.038214398999999996,3.04705281e-06,5.24851105e-07,0.00123525024,0.074426787,3.04705281e-06,5.24851105e-07,2.455089068412781
355,1694916600,1.61407678e-05,1.6140771800000003e-05,-0.006510521224,0.00867818372,0.0165639075,0.0032023114200000003,0.00660404086,0.005147903339999999,1.15691765e-06,1.00852989e-05,3.29370635,10.6,1.1662545e-06,1.4348593299999999e-06,7.890663850000001e-07,5.414561659999999e-07,4.331532329999999e-07,3.6527245200000004e-07,3.01212379e-07,2.58640125e-07,5.88505764e-07,1.38698529e-07,2.05325245e-06,84.8684526,45.505880399999995,2.8603532299999994e-10,9.1945374,0.0012598810100000002,0.0770300009,2.8744349699999995e-06,4.94449963e-07,0.0012667214499999997,0.0778980258,2.8744349699999995e-06,4.94449963e-07,0.000885394886,0.038747152699999995,2.8744349699999995e-06,4.94449963e-07,0.0012655257299999999,0.0774400295,2.8744349699999995e-06,4.94449963e-07,2.4550963163375856
355,1694917200,1.6100573500000004e-05,1.61005807e-05,0.005614733499999999,0.0018898488000000015,0.015976645,0.0031999718500000003,0.00662187724,0.005128432160000001,1.16586405e-06,1.02650268e-05,3.22027979,10.8,1.1333189700000002e-06,1.42796371e-06,7.976560920000001e-07,5.56625625e-07,4.2815602900000004e-07,3.49640471e-07,3.12020382e-07,2.63493315e-07,5.87479938e-07,1.38743403e-07,2.05516937e-06,84.9784152,45.720876000000004,2.8425333199999996e-10,9.196735200000003,0.00125693983,0.0767727915,2.86656344e-06,4.817189950000001e-07,0.00128037798,0.078851255,2.86656344e-06,4.817189950000001e-07,0.0008890262059999999,0.038483096700000004,2.86656344e-06,4.817189950000001e-07,0.00124336995,0.0750706614,2.86656344e-06,4.817189950000001e-07,2.455103635787964
355,1694917800,1.63370937e-05,1.6337098e-05,-0.0041070000199999995,0.009633825059999998,0.0161696776,0.0032259877799999995,0.00665046809,0.005179877279999999,1.19379905e-06,1.0632917000000001e-05,3.22377628,10.8,1.2149907e-06,1.41235592e-06,7.961582209999999e-07,5.82335347e-07,4.4436590599999997e-07,3.6055183900000004e-07,3.1310433800000003e-07,2.6638290799999994e-07,5.81049489e-07,1.3852502e-07,2.05870271e-06,84.7319224,45.2557704,2.9003206599999997e-10,9.1946576,0.00127634963,0.0791989296,3.3806484100000004e-06,5.59337771e-07,0.00126567399,0.0779574664,3.3806484100000004e-06,5.59337771e-07,0.0008932114610000002,0.0398657622,3.3806484100000004e-06,5.59337771e-07,0.0012725630600000002,0.079057356,3.3806484100000004e-06,5.59337771e-07,2.4551199436187745
355,1694918400,1.6187027899999998e-05,1.6187032300000002e-05,0.001788038469999999,0.001079596950000001,0.0162016939,0.0032096845700000003,0.006642142970000001,0.00515410082,1.2095583800000003e-06,1.06398982e-05,3.1555945000000003,11.6,1.16258467e-06,1.42057701e-06,8.25445311e-07,5.711167290000001e-07,4.3390001e-07,3.51675206e-07,2.9919008e-07,2.61314471e-07,5.805618740000002e-07,1.41493156e-07,2.0456334900000005e-06,84.92850440000001,45.4073899,2.8740904100000005e-10,9.19470195,0.0012655793200000002,0.0776519159,2.62715348e-06,4.71738768e-07,0.00127627482,0.0793799045,2.62715348e-06,4.71738768e-07,0.000889737061,0.0387610741,2.62715348e-06,4.71738768e-07,0.0012497429700000001,0.07662212839999999,2.62715348e-06,4.71738768e-07,2.4551135540008544
355,1694919000,1.62912796e-05,1.62912857e-05,-0.00475842011,0.021335817359999995,0.017146437599999998,0.0032162682399999995,0.0066288007299999995,0.005172642600000001,1.2217928100000003e-06,1.0739603900000002e-05,3.3286713800000003,12.1,1.19480775e-06,1.4303885499999999e-06,8.148931149999999e-07,5.712622339999999e-07,4.3262164099999994e-07,3.48828349e-07,2.96368076e-07,2.67700805e-07,5.89907341e-07,1.38084232e-07,2.0607607599999998e-06,84.8835424,45.3728185,2.8932939800000005e-10,9.19491755,0.0012552505999999998,0.07655554150000002,2.5964975000000003e-06,4.835756639999999e-07,0.0012728713799999999,0.0791171126,2.5964975000000003e-06,4.835756639999999e-07,0.0008697317199999998,0.037669849899999996,2.5964975000000003e-06,4.835756639999999e-07,0.00128685033,0.08024467850000001,2.5964975000000003e-06,4.835756639999999e-07,2.4550943613052367
355,1694919600,1.62107791e-05,1.6210781700000003e-05,-0.01361832745,-0.0026019970999999987,0.016450230699999995,0.00321375047,0.006605300390000001,0.0051587566400000005,1.1394367899999999e-06,1.017369635e-05,3.0594406100000002,11.4,1.1703576000000002e-06,1.4360043599999998e-06,8.12247995e-07,5.5504112e-07,4.4646518399999995e-07,3.51458887e-07,2.9390413e-07,2.59792091e-07,5.825006649999999e-07,1.38549303e-07,2.0590245399999998e-06,84.9229505,45.443649,2.8762678499999997e-10,9.1946135,0.00126054247,0.07708698780000002,3.14393816e-06,5.184109770000001e-07,0.00127183187,0.077846746,3.14393816e-06,5.184109770000001e-07,0.000898670178,0.0397844027,3.14393816e-06,5.184109770000001e-07,0.00127642755,0.077921416,3.14393816e-06,5.184109770000001e-07,2.4551246643066404
355,1694920200,1.6170913800000003e-05,1.6170918100000002e-05,-0.011948246599999999,0.03421822863,0.0172116893,0.0032026007,0.00661405592,0.005131114670000001,1.1967789599999998e-06,1.047387045e-05,3.40034973,12.0,1.15357282e-06,1.43004915e-06,7.967719080000001e-07,5.65356804e-07,4.35260848e-07,3.6106174100000005e-07,3.0117156899999996e-07,2.67722252e-07,5.72439921e-07,1.42262392e-07,2.0597497499999998e-06,84.9248294,45.6313608,2.85977314e-10,9.195276549999999,0.00126717959,0.0775227611,2.72009944e-06,4.889939160000001e-07,0.001267606,0.07819955590000001,2.72009944e-06,4.889939160000001e-07,0.000887584977,0.03889822,2.72009944e-06,4.889939160000001e-07,0.00125602388,0.076668762,2.72009944e-06,4.889939160000001e-07,2.455076885223389
355,1694920800,1.6236177800000002e-05,1.6236182600000003e-05,0.01043093384,0.011502779099999999,0.016438171,0.0032133147,0.0066495867100000005,0.005167562309999999,1.1964794000000001e-06,1.0810180849999998e-05,3.2220280199999998,10.1,1.2082491e-06,1.4227334400000001e-06,7.914041610000001e-07,5.558686580000001e-07,4.25440083e-07,3.4811164200000004e-07,3.09943134e-07,2.64801617e-07,5.83380226e-07,1.39106458e-07,2.0690210500000003e-06,84.89845600000001,45.451002,2.8822278799999994e-10,9.1937204,0.00124617661,0.07524850409999997,2.9062490999999996e-06,4.957514250000001e-07,0.00127781096,0.07862574089999999,2.9062490999999996e-06,4.957514250000001e-07,0.0008877521519999999,0.03861248539999999,2.9062490999999996e-06,4.957514250000001e-07,0.00127724086,0.07893128860000001,2.9062490999999996e-06,4.957514250000001e-07,2.4550612688064577
355,1694921400,1.62021184e-05,1.62021198e-05,-0.00711906896,-0.01280465389,0.0159709099,0.00321420673,0.00660361134,0.0051530355,1.15121311e-06,1.0240721199999999e-05,3.2062937400000004,10.3,1.19336811e-06,1.38490243e-06,8.14678887e-07,5.765099490000001e-07,4.22118486e-07,3.5072165300000007e-07,3.08106162e-07,2.63882327e-07,5.997102249999999e-07,1.3903696399999998e-07,2.0479676099999997e-06,84.90146000000001,45.5237792,2.8702475999999996e-10,9.19399295,0.0012559693899999998,0.07627110880000001,2.95022497e-06,5.319376350000001e-07,0.00127623669,0.0788414446,2.95022497e-06,5.319376350000001e-07,0.0009091105209999998,0.040593572499999994,2.95022497e-06,5.319376350000001e-07,0.00125566977,0.0760732286,2.95022497e-06,5.319376350000001e-07,2.4551105976104735
355,1694922000,1.6257040600000003e-05,1.6257045499999998e-05,-0.0027575407499999998,0.0007499558199999999,0.016691797449999997,0.0032161426,0.006635188429999999,0.00516919497,1.2057924799999998e-06,1.03585673e-05,3.42307701,12.1,1.21563134e-06,1.3782971e-06,8.104166909999999e-07,5.63777137e-07,4.4087514100000007e-07,3.60879834e-07,2.95727756e-07,2.68774874e-07,5.81154553e-07,1.38337284e-07,2.0746113799999998e-06,84.88480999999999,45.519682,2.88116664e-10,9.195272249999999,0.00127430075,0.07852943109999999,3.2148328299999996e-06,5.20326563e-07,0.0012692513299999999,0.0778745645,3.2148328299999996e-06,5.20326563e-07,0.0008960804269999999,0.039604210900000006,3.2148328299999996e-06,5.20326563e-07,0.0012710311299999999,0.07806902190000001,3.2148328299999996e-06,5.20326563e-07,2.4550694704055784
355,1694922600,1.6315428699999997e-05,1.6315436500000003e-05,-0.011239637,0.0084023528,0.016155056,0.0032215349000000006,0.00662314339,0.00517115805,1.13141467e-06,1.01476263e-05,3.4038462099999998,12.3,1.20679925e-06,1.39190993e-06,7.976735450000001e-07,5.741488819999999e-07,4.46151707e-07,3.5346662400000004e-07,3.06734691e-07,2.68501853e-07,5.981574589999999e-07,1.40394031e-07,2.07370866e-06,84.707892,45.4661752,2.8904389800000003e-10,9.1949533,0.0012708530899999998,0.07832327330000001,3.0993038000000004e-06,5.24217916e-07,0.0012712395600000003,0.0777463832,3.0993038000000004e-06,5.24217916e-07,0.000906155192,0.0403617235,3.0993038000000004e-06,5.24217916e-07,0.0012627213500000002,0.0769653012,3.0993038000000004e-06,5.24217916e-07,2.455087685585022
355,1694923200,1.6085013399999998e-05,1.6085020700000002e-05,-0.00808979276,-0.013281858864,0.016315455700000002,0.00320221663,0.0065796108899999995,0.005136430270000001,1.1693010099999998e-06,1.01561294e-05,3.09790216,10.8,1.1650131800000002e-06,1.41275781e-06,8.03266104e-07,5.47136575e-07,4.33273783e-07,3.4647752400000003e-07,3.0615876300000005e-07,2.59834347e-07,5.769416779999999e-07,1.4011360800000001e-07,2.0515109500000003e-06,84.99083900000001,45.6519982,2.8420007e-10,9.196769,0.0012594846400000002,0.07694118949999999,3.1632168000000004e-06,5.186491460000001e-07,0.00126830726,0.07766429659999999,3.1632168000000004e-06,5.186491460000001e-07,0.000880871911,0.0387818426,3.1632168000000004e-06,5.186491460000001e-07,0.00126204539,0.07743880439999999,3.1632168000000004e-06,5.186491460000001e-07,2.455085873603821
355,1694923800,1.60559911e-05,1.6055998900000002e-05,0.0016141899800000002,-0.0116411891,0.016843824400000002,0.00319919253,0.0065888918599999995,0.005135870410000001,1.1477731400000002e-06,1.061537075e-05,3.2255245199999996,11.7,1.1820845e-06,1.34799216e-06,8.142673750000001e-07,5.58140284e-07,4.3963882799999997e-07,3.5639461e-07,3.0600100799999996e-07,2.55570369e-07,5.87374997e-07,1.35440935e-07,2.0450725599999997e-06,84.9195266,45.646930499999996,2.83587231e-10,9.1959598,0.0012518303500000001,0.0762168637,2.75162255e-06,5.15704732e-07,0.0012653591800000001,0.07767762140000001,2.75162255e-06,5.15704732e-07,0.000902816941,0.040019240299999995,2.75162255e-06,5.15704732e-07,0.00124647949,0.0749092595,2.75162255e-06,5.15704732e-07,2.4550982475280763
355,1694924400,1.61618934e-05,1.61619013e-05,0.005759986560000001,-0.0028205077378399995,0.016272643899999998,0.0032060140200000004,0.00663151265,0.00515951016,1.1505740899999999e-06,1.0472136399999999e-05,3.1923077399999995,11.3,1.18838603e-06,1.37628494e-06,8.061336270000001e-07,5.73245186e-07,4.46435653e-07,3.62246878e-07,3.0322938799999995e-07,2.62578017e-07,5.843934910000001e-07,1.3719598400000003e-07,2.0408021e-06,84.8590954,45.4818616,2.85952075e-10,9.195587150000001,0.00127360147,0.07839555940000001,2.89149886e-06,5.02454502e-07,0.0012722515399999999,0.07886050640000002,2.89149886e-06,5.02454502e-07,0.000885660638,0.0388060702,2.89149886e-06,5.02454502e-07,0.00125726923,0.07636008030000001,2.89149886e-06,5.02454502e-07,2.4550603151321413
355,1694925000,1.60669307e-05,1.6066936e-05,-0.0013242705599999997,-0.02148662496,0.015391048100000002,0.00319913117,0.006610031,0.00513826065,1.2149291000000001e-06,1.11427492e-05,2.9790210100000003,10.4,1.19879545e-06,1.4073899400000002e-06,8.016037539999999e-07,5.503254440000001e-07,4.2787719000000007e-07,3.4871036e-07,3.03485585e-07,2.5227813300000004e-07,5.718273520000001e-07,1.36128204e-07,2.03502815e-06,84.92469980000001,45.390795999999995,2.8543647900000004e-10,9.19397155,0.00124631879,0.0754446281,3.20279237e-06,5.362497249999999e-07,0.0012746420900000002,0.078878231,3.20279237e-06,5.362497249999999e-07,0.0009060777500000001,0.0407509919,3.20279237e-06,5.362497249999999e-07,0.00124836739,0.07593289789999999,3.20279237e-06,5.362497249999999e-07,2.4550801038742067
355,1694925600,1.6146973199999996e-05,1.61469776e-05,0.0072895925700000004,-0.005462130400000001,0.016483526199999998,0.0032061761100000002,0.00661500344,0.005144264260000001,1.18538758e-06,1.0380550200000002e-05,3.1468532199999997,12.8,1.18848438e-06,1.3909600099999999e-06,7.998684820000001e-07,5.58175914e-07,4.47936611e-07,3.5141743899999993e-07,3.01161307e-07,2.6426424899999997e-07,5.91794088e-07,1.38689533e-07,2.04068371e-06,84.91080969999999,45.513622399999996,2.8630532200000004e-10,9.1938128,0.0012645223700000004,0.07731373490000001,3.1479375999999996e-06,5.17134165e-07,0.00126088553,0.07718561599999998,3.1479375999999996e-06,5.17134165e-07,0.0009048671419999999,0.0406314166,3.1479375999999996e-06,5.17134165e-07,0.00125260898,0.0758369596,3.1479375999999996e-06,5.17134165e-07,2.455074667930603
355,1694926200,1.62923144e-05,1.62923186e-05,0.005870379919999999,-0.005777209399999999,0.016521374100000003,0.00322319832,0.0066425910300000005,0.0051727999099999995,1.23767923e-06,1.0466299550000001e-05,3.3531469200000004,11.8,1.2022650400000001e-06,1.4360556199999998e-06,8.244077999999999e-07,5.66642161e-07,4.25636991e-07,3.66979046e-07,3.01989949e-07,2.5570425800000003e-07,5.802035229999999e-07,1.38649418e-07,2.04760252e-06,84.84135359999999,45.1990619,2.8955140499999995e-10,9.1943141,0.00126260396,0.0773889455,2.91731693e-06,5.054437030000001e-07,0.00127795477,0.07929163530000001,2.91731693e-06,5.054437030000001e-07,0.000893816658,0.0392761216,2.91731693e-06,5.054437030000001e-07,0.0012804048800000001,0.07977584039999999,2.91731693e-06,5.054437030000001e-07,2.455091619491577
355,1694926800,1.61250023e-05,1.61250031e-05,0.0033455942400000007,0.01334925221,0.016556831700000003,0.00320171154,0.006605330599999999,0.0051460372,1.22655559e-06,1.10950537e-05,3.17657346,11.1,1.1844649199999999e-06,1.38568796e-06,8.28929201e-07,5.639868500000001e-07,4.2416188e-07,3.62893967e-07,3.0248792500000005e-07,2.5773059699999996e-07,5.799640429999999e-07,1.39397797e-07,2.0327236300000004e-06,84.91185519999999,45.398596999999995,2.8607246999999997e-10,9.194212799999999,0.00126119133,0.0774904207,2.86244417e-06,4.82068991e-07,0.00126765065,0.07832869690000001,2.86244417e-06,4.82068991e-07,0.000882911359,0.0381857201,2.86244417e-06,4.82068991e-07,0.0012672520100000001,0.0779762266,2.86244417e-06,4.82068991e-07,2.4550994634628296
355,1694927400,1.63109934e-05,1.6310998399999998e-05,0.00088849979,-0.0007521155700000004,0.015832789500000003,0.00322279601,0.00663355758,0.005169142680000001,1.18339763e-06,1.0181827250000001e-05,3.31993011,12.3,1.2206208100000001e-06,1.40779279e-06,8.05561435e-07,5.71757929e-07,4.59830024e-07,3.54411106e-07,3.0298572e-07,2.61482905e-07,5.803613959999999e-07,1.4022267e-07,2.05044874e-06,84.794871,45.227090700000005,2.90516434e-10,9.19309825,0.00127284705,0.07837269849999999,2.8101993000000002e-06,5.156004259999999e-07,0.00128697851,0.0806777689,2.8101993000000002e-06,5.156004259999999e-07,0.000905520185,0.040690187700000005,2.8101993000000002e-06,5.156004259999999e-07,0.00125843297,0.0765084359,2.8101993000000002e-06,5.156004259999999e-07,2.4550535917282104
355,1694928000,1.6183840500000003e-05,1.6183845000000002e-05,-0.00714713641,0.01006137735,0.016015222899999997,0.0032082120799999995,0.0065983089599999985,0.0051540877499999995,1.1907210300000001e-06,1.02775531e-05,3.26748257,12.1,1.1836128300000001e-06,1.40278002e-06,7.959292820000001e-07,5.66248032e-07,4.5034119500000004e-07,3.6274863699999997e-07,2.96852983e-07,2.61043558e-07,5.80266495e-07,1.3701751399999997e-07,2.05502849e-06,85.0030983,45.59143,2.8663165e-10,9.194944449999998,0.0012683109999999998,0.077758933,2.37816538e-06,4.7574260700000003e-07,0.00127989232,0.0791137685,2.37816538e-06,4.7574260700000003e-07,0.00089386813,0.0391515642,2.37816538e-06,4.7574260700000003e-07,0.0012542990799999998,0.07620728149999999,2.37816538e-06,4.7574260700000003e-07,2.4551083564758303
355,1694928600,1.6229169800000002e-05,1.62291713e-05,-0.0029456934099999998,-0.0147233822,0.016258294299999997,0.0032158495400000002,0.006606282010000001,0.00518015946,1.1859747499999998e-06,1.0352604150000001e-05,3.1520979799999997,11.3,1.18411611e-06,1.38488639e-06,8.29435993e-07,5.677982639999999e-07,4.4572872200000003e-07,3.56766984e-07,3.05559353e-07,2.6356805100000005e-07,5.838648410000001e-07,1.39624495e-07,2.05321348e-06,84.9090391,45.4518508,2.88151951e-10,9.193794149999999,0.00126983428,0.0783446829,2.95009934e-06,5.18908728e-07,0.00128216596,0.0796266245,2.95009934e-06,5.18908728e-07,0.000896977867,0.0398091368,2.95009934e-06,5.18908728e-07,0.00124372062,0.0752200085,2.95009934e-06,5.18908728e-07,2.4551275730133058
355,1694929200,1.6267004500000004e-05,1.6267014300000002e-05,0.00151230273,0.01623009332,0.01688957,0.00321646005,0.00661844007,0.00516162408,1.2456988100000001e-06,1.0728790750000001e-05,3.4475524999999996,12.6,1.15653768e-06,1.4157918100000002e-06,8.068829870000001e-07,5.68257311e-07,4.35982009e-07,3.54162576e-07,2.9801050900000005e-07,2.73466743e-07,5.90704699e-07,1.43193795e-07,2.0904849999999995e-06,85.0094741,45.864157899999995,2.86217004e-10,9.198786,0.0012609668600000001,0.077230685,2.78879684e-06,4.887970180000001e-07,0.0012883495299999999,0.0803262266,2.78879684e-06,4.887970180000001e-07,0.0008778942410000001,0.03805477509999999,2.78879684e-06,4.887970180000001e-07,0.0012486312,0.07544921460000001,2.78879684e-06,4.887970180000001e-07,2.455090880393982
355,1694929800,1.5984739e-05,1.5984744399999996e-05,0.0054574442,0.016860345549999996,0.017289774,0.0031895821200000002,0.006572158689999999,0.005120761239999999,1.13163816e-06,1.0968043600000001e-05,3.0821679100000003,10.4,1.1628683200000002e-06,1.35254871e-06,7.793737949999999e-07,5.67395628e-07,4.3516532199999997e-07,3.5855847099999996e-07,2.9896389800000003e-07,2.6577845100000003e-07,5.703779439999999e-07,1.3935091599999997e-07,2.0619556800000005e-06,85.04377389999999,45.930027599999995,2.8160867300000003e-10,9.1960641,0.0012648527900000002,0.0772289079,2.6529544600000002e-06,5.182771939999999e-07,0.0012621169699999998,0.0766863391,2.6529544600000002e-06,5.182771939999999e-07,0.000895497447,0.0398015885,2.6529544600000002e-06,5.182771939999999e-07,0.00122798056,0.07322812250000002,2.6529544600000002e-06,5.182771939999999e-07,2.4550944805145263
355,1694930400,1.61974582e-05,1.6197463700000002e-05,0.004137112669999998,-0.0055020378000000016,0.0166613187,0.00321133849,0.006611413839999999,0.0051669496500000005,1.1742328899999998e-06,1.05526406e-05,3.2797203500000003,11.8,1.20020942e-06,1.37584674e-06,8.11839363e-07,5.583044399999999e-07,4.5440682100000007e-07,3.6271451300000006e-07,2.94960756e-07,2.6751356e-07,5.84574811e-07,1.3805685200000002e-07,2.05025355e-06,84.808772,45.4620198,2.8717487900000003e-10,9.194188399999998,0.0012708783599999999,0.0780263316,2.6969147500000003e-06,4.96636946e-07,0.0012795426900000001,0.0787022715,2.6969147500000003e-06,4.96636946e-07,0.0008982408499999999,0.039413680500000006,2.6969147500000003e-06,4.96636946e-07,0.00125444711,0.0761122542,2.6969147500000003e-06,4.96636946e-07,2.45511212348938
355,1694931000,1.62541155e-05,1.62541241e-05,-0.007206784900000001,0.0042641142,0.016653662849999997,0.0032159513200000003,0.006629000459999999,0.005172326579999999,1.1970417000000002e-06,1.0476607400000001e-05,3.23951055,12.3,1.18609112e-06,1.4603511600000003e-06,7.815178960000001e-07,5.68909276e-07,4.3751293200000005e-07,3.6137213399999997e-07,3.1051433299999993e-07,2.55498146e-07,5.764041430000001e-07,1.39846333e-07,2.0489740500000003e-06,84.84832899999999,45.28702,2.8863156699999994e-10,9.1944344,0.0012669634,0.07801980359999998,2.8387484999999998e-06,5.01917443e-07,0.00127199255,0.0787034578,2.8387484999999998e-06,5.01917443e-07,0.0009058954430000002,0.040403442199999993,2.8387484999999998e-06,5.01917443e-07,0.00126529634,0.07738632100000001,2.8387484999999998e-06,5.01917443e-07,2.4551296472549438
355,1694931600,1.61627241e-05,1.6162727300000002e-05,0.004207525725000001,-0.008756952029999997,0.0168402694,0.0032102469299999997,0.0066156253,0.005156223749999999,1.18206883e-06,1.0380517400000001e-05,3.1748252,11.4,1.17660233e-06,1.4179913799999999e-06,8.092648690000001e-07,5.548364369999999e-07,4.38068442e-07,3.48627456e-07,3.07766469e-07,2.6309307899999995e-07,5.82368841e-07,1.40950768e-07,2.0417648e-06,84.8902184,45.400701000000005,2.86710547e-10,9.1947948,0.0012580424600000001,0.0766685616,2.90550303e-06,5.025446350000001e-07,0.00127740833,0.07918553080000001,2.90550303e-06,5.025446350000001e-07,0.0008905468119999999,0.0392727045,2.90550303e-06,5.025446350000001e-07,0.00126424745,0.07786645960000001,2.90550303e-06,5.025446350000001e-07,2.4550818681716917
355,1694932200,1.6260934799999998e-05,1.6260938400000003e-05,-0.010416395299999997,0.005722355099999998,0.0161398268,0.00321663949,0.006630770669999999,0.00516063474,1.19768418e-06,1.0794393799999998e-05,3.2517482900000005,10.8,1.1520167799999998e-06,1.4752531699999998e-06,8.23393674e-07,5.724664450000001e-07,4.382399370000001e-07,3.5703291e-07,2.95505819e-07,2.61702548e-07,5.833116329999999e-07,1.3776822199999998e-07,2.03373019e-06,84.7373405,45.0927999,2.8981547999999996e-10,9.1931331,0.00126912962,0.0780125854,2.5590261999999997e-06,4.81656368e-07,0.0012720208999999999,0.07841035219999999,2.5590261999999997e-06,4.81656368e-07,0.0008867535749999999,0.0386288796,2.5590261999999997e-06,4.81656368e-07,0.0012897666000000001,0.081212785,2.5590261999999997e-06,4.81656368e-07,2.455094003677368
355,1694932800,1.63408415e-05,1.6340844e-05,0.0099476095,-0.020420624839999995,0.0165422523,0.00322914189,0.00666970634,0.00519418543,1.14000653e-06,1.01516027e-05,3.31643362,11.2,1.1938803e-06,1.44910841e-06,7.85570133e-07,5.84333374e-07,4.2208161e-07,3.6139489e-07,3.11985796e-07,2.69679238e-07,5.83515188e-07,1.41223369e-07,2.0676129e-06,84.8282652,45.3758974,2.90386112e-10,9.19400765,0.00126439172,0.07758410400000001,2.94432466e-06,5.030578770000001e-07,0.0012642676000000001,0.07803377739999999,2.94432466e-06,5.030578770000001e-07,0.0009048426020000002,0.0398915318,2.94432466e-06,5.030578770000001e-07,0.0012855268200000001,0.07932736209999999,2.94432466e-06,5.030578770000001e-07,2.4551190614700316
355,1694933400,1.6212136e-05,1.62121373e-05,-0.00116268463,-0.00392247604,0.0165245189,0.00321215905,0.00660662349,0.005157116639999999,1.16178306e-06,1.003279675e-05,3.20454553,10.1,1.1445292799999997e-06,1.3590977700000002e-06,8.09713274e-07,5.771041899999999e-07,4.4243858099999997e-07,3.62117662e-07,3.04143733e-07,2.6611122800000005e-07,6.077240499999999e-07,1.39707062e-07,2.0933580899999995e-06,85.0587651,46.094427100000004,2.8537474900000004e-10,9.196792349999999,0.00127285057,0.0783002501,3.257289119999999e-06,5.013432459999999e-07,0.00125826298,0.07642546300000001,3.257289119999999e-06,5.013432459999999e-07,0.000875155398,0.03785988529999999,3.257289119999999e-06,5.013432459999999e-07,0.00125239249,0.0763209511,3.257289119999999e-06,5.013432459999999e-07,2.455120658874512
355,1694934000,1.66146034e-05,1.6614608300000002e-05,0.002440111660000001,0.0075268963199999995,0.017164439200000003,0.00324939255,0.00668884663,0.00523121451,1.21817467e-06,1.0524343999999999e-05,3.4772728000000006,11.2,1.1757048e-06,1.39893346e-06,7.8728364e-07,5.64912505e-07,4.4456876999999995e-07,3.5707223599999997e-07,3.08136547e-07,2.7551993400000005e-07,6.20725748e-07,1.4969248500000003e-07,2.22472004e-06,85.4085175,46.9342064,2.8889463200000006e-10,9.2031965,0.00126150357,0.0770245279,2.4715505599999996e-06,4.4890045799999997e-07,0.00128294496,0.0796712974,2.4715505599999996e-06,4.4890045799999997e-07,0.000892975654,0.0383517202,2.4715505599999996e-06,4.4890045799999997e-07,0.00125299298,0.0756698283,2.4715505599999996e-06,4.4890045799999997e-07,2.4551081895828246
355,1694934600,1.63431933e-05,1.63431961e-05,0.00357996475,0.012308314200000002,0.016988296,0.0032242285199999996,0.00664326333,0.00516550624,1.2498639400000002e-06,1.1126108899999998e-05,3.34965038,11.7,1.16649275e-06,1.4088524799999998e-06,7.81826231e-07,5.56846205e-07,4.3444269200000004e-07,3.59514054e-07,3.14962604e-07,2.5832679e-07,6.04867084e-07,1.4607339400000001e-07,2.1393781100000002e-06,85.190642,46.3230202,2.86716149e-10,9.19871345,0.0012678736699999998,0.07794157439999999,2.6911169400000004e-06,4.90880102e-07,0.0012683027,0.0778241295,2.6911169400000004e-06,4.90880102e-07,0.0008881156419999999,0.038891979300000004,2.6911169400000004e-06,4.90880102e-07,0.0012458595100000001,0.075643509,2.6911169400000004e-06,4.90880102e-07,2.4551527976989744
355,1694935200,1.6283303e-05,1.62833074e-05,-0.0010606765400000004,-0.007765935969999999,0.0159376302,0.00321972774,0.006638838750000001,0.00518234437,1.17056974e-06,1.0417622849999999e-05,3.2517483000000005,11.8,1.21674617e-06,1.3743858e-06,8.338317169999999e-07,5.533450100000001e-07,4.3039595600000004e-07,3.55087441e-07,3.0929069599999997e-07,2.59551718e-07,6.04244429e-07,1.4094038800000002e-07,2.0638033100000004e-06,84.8727976,45.5100374,2.88658745e-10,9.1946355,0.00125381616,0.07629961350000002,2.7518642600000002e-06,4.96580834e-07,0.00128011074,0.0792910194,2.7518642600000002e-06,4.96580834e-07,0.0009199042059999999,0.0414482903,2.7518642600000002e-06,4.96580834e-07,0.00125577614,0.07702856179999999,2.7518642600000002e-06,4.96580834e-07,2.4551398754119873
355,1694935800,1.6121956799999998e-05,1.6121967600000002e-05,-0.005009713319999999,0.010559672740000001,0.0164736725,0.00320311177,0.00660107997,0.00514003819,1.13141881e-06,1.005595595e-05,3.2010490600000003,10.8,1.14459462e-06,1.39078432e-06,8.068517280000001e-07,5.676512840000001e-07,4.404422419999999e-07,3.5902916799999995e-07,3.01861346e-07,2.61119937e-07,5.98848631e-07,1.40330761e-07,2.04944525e-06,85.047934,45.776816399999994,2.83972488e-10,9.1991086,0.0012561905699999998,0.07654059659999998,2.73729795e-06,4.8533017e-07,0.0012829570100000001,0.07929966129999999,2.73729795e-06,4.8533017e-07,0.0008949812470000001,0.0392567201,2.73729795e-06,4.8533017e-07,0.00123569945,0.0735803012,2.73729795e-06,4.8533017e-07,2.455092358589172
355,1694936400,1.6222785800000002e-05,1.6222788399999997e-05,-0.011386323949999999,-0.01790175507,0.0161811225,0.0032151372900000004,0.00659144618,0.00516082378,1.1646611299999999e-06,1.0261629850000001e-05,3.09615389,11.1,1.1685420900000001e-06,1.43491979e-06,7.955297039999999e-07,5.7105399e-07,4.4210797e-07,3.5901498699999997e-07,3.0552436e-07,2.7032794100000006e-07,5.77527072e-07,1.39618276e-07,2.04718548e-06,84.8569738,45.375723,2.8863281899999997e-10,9.19248215,0.0012700399899999999,0.0784286193,2.8618756899999998e-06,4.78114194e-07,0.00127699925,0.07871048239999999,2.8618756899999998e-06,4.78114194e-07,0.0008871207709999999,0.0384801741,2.8618756899999998e-06,4.78114194e-07,0.0012648542,0.0781861148,2.8618756899999998e-06,4.78114194e-07,2.4551096200942992
355,1694937000,1.6443984899999998e-05,1.64439882e-05,0.006973508290000001,-0.00881824834,0.016248631899999998,0.00323654305,0.006685530350000001,0.005203593510000001,1.17985716e-06,1.0505785450000001e-05,3.40559448,11.6,1.22735339e-06,1.43554622e-06,8.122519309999998e-07,5.87914253e-07,4.53302383e-07,3.58352324e-07,2.99346452e-07,2.5846380600000004e-07,5.897870100000002e-07,1.40047885e-07,2.05960712e-06,84.7226328,45.032675899999994,2.9321330399999996e-10,9.1923542,0.00126814189,0.07786308249999999,3.2912009299999997e-06,5.38643672e-07,0.00128144901,0.0803396586,3.2912009299999997e-06,5.38643672e-07,0.0009052344,0.0402618186,3.2912009299999997e-06,5.38643672e-07,0.0012868947399999999,0.0795028644,3.2912009299999997e-06,5.38643672e-07,2.4551337718963624
355,1694937600,1.61028802e-05,1.6102884300000002e-05,-0.0037720438800000014,0.0022515392499999993,0.0162414487,0.0032032404700000003,0.006581845229999999,0.0051388419699999995,1.18909151e-06,1.035027225e-05,3.2639860999999994,11.8,1.1688777099999998e-06,1.40109487e-06,8.06260249e-07,5.435005119999999e-07,4.37142159e-07,3.53328483e-07,3.07954552e-07,2.65218146e-07,5.794688170000001e-07,1.3900280300000002e-07,2.04956277e-06,84.9548135,45.6343704,2.8487568200000003e-10,9.194862800000001,0.0012622557900000002,0.077264476,2.71965421e-06,5.108362250000001e-07,0.0012673782499999999,0.0778595532,2.71965421e-06,5.108362250000001e-07,0.000909777054,0.04071224779999999,2.71965421e-06,5.108362250000001e-07,0.00123566388,0.07470626760000001,2.71965421e-06,5.108362250000001e-07,2.455131244659424
355,1694938200,1.62986344e-05,1.62986376e-05,-0.004633685704,-0.021866497000000002,0.01607459415,0.0032237277000000003,0.00662950673,0.00516284991,1.1953266100000002e-06,1.024402765e-05,3.2237762700000006,10.0,1.17213604e-06,1.43586975e-06,8.237474269999999e-07,5.65898016e-07,4.3508868100000005e-07,3.66078259e-07,3.1691762499999997e-07,2.69942284e-07,5.76373264e-07,1.4073857300000001e-07,2.04650534e-06,84.74471489999999,45.21616289999999,2.8981570099999996e-10,9.1938595,0.0012707428099999999,0.0778872612,2.94840278e-06,5.28117722e-07,0.0012854270399999999,0.0797867824,2.94840278e-06,5.28117722e-07,0.0008937821469999999,0.0396286614,2.94840278e-06,5.28117722e-07,0.0012589301600000001,0.07784789160000001,2.94840278e-06,5.28117722e-07,2.455136799812317
355,1694938800,1.64004841e-05,1.6400491100000004e-05,-0.003786305119999999,0.01924790419,0.0160907142,0.0032274122699999996,0.00665656694,0.00518174832,1.24643518e-06,1.0723407699999998e-05,3.5349651499999992,12.1,1.24387735e-06,1.4038688299999998e-06,7.86652219e-07,5.7639705e-07,4.4351680899999996e-07,3.7317555700000004e-07,3.02741396e-07,2.7015924e-07,5.91839759e-07,1.3894006399999997e-07,2.0690564899999997e-06,84.749493,45.248294099999995,2.91803545e-10,9.19355195,0.00127787531,0.0789801259,2.83697904e-06,5.21690311e-07,0.00126216043,0.0771785698,2.83697904e-06,5.21690311e-07,0.000920111983,0.0418259196,2.83697904e-06,5.21690311e-07,0.00126653295,0.07832020049999999,2.83697904e-06,5.21690311e-07,2.4551193475723267
355,1694939400,1.62788421e-05,1.62788459e-05,-0.0027262202999999994,0.02739007765,0.016385804999999996,0.00321655822,0.00662609547,0.005163266849999999,1.2232779399999998e-06,1.0627668650000001e-05,3.5174825400000005,12.4,1.1815601799999998e-06,1.4357283499999998e-06,8.32834859e-07,5.67067912e-07,4.3289611000000004e-07,3.6241678999999994e-07,2.9816617199999996e-07,2.5992458199999996e-07,5.79098107e-07,1.39862237e-07,2.04984701e-06,84.82671690000001,45.257328,2.8887581100000003e-10,9.1955214,0.001257023,0.0765968526,2.62758032e-06,4.76709767e-07,0.0012969682700000001,0.0809835924,2.62758032e-06,4.76709767e-07,0.0008873212640000001,0.0384580951,2.62758032e-06,4.76709767e-07,0.00127195848,0.0788534775,2.62758032e-06,4.76709767e-07,2.455094742774963
355,1694940000,1.6206093300000003e-05,1.6206094399999997e-05,-0.0021208894,-0.01902917944,0.016463424600000002,0.00321606822,0.006623814359999999,0.005157609790000001,1.1631387100000002e-06,1.0168588900000001e-05,3.23076926,10.7,1.18594819e-06,1.4161723400000001e-06,7.79946416e-07,5.85230559e-07,4.4459447199999996e-07,3.6226396999999996e-07,2.9535552200000003e-07,2.6129298e-07,5.788629639999999e-07,1.38551515e-07,2.0548039200000005e-06,84.88489150000001,45.425150200000004,2.87520954e-10,9.194552550000001,0.0012681257500000002,0.07812425510000001,3.3928973599999995e-06,5.697963640000002e-07,0.0012644573399999998,0.07736723409999999,3.3928973599999995e-06,5.697963640000002e-07,0.0008933112959999999,0.0404390025,3.3928973599999995e-06,5.697963640000002e-07,0.00126145685,0.0773977791,3.3928973599999995e-06,5.697963640000002e-07,2.4550747871398926
355,1694940600,1.6081257e-05,1.6081260999999998e-05,-0.011602078422000003,-0.0013317708499999996,0.0162797868,0.00319986727,0.00657894586,0.00513869669,1.15666946e-06,1.0281848350000002e-05,3.0052448099999998,10.1,1.19829196e-06,1.37132516e-06,8.04248415e-07,5.4127434e-07,4.417624560000001e-07,3.53943544e-07,3.08444147e-07,2.5499551600000003e-07,5.735480849999999e-07,1.39132548e-07,2.0536359799999998e-06,84.99422419999999,45.661372500000006,2.8388043e-10,9.197375699999998,0.00126468392,0.07727237499999999,3.1432669e-06,5.08068866e-07,0.0012580826500000002,0.0767881248,3.1432669e-06,5.08068866e-07,0.000890360958,0.0390578161,3.1432669e-06,5.08068866e-07,0.0012622717000000002,0.076967411,3.1432669e-06,5.08068866e-07,2.455116868019104
355,1694941200,1.62712297e-05,1.6271233e-05,-0.00294539478,-0.00858088789,0.016170401100000002,0.00321917506,0.006641168429999999,0.00518211596,1.1600249600000002e-06,1.038559495e-05,3.2727273500000003,11.9,1.20366571e-06,1.39115424e-06,7.961507290000001e-07,5.79610172e-07,4.4272673399999995e-07,3.7189463e-07,3.05145324e-07,2.61284083e-07,5.88687948e-07,1.39927961e-07,2.05531456e-06,84.890309,45.466616,2.8849742800000003e-10,9.19496145,0.00127984275,0.079067848,2.87417174e-06,5.17262194e-07,0.00126660566,0.0776877791,2.87417174e-06,5.17262194e-07,0.00089441846,0.0397864971,2.87417174e-06,5.17262194e-07,0.00125913259,0.0768753397,2.87417174e-06,5.17262194e-07,2.455118274688721
355,1694941800,1.625808722222222e-05,1.625809011111111e-05,0.007192521459999999,-0.003554981166666666,0.016476226999999996,0.0032172575555555554,0.006638778822222222,0.005174015077777778,1.2026542444444445e-06,1.081952077777778e-05,3.230380811111111,10.555555555555555,1.2095865222222223e-06,1.3983306111111112e-06,8.116932266666667e-07,5.750354633333333e-07,4.342778644444444e-07,3.6976155777777777e-07,2.9993015888888887e-07,2.581450033333333e-07,6.012727144444444e-07,1.3559607666666668e-07,2.0353964999999996e-06,84.76661833333334,45.17815377777778,2.8964569666666665e-10,9.19269211111111,0.0012686405111111108,0.07811790111111111,3.0723734888888886e-06,5.336612144444444e-07,0.0012836895777777776,0.07917533922222222,3.0723734888888886e-06,5.336612144444444e-07,0.0008886531566666666,0.03961670322222222,3.0723734888888886e-06,5.336612144444444e-07,0.0012645813666666667,0.07760156677777778,3.0723734888888886e-06,5.336612144444444e-07,2.4551081392500134
355,1694942400,1.6117806e-05,1.6117808999999998e-05,0.005143222830000001,-0.005621707469999999,0.0168305072,0.0032054898,0.00659330206,0.00515457726,1.16805102e-06,1.0740059449999999e-05,3.14335671,11.6,1.15301127e-06,1.3935662e-06,8.122682e-07,5.55091345e-07,4.2881833600000005e-07,3.6269349e-07,3.1546887800000006e-07,2.71041702e-07,5.780576189999999e-07,1.34908559e-07,2.05395352e-06,84.92806800000001,45.6641326,2.8495412e-10,9.1955787,0.00127149951,0.0786250969,2.7449831400000002e-06,4.81727036e-07,0.00126802926,0.07848342910000002,2.7449831400000002e-06,4.81727036e-07,0.0008640600620000001,0.0368542395,2.7449831400000002e-06,4.81727036e-07,0.0012507200200000002,0.07605136640000001,2.7449831400000002e-06,4.81727036e-07,2.4551328659057616
355,1694943000,1.6164465799999998e-05,1.61644753e-05,-0.007805303099999999,-0.0258437454,0.01581826345,0.00320904699,0.00659950064,0.00515575353,1.1110249899999998e-06,9.98809105e-06,3.14510495,9.7,1.21312369e-06,1.38245394e-06,7.954051979999999e-07,5.61159404e-07,4.3263008499999997e-07,3.52568413e-07,3.11332652e-07,2.61159018e-07,5.84091184e-07,1.3866121800000002e-07,2.04963054e-06,84.8900576,45.5272615,2.8635511e-10,9.19573665,0.00125212574,0.0760182704,3.0229648700000004e-06,5.26710263e-07,0.00127121981,0.0782640886,3.0229648700000004e-06,5.26710263e-07,0.0009210048049999999,0.041366996899999994,3.0229648700000004e-06,5.26710263e-07,0.0012550979099999998,0.07615774189999999,3.0229648700000004e-06,5.26710263e-07,2.4551422357559205
355,1694943600,1.61794057e-05,1.6179407900000003e-05,-0.007450909268000001,0.00221652157665,0.01650318825,0.00320940144,0.006602124650000001,0.0051609953099999994,1.1724901999999998e-06,1.0015931400000001e-05,3.17657349,10.6,1.2028289600000002e-06,1.37682069e-06,8.050775030000001e-07,5.74086307e-07,4.358922e-07,3.5609010599999997e-07,3.10368772e-07,2.60847978e-07,5.909591499999999e-07,1.36692616e-07,2.0400304199999998e-06,84.8614496,45.400253500000005,2.87204345e-10,9.1944687,0.00127076529,0.07837923129999999,2.7677247600000002e-06,5.02866276e-07,0.00126416561,0.07783605639999999,2.7677247600000002e-06,5.02866276e-07,0.0008909437630000001,0.0390612465,2.7677247600000002e-06,5.02866276e-07,0.0012595905600000002,0.0771279269,2.7677247600000002e-06,5.02866276e-07,2.455100917816162
355,1694944200,1.61722408e-05,1.61722465e-05,-0.00485183012,-0.013568460809999999,0.01625413225,0.00321148722,0.0066264394699999995,0.00516243084,1.1322727900000001e-06,1.0076823900000002e-05,3.2027972300000003,11.9,1.1748162770000002e-06,1.3724248799999998e-06,8.15598657e-07,5.64334841e-07,4.4272534799999995e-07,3.6039293300000006e-07,3.0763024799999996e-07,2.6449151100000004e-07,5.96136647e-07,1.38149632e-07,2.0493788199999996e-06,84.8765684,45.578524200000004,2.85990106e-10,9.1961875,0.00126333516,0.077537243,2.92886125e-06,5.11874263e-07,0.00126512006,0.07811138899999999,2.92886125e-06,5.11874263e-07,0.000890654563,0.039029265300000004,2.92886125e-06,5.11874263e-07,0.00123966145,0.074816249,2.92886125e-06,5.11874263e-07,2.455137848854065
355,1694944800,1.6326678400000004e-05,1.63266842e-05,-0.0028922227900000006,-0.028099669550000005,0.0157854817,0.0032292821,0.006649266779999999,0.00519116032,1.18487049e-06,1.111683715e-05,3.19580426,11.9,1.1953210899999999e-06,1.44007626e-06,7.98139885e-07,5.85288938e-07,4.4085309700000004e-07,3.6135954600000005e-07,2.9703997e-07,2.5872519900000004e-07,5.90154858e-07,1.41083512e-07,2.0552635499999997e-06,84.851959,45.2549069,2.9069465399999997e-10,9.1928367,0.00126666298,0.07780201159999998,2.7845707399999997e-06,5.1688572e-07,0.0012792015199999999,0.07996678669999999,2.7845707399999997e-06,5.1688572e-07,0.0008969730620000001,0.0402044138,2.7845707399999997e-06,5.1688572e-07,0.0012650908899999999,0.0774282976,2.7845707399999997e-06,5.1688572e-07,2.4551656246185303
355,1694945400,1.6085281e-05,1.60852843e-05,0.0026628630400000013,0.0143611612,0.016636015100000002,0.00319852717,0.00660293649,0.00515285453,1.19120931e-06,1.0629517300000002e-05,3.2027972599999996,11.9,1.2019036000000002e-06,1.35445443e-06,7.94386373e-07,5.38512485e-07,4.3362977199999997e-07,3.576885e-07,3.11160423e-07,2.67142468e-07,5.91078728e-07,1.4156493499999999e-07,2.05110134e-06,85.0202949,45.7620633,2.84219854e-10,9.1969952,0.0012592599400000001,0.07687406289999998,3.13563312e-06,5.29105405e-07,0.00125442968,0.0763417888,3.13563312e-06,5.29105405e-07,0.0008872702709999999,0.0392575347,3.13563312e-06,5.29105405e-07,0.00124952503,0.07660203800000001,3.13563312e-06,5.29105405e-07,2.4551291465759277
355,1694946000,1.60922297e-05,1.6092236499999998e-05,-0.0013263208300000006,0.01920454208,0.016614939000000002,0.0031969282699999997,0.00659766243,0.00512905488,1.17643142e-06,1.05319068e-05,3.279720329999999,10.9,1.1425827300000001e-06,1.45550842e-06,8.01602611e-07,5.58946863e-07,4.2788698000000006e-07,3.39006692e-07,3.0746629400000004e-07,2.6388002400000004e-07,5.733681899999999e-07,1.38638594e-07,2.03719386e-06,85.0020202,45.4618742,2.85107193e-10,9.196683499999999,0.0012507198800000001,0.0757089587,2.6185256999999996e-06,4.7595086700000005e-07,0.00127594627,0.0791963925,2.6185256999999996e-06,4.7595086700000005e-07,0.000890900159,0.0385622211,2.6185256999999996e-06,4.7595086700000005e-07,0.00126548073,0.07788770939999999,2.6185256999999996e-06,4.7595086700000005e-07,2.455144453048706
355,1694946600,1.6111818799999996e-05,1.6111822100000002e-05,0.0081943792,-0.01665611256,0.016402538400000003,0.00320573921,0.00660412682,0.00515217012,1.19946312e-06,1.01684793e-05,3.2255245200000005,11.6,1.13173592e-06,1.4405007200000003e-06,7.899763870000001e-07,5.69618431e-07,4.3405007499999995e-07,3.53072949e-07,3.0790414e-07,2.5868588e-07,5.82061554e-07,1.42270792e-07,2.04601145e-06,85.027272,45.689325600000004,2.8478950100000005e-10,9.195606799999998,0.00125191165,0.07634270550000001,2.73697314e-06,4.81533899e-07,0.0012887578399999999,0.08054106559999999,2.73697314e-06,4.81533899e-07,0.0008936741740000001,0.03880544279999999,2.73697314e-06,4.81533899e-07,0.00123499002,0.07453465610000001,2.73697314e-06,4.81533899e-07,2.455147695541382
355,1694947200,1.59980902e-05,1.59980962e-05,-0.00146389668,0.004279603549999999,0.0160153408,0.0031891525300000003,0.0065673916,0.00511707645,1.09943651e-06,9.726201150000002e-06,3.1311189200000005,10.5,1.16162599e-06,1.3776335899999998e-06,7.89664993e-07,5.5653269e-07,4.37358962e-07,3.48634771e-07,3.0536738500000003e-07,2.6054090600000003e-07,5.835083289999999e-07,1.4016467799999998e-07,2.03799e-06,84.99686080000001,45.756280600000004,2.8254238599999996e-10,9.1966213,0.00126039015,0.07688285360000001,2.7225165599999997e-06,4.811817950000001e-07,0.0012586097999999998,0.076291473,2.7225165599999997e-06,4.811817950000001e-07,0.000884935515,0.0381945207,2.7225165599999997e-06,4.811817950000001e-07,0.0012467284900000001,0.07641398029999999,2.7225165599999997e-06,4.811817950000001e-07,2.4551441431045533
355,1694947800,1.60976567e-05,1.6097665799999997e-05,-0.01577324773,0.006093248599999999,0.016112371200000003,0.0031993263000000003,0.006577321,0.00513750364,1.1576036100000001e-06,1.022015295e-05,3.3146854000000006,11.2,1.18507261e-06,1.37661275e-06,7.97931726e-07,5.62123295e-07,4.35462634e-07,3.59455453e-07,3.0841428700000003e-07,2.63672204e-07,5.947615319999999e-07,1.35609303e-07,2.02969281e-06,84.8571886,45.464588000000006,2.8565459899999996e-10,9.19542765,0.00126790036,0.077769881,2.7203900399999997e-06,4.851662549999999e-07,0.00125427598,0.076062784,2.7203900399999997e-06,4.851662549999999e-07,0.00089526279,0.0394956142,2.7203900399999997e-06,4.851662549999999e-07,0.00126541673,0.077908974,2.7203900399999997e-06,4.851662549999999e-07,2.455123686790466
355,1694948400,1.61222531e-05,1.61222551e-05,0.0025178187540000002,0.0043065862199999985,0.0168006828,0.00320455669,0.006594757979999999,0.005149717759999999,1.19721379e-06,1.03159414e-05,3.2465035400000004,11.6,1.1979186000000001e-06,1.37725404e-06,7.874909999999998e-07,5.500335760000001e-07,4.3645101700000006e-07,3.68605823e-07,3.11489458e-07,2.5684693799999993e-07,5.834057430000001e-07,1.42075151e-07,2.0495238100000002e-06,84.92106950000002,45.618437799999995,2.8517129300000005e-10,9.1957822,0.0012584214199999999,0.0771991345,3.33527809e-06,5.21380835e-07,0.0012570737100000002,0.076528245,3.33527809e-06,5.21380835e-07,0.000883086076,0.0387274727,3.33527809e-06,5.21380835e-07,0.0012622505200000002,0.0778610051,3.33527809e-06,5.21380835e-07,2.455139183998108
355,1694949000,1.62566152e-05,1.62566212e-05,0.00201354525,0.019438671,0.0167615494,0.00321463086,0.00662742481,0.0051564975,1.20150171e-06,1.08474169e-05,3.2902098699999995,12.7,1.21193607e-06,1.4095082899999998e-06,8.16633045e-07,5.693470289999999e-07,4.29928203e-07,3.5244438700000003e-07,3.00065365e-07,2.61658362e-07,5.81701629e-07,1.3959193e-07,2.05542905e-06,84.8500339,45.33482789999999,2.8903114399999997e-10,9.1937984,0.00126749231,0.07758522940000001,2.8865524299999996e-06,4.868168810000001e-07,0.00127775909,0.0794126711,2.8865524299999996e-06,4.868168810000001e-07,0.000905851794,0.0400272252,2.8865524299999996e-06,4.868168810000001e-07,0.0012651840300000002,0.0780546971,2.8865524299999996e-06,4.868168810000001e-07,2.455091881752014
355,1694949600,1.61573009e-05,1.6157306099999997e-05,-0.01154222219,0.009951418599999998,0.0164240837,0.0032048959700000006,0.00661096808,0.00513462158,1.2339244e-06,1.03702418e-05,3.0506993699999994,11.3,1.16860536e-06,1.39063255e-06,7.848861069999999e-07,5.444306229999999e-07,4.20628609e-07,3.5383934000000004e-07,3.02388045e-07,2.59487362e-07,5.97124433e-07,1.4447286000000002e-07,2.1121009199999996e-06,85.30642759999999,46.352937399999995,2.83418191e-10,9.1993482,0.0012555542600000001,0.0761829815,2.6682546100000002e-06,4.85030994e-07,0.00126741288,0.07724463150000001,2.6682546100000002e-06,4.85030994e-07,0.000886531814,0.03862243900000001,2.6682546100000002e-06,4.85030994e-07,0.00124731261,0.0756304518,2.6682546100000002e-06,4.85030994e-07,2.455134320259094
355,1694950200,1.61511566e-05,1.61511614e-05,0.006242122769999999,0.012301494059999996,0.0160683267,0.0032031351399999996,0.00662294511,0.005156811329999999,1.1902986300000002e-06,1.0697685900000001e-05,3.21853152,10.9,1.2166513199999997e-06,1.39342129e-06,7.80000714e-07,5.655858790000001e-07,4.44175572e-07,3.51262041e-07,2.9762789700000005e-07,2.69346045e-07,5.86507901e-07,1.3550834200000002e-07,2.03547095e-06,84.8150814,45.3380467,2.86448032e-10,9.1953877,0.0012538696099999999,0.07620446609999999,2.97579765e-06,5.21221016e-07,0.00126866395,0.07772070760000001,2.97579765e-06,5.21221016e-07,0.000878855595,0.038632156699999996,2.97579765e-06,5.21221016e-07,0.0012808756699999998,0.0792023004,2.97579765e-06,5.21221016e-07,2.455116558074951
355,1694950800,1.5977544e-05,1.5977546699999998e-05,-0.002383655299999999,-0.009287363400000002,0.016201466850000002,0.0031899139299999997,0.006576964090000001,0.00512763329,1.1627399599999998e-06,1.0221791250000002e-05,3.13461543,11.6,1.1753672300000001e-06,1.34065901e-06,8.03194574e-07,5.68526866e-07,4.3899768900000003e-07,3.48168017e-07,2.99628584e-07,2.56616521e-07,5.82948382e-07,1.39058074e-07,2.03555353e-06,85.064406,45.7567614,2.8255962799999997e-10,9.195383500000002,0.00126309661,0.07732917900000001,2.54809533e-06,4.78097296e-07,0.00124817201,0.07605827609999999,2.54809533e-06,4.78097296e-07,0.0008888775620000001,0.038953348,2.54809533e-06,4.78097296e-07,0.0012471183999999999,0.07527411349999999,2.54809533e-06,4.78097296e-07,2.4550999879837034
355,1694951400,1.60646561e-05,1.60646622e-05,-0.007062673094999999,0.01181046311,0.0160190621,0.00319582915,0.00658758523,0.0051386446599999995,1.15344204e-06,1.0190737050000001e-05,3.11363642,10.8,1.1923222400000002e-06,1.36329369e-06,7.979027329999999e-07,5.50703609e-07,4.3978269e-07,3.7090555200000004e-07,2.89514483e-07,2.6617645e-07,5.83986869e-07,1.3904361299999998e-07,2.03865517e-06,85.043823,45.674705800000005,2.8400679500000003e-10,9.196563399999999,0.00125670177,0.07666326539999999,2.66177902e-06,5.077281390000001e-07,0.0012628187,0.07770856689999998,2.66177902e-06,5.077281390000001e-07,0.0009064229500000002,0.0406711338,2.66177902e-06,5.077281390000001e-07,0.00123832236,0.07454881470000001,2.66177902e-06,5.077281390000001e-07,2.455157256126404
355,1694952000,1.61808794e-05,1.61808837e-05,0.003216464759999999,-0.00685193773,0.0166420806,0.00321215485,0.0066044421800000004,0.00515510104,1.1760728100000003e-06,1.05997248e-05,3.26223784,12.1,1.1876921700000003e-06,1.4028081100000001e-06,8.028011439999999e-07,5.58297196e-07,4.32633782e-07,3.5587583799999997e-07,2.9944594999999997e-07,2.65399819e-07,5.97434859e-07,1.39847234e-07,2.04814375e-06,84.90247670000001,45.5048244,2.86908174e-10,9.1949656,0.00126454308,0.077530411,3.15010843e-06,5.036137019999999e-07,0.00127816602,0.0784718152,3.15010843e-06,5.036137019999999e-07,0.000887931573,0.0386846849,3.15010843e-06,5.036137019999999e-07,0.00125896047,0.07720946799999999,3.15010843e-06,5.036137019999999e-07,2.455146551132202
355,1694952600,1.62737596e-05,1.6273763900000003e-05,0.00315551425,-0.0016715174999999988,0.0160140788,0.00321947726,0.00663838862,0.00517470954,1.1997801e-06,1.061591485e-05,3.2832168699999995,12.2,1.1985815100000001e-06,1.38187912e-06,8.13559491e-07,5.69021347e-07,4.3564237500000004e-07,3.61036941e-07,3.0611940999999997e-07,2.71419733e-07,5.94110719e-07,1.37530316e-07,2.06795608e-06,84.7414484,45.4680993,2.8847167700000004e-10,9.194170949999998,0.0012696056,0.07799262199999998,2.9756676500000003e-06,5.34049851e-07,0.00126368561,0.07761843599999999,2.9756676500000003e-06,5.34049851e-07,0.0009100408530000002,0.041031033300000005,2.9756676500000003e-06,5.34049851e-07,0.0012676646699999999,0.076566179,2.9756676500000003e-06,5.34049851e-07,2.4551469326019286
355,1694953200,1.61006359e-05,1.61006415e-05,-0.003130264969999999,-0.00575531997,0.0162786468,0.00320269215,0.00659603396,0.00513767695,1.166949705e-06,1.05798431e-05,3.23251757,11.7,1.12647522e-06,1.39307395e-06,7.968687240000001e-07,5.840869379999999e-07,4.3089393400000005e-07,3.52034985e-07,3.04998267e-07,2.64122946e-07,5.88077676e-07,1.41252869e-07,2.0683997999999997e-06,84.8933143,45.8648371,2.8371881e-10,9.19686545,0.00126891516,0.0781373592,2.6608825999999998e-06,4.763212150000001e-07,0.00127369099,0.0782717755,2.6608825999999998e-06,4.763212150000001e-07,0.0008693290559999998,0.037110158500000004,2.6608825999999998e-06,4.763212150000001e-07,0.00124901236,0.07535272740000001,2.6608825999999998e-06,4.763212150000001e-07,2.455149006843567
355,1694953800,1.65239185e-05,1.65239212e-05,2.0384835999999414e-05,0.003167607016999999,0.0167930413,0.0032442482799999997,0.00668309511,0.0052079822800000005,1.19177928e-06,1.06675344e-05,3.40209799,11.4,1.23202719e-06,1.43864367e-06,7.93926179e-07,5.739945429999999e-07,4.2533427e-07,3.56579273e-07,3.10449541e-07,2.6522468799999995e-07,6.006079890000001e-07,1.4073821499999999e-07,2.1243883699999995e-06,84.941832,45.673101700000004,2.9240981500000003e-10,9.1949796,0.0012700093699999997,0.0780100587,2.9916603600000003e-06,5.282218280000001e-07,0.00127068696,0.07861056400000001,2.9916603600000003e-06,5.282218280000001e-07,0.0009200126080000001,0.0417350932,2.9916603600000003e-06,5.282218280000001e-07,0.00127803674,0.07862916480000001,2.9916603600000003e-06,5.282218280000001e-07,2.4551164150238036
355,1694954400,1.6099923900000002e-05,1.6099933000000002e-05,-0.013062196719999999,-0.0145218436,0.015974863149999997,0.00320439966,0.006578477000000001,0.00513439701,1.1514198500000001e-06,1.0398975349999999e-05,3.1083916599999997,10.0,1.16817982e-06,1.36911781e-06,7.994744039999999e-07,5.589851759999999e-07,4.1280655899999996e-07,3.55207366e-07,3.0372501699999996e-07,2.5496016900000003e-07,5.95916583e-07,1.41053107e-07,2.0905017500000004e-06,85.1148911,46.17451630000001,2.8235297400000004e-10,9.1993223,0.00125233169,0.07580021449999999,2.56032085e-06,4.893596750000001e-07,0.0012522125599999999,0.076525892,2.56032085e-06,4.893596750000001e-07,0.000889180116,0.03910495060000001,2.56032085e-06,4.893596750000001e-07,0.0012516911099999999,0.07550766649999999,2.56032085e-06,4.893596750000001e-07,2.4551047325134276
355,1694955000,1.62465518e-05,1.62465602e-05,-0.01472431616,-0.0075096821799999994,0.0165343089,0.0032158839,0.0066059388600000005,0.0051797534300000005,1.1361873300000002e-06,1.00764082e-05,3.2674825499999995,10.7,1.18653971e-06,1.4317314400000001e-06,7.76921041e-07,5.54375202e-07,4.2849162199999995e-07,3.61409382e-07,3.06115452e-07,2.6409319900000004e-07,5.873730580000001e-07,1.3588796599999996e-07,2.0903166900000003e-06,84.90342640000001,45.696144600000004,2.87242253e-10,9.1958473,0.0012587711600000003,0.0769260336,2.5436493e-06,5.04058175e-07,0.0012562934399999999,0.0760014224,2.5436493e-06,5.04058175e-07,0.000885288666,0.038736992600000006,2.5436493e-06,5.04058175e-07,0.0012848273900000003,0.07967997389999999,2.5436493e-06,5.04058175e-07,2.455150866508484
355,1694955600,1.61049519e-05,1.6104954000000003e-05,-0.002651884539999999,0.03315767506,0.017008288899999998,0.00319810805,0.00658873022,0.00513042036,1.1979257800000001e-06,1.0586327150000002e-05,3.2534965600000008,11.2,1.1477745e-06,1.3966474999999998e-06,7.935124459999999e-07,5.571159319999999e-07,4.2837699099999997e-07,3.65238748e-07,2.99095551e-07,2.68969152e-07,5.889648790000001e-07,1.4106015799999998e-07,2.0656819899999997e-06,85.0301815,45.9046169,2.8395997e-10,9.196793249999999,0.0012530762000000002,0.0761467224,2.63877436e-06,4.936397950000001e-07,0.00126362271,0.07779641,2.63877436e-06,4.936397950000001e-07,0.0008780657950000001,0.03820032219999999,2.63877436e-06,4.936397950000001e-07,0.0012486856999999998,0.076233822,2.63877436e-06,4.936397950000001e-07,2.4550895214080812
355,1694956200,1.6297033499999998e-05,1.62970402e-05,-0.0019527353999999996,-0.00868543196,0.0159403217,0.00322221129,0.006638360879999999,0.00517466131,1.1692340800000001e-06,1.06738431e-05,3.38461546,13.0,1.19892998e-06,1.39250459e-06,8.15230875e-07,5.7630236e-07,4.4245920099999997e-07,3.67154785e-07,3.0649628700000003e-07,2.6494523299999997e-07,5.812210240000001e-07,1.41583518e-07,2.0616876e-06,84.7609769,45.3925697,2.8908150400000004e-10,9.194488,0.00127245314,0.07820762649999999,2.93936364e-06,5.150731029999999e-07,0.0012716458699999998,0.07751273239999999,2.93936364e-06,5.150731029999999e-07,0.0009082182810000001,0.040594422899999996,2.93936364e-06,5.150731029999999e-07,0.0012664549700000002,0.07780673460000001,2.93936364e-06,5.150731029999999e-07,2.4551381349563597
355,1694956800,1.6182825099999997e-05,1.6182827900000002e-05,-0.00846756705,0.014727149960000002,0.016146619299999998,0.0032082660400000003,0.0065937733099999995,0.00513817434,1.22322604e-06,1.0643657150000001e-05,3.36538464,11.4,1.16428126e-06,1.4115974399999998e-06,8.301405729999999e-07,5.58550747e-07,4.2986698e-07,3.57398082e-07,3.0322515e-07,2.64357559e-07,5.84982506e-07,1.39616119e-07,2.0473323499999993e-06,85.0504932,45.552835599999995,2.8667755600000005e-10,9.19585515,0.0012593632799999999,0.0766221429,3.0747980199999998e-06,5.191231650000001e-07,0.00126945373,0.0790725736,3.0747980199999998e-06,5.191231650000001e-07,0.0008794912600000001,0.038722100200000005,3.0747980199999998e-06,5.191231650000001e-07,0.00125730288,0.07719215599999998,3.0747980199999998e-06,5.191231650000001e-07,2.4551440238952638
355,1694957400,1.62545441e-05,1.62545516e-05,-0.0021192377100000006,-0.029226609769999995,0.0163384405,0.00322011305,0.00664270929,0.0051763693799999995,1.1838811699999999e-06,1.042221815e-05,3.15734272,10.2,1.1930529100000001e-06,1.4245791100000001e-06,7.83175059e-07,5.683772349999999e-07,4.3670483299999994e-07,3.6447032699999995e-07,3.11116118e-07,2.6765923099999997e-07,5.88198189e-07,1.4000051000000003e-07,2.04992623e-06,84.8744486,45.432454099999994,2.88443558e-10,9.19440345,0.0012684604800000002,0.07777801120000001,2.79678611e-06,5.097487100000001e-07,0.00125862516,0.07655091050000001,2.79678611e-06,5.097487100000001e-07,0.000914372623,0.04128845,2.79678611e-06,5.097487100000001e-07,0.00126740359,0.0781904578,2.79678611e-06,5.097487100000001e-07,2.45513436794281
355,1694958000,1.61247274e-05,1.6124729599999997e-05,0.0006421774999999984,-0.009071911396,0.016001149200000002,0.0032057650999999998,0.0066017683300000005,0.00515286657,1.15594917e-06,1.00331512e-05,3.2150349900000004,10.8,1.1865938e-06,1.3845613000000003e-06,7.87158188e-07,5.50035142e-07,4.422931730000001e-07,3.54670321e-07,3.0573492399999994e-07,2.63049848e-07,5.87531365e-07,1.40395355e-07,2.0603161300000003e-06,85.07547869999999,45.7981132,2.8489184200000005e-10,9.195855900000002,0.0012659122600000002,0.07735609000000002,2.91742655e-06,5.016187e-07,0.0012628228599999998,0.07701540479999999,2.91742655e-06,5.016187e-07,0.000902256207,0.039999398000000005,2.91742655e-06,5.016187e-07,0.0012428938,0.0751980968,2.91742655e-06,5.016187e-07,2.4551031589508057
355,1694958600,1.62729129e-05,1.62729184e-05,0.006566828299999999,-0.0017801167049999993,0.016626088,0.00321856667,0.006657691790000001,0.0051673356000000005,1.21634826e-06,1.0984830599999999e-05,3.33916092,11.5,1.20782243e-06,1.42597681e-06,7.90166056e-07,5.709360449999999e-07,4.5580902499999996e-07,3.65426345e-07,3.01186021e-07,2.50545836e-07,5.848978469999999e-07,1.3995203300000002e-07,2.04372634e-06,84.7843216,45.2703421,2.8892566400000003e-10,9.193500600000002,0.00127470795,0.0790083196,3.3020320700000004e-06,5.44499178e-07,0.00126616377,0.0780671069,3.3020320700000004e-06,5.44499178e-07,0.0008911498039999999,0.0395939755,3.3020320700000004e-06,5.44499178e-07,0.00126597154,0.07825721760000001,3.3020320700000004e-06,5.44499178e-07,2.455130767822266
355,1694959200,1.6172100500000002e-05,1.6172101800000003e-05,-0.005313797840000001,-0.020841792740000004,0.0160635169,0.0032109759099999994,0.00662081324,0.00515806287,1.1466033e-06,1.0122269249999999e-05,3.13461543,11.4,1.1589955199999999e-06,1.4343037200000001e-06,8.18322141e-07,5.68598081e-07,4.2466622900000004e-07,3.51811363e-07,3.06044455e-07,2.62309713e-07,5.761391839999999e-07,1.38836208e-07,2.0459794600000004e-06,84.8619645,45.3806241,2.87616595e-10,9.1925949,0.00125571682,0.07599681979999999,2.6789944199999998e-06,4.7333620000000006e-07,0.00128377587,0.0802095536,2.6789944199999998e-06,4.7333620000000006e-07,0.00088080585,0.0383521973,2.6789944199999998e-06,4.7333620000000006e-07,0.00127423564,0.07820974680000001,2.6789944199999998e-06,4.7333620000000006e-07,2.455095911026001
355,1694959800,1.6107861800000005e-05,1.61078651e-05,-0.014064418579999998,-0.007539414419999999,0.0157241032,0.0032034411,0.00659085462,0.0051347196399999994,1.14934988e-06,1.01044652e-05,3.20454552,10.3,1.15091597e-06,1.4105134e-06,8.174821179999999e-07,5.443622059999999e-07,4.3626960700000003e-07,3.49902376e-07,3.00220939e-07,2.60282932e-07,5.83916348e-07,1.40397604e-07,2.0596208999999997e-06,85.12684829999999,45.787532,2.8503027600000003e-10,9.195181,0.00125244529,0.0761868498,2.41988346e-06,4.59303584e-07,0.00126868593,0.0775295082,2.41988346e-06,4.59303584e-07,0.000897357908,0.039053038100000007,2.41988346e-06,4.59303584e-07,0.0012593786,0.07704851799999998,2.41988346e-06,4.59303584e-07,2.4551411628723145
355,1694960400,1.6151599400000003e-05,1.61516014e-05,0.00321873511,-0.0076822068999999995,0.0159861109,0.0032080897799999994,0.00662350951,0.0051507045199999995,1.2184329e-06,1.12668841e-05,3.15384618,10.2,1.1298744e-06,1.42644563e-06,8.13093585e-07,5.666519680000001e-07,4.308513450000001e-07,3.5364573e-07,3.0894591099999996e-07,2.55863119e-07,5.943776400000001e-07,1.40722349e-07,2.05529261e-06,84.8352099,45.6892026,2.8509840299999997e-10,9.1960307,0.00126326207,0.07742262349999998,2.47971802e-06,4.58565719e-07,0.00129109385,0.080319267,2.47971802e-06,4.58565719e-07,0.000861005175,0.0364179491,2.47971802e-06,4.58565719e-07,0.0012512158499999998,0.07677011809999999,2.47971802e-06,4.58565719e-07,2.4551062107086183
355,1694961000,1.6130879300000002e-05,1.61308815e-05,-0.010514745249999999,-0.012086197364999999,0.0167869261,0.00320484032,0.00661951051,0.00514577359,1.17499769e-06,1.0566773600000001e-05,3.0594406,10.0,1.15780685e-06,1.4349847799999999e-06,7.95948827e-07,5.55640413e-07,4.4031617599999996e-07,3.4591267599999997e-07,3.05798244e-07,2.6476843600000005e-07,5.79628571e-07,1.37307058e-07,2.04727588e-06,84.9486755,45.503853400000004,2.8586436e-10,9.194712800000001,0.0012571058000000002,0.07647892299999999,2.84115667e-06,4.93028073e-07,0.0012652356199999999,0.0776186994,2.84115667e-06,4.93028073e-07,0.0008917060259999998,0.0390095796,2.84115667e-06,4.93028073e-07,0.00127144673,0.0784542398,2.84115667e-06,4.93028073e-07,2.4551185607910155
355,1694961600,1.6023523e-05,1.60235254e-05,0.008710150314000001,0.011050321014000001,0.0164874913,0.0031917977100000003,0.00659854156,0.005138258259999999,1.15600665e-06,1.0239126100000001e-05,3.1660839800000002,11.7,1.22402392e-06,1.34752802e-06,7.671980840000001e-07,5.48301796e-07,4.3370358500000006e-07,3.48816899e-07,3.02658717e-07,2.5874899699999997e-07,5.904155099999999e-07,1.38115832e-07,2.05221659e-06,85.19772499999999,45.871034699999996,2.82428178e-10,9.1979356,0.00125907646,0.07679175810000001,3.1106661e-06,5.33463013e-07,0.0012449375899999998,0.0746852211,3.1106661e-06,5.33463013e-07,0.0008908715550000002,0.0393595523,3.1106661e-06,5.33463013e-07,0.00125839761,0.0766790029,3.1106661e-06,5.33463013e-07,2.4551119089126585
355,1694962200,1.6115103800000002e-05,1.61151087e-05,-0.011537387849999999,0.0028478245999999977,0.0163492057,0.00320379788,0.0065806541100000004,0.0051397129,1.16128123e-06,1.0551357e-05,3.12762242,11.3,1.1340339199999999e-06,1.44490194e-06,7.999537720000001e-07,5.70600959e-07,4.30737571e-07,3.4937170700000006e-07,3.00037491e-07,2.60985646e-07,5.74987195e-07,1.41856203e-07,2.0500712900000003e-06,85.05364390000001,45.6387823,2.84960838e-10,9.1964775,0.0012544999,0.07611879539999998,3.07278996e-06,5.0754785e-07,0.0012723966,0.0787569022,3.07278996e-06,5.0754785e-07,0.000886475018,0.0389082497,3.07278996e-06,5.0754785e-07,0.0012540531800000001,0.07634901549999999,3.07278996e-06,5.0754785e-07,2.4550727128982546
355,1694962800,1.6111080700000002e-05,1.6111084e-05,0.0002999548200000002,-0.0025410460040000003,0.01582279875,0.0032027969499999996,0.00658969039,0.0051447539,1.12213901e-06,9.93721605e-06,3.1590909700000003,10.3,1.1413909e-06,1.43066257e-06,7.820752730000001e-07,5.660967950000001e-07,4.4597649200000006e-07,3.5269347599999997e-07,3.07401066e-07,2.6622410399999997e-07,5.799868170000001e-07,1.3875384e-07,2.0442287e-06,85.0076425,45.624840400000004,2.8543782999999995e-10,9.194894999999999,0.00127273465,0.078428107,2.9548821400000003e-06,4.92501039e-07,0.00125296133,0.07597536749999999,2.9548821400000003e-06,4.92501039e-07,0.000882517417,0.0385294702,2.9548821400000003e-06,4.92501039e-07,0.0012686113100000003,0.0779597454,2.9548821400000003e-06,4.92501039e-07,2.4551341056823732
355,1694963400,1.61639668e-05,1.61639724e-05,-0.014685338009999998,0.007027379445000001,0.016547983499999995,0.0032092756,0.00658776698,0.00515260949,1.1147070200000002e-06,9.9962651e-06,3.2080420199999997,11.8,1.1909715599999999e-06,1.41573346e-06,8.003948810000001e-07,5.588940699999999e-07,4.1609956300000003e-07,3.6216953800000004e-07,2.97054296e-07,2.6082391399999993e-07,5.79534212e-07,1.39074496e-07,2.0612052699999997e-06,84.98269459999999,45.5624972,2.86355434e-10,9.195571699999999,0.00125067585,0.0759684005,2.77975086e-06,5.070700490000001e-07,0.00125571695,0.0767703455,2.77975086e-06,5.070700490000001e-07,0.0008988524880000001,0.039998652999999995,2.77975086e-06,5.070700490000001e-07,0.00127442609,0.0781828366,2.77975086e-06,5.070700490000001e-07,2.4550764083862306
355,1694964000,1.6202754700000002e-05,1.6202755600000003e-05,-0.0014646826100000005,-0.010577693999999999,0.016075040800000003,0.0032150317999999995,0.006595522130000001,0.00516780158,1.1862318000000001e-06,1.0766692349999998e-05,3.17132871,11.9,1.22485172e-06,1.3566180000000001e-06,8.1576561e-07,5.7081288e-07,4.3589428200000004e-07,3.57897661e-07,3.03434935e-07,2.5847940599999993e-07,5.810447270000001e-07,1.38379638e-07,2.0581540800000003e-06,84.8452194,45.4366765,2.87790858e-10,9.1927618,0.00126170017,0.077313762,2.9482795800000003e-06,5.183674210000001e-07,0.0012679769299999998,0.0774769865,2.9482795800000003e-06,5.183674210000001e-07,0.000919075506,0.0412398133,2.9482795800000003e-06,5.183674210000001e-07,0.0012590804300000001,0.07660725169999999,2.9482795800000003e-06,5.183674210000001e-07,2.4551148414611816
355,1694964600,1.6244975000000003e-05,1.6244976699999997e-05,0.0021998946854,0.00628333507,0.0160426254,0.00321644224,0.006626377710000001,0.0051754559399999995,1.24267263e-06,1.0794477949999999e-05,3.3269231400000003,12.5,1.18900218e-06,1.4462988100000002e-06,8.050898500000001e-07,5.599981260000001e-07,4.2896043e-07,3.6234542200000003e-07,3.04911801e-07,2.66236334e-07,5.763128390000001e-07,1.39957505e-07,2.0433522100000003e-06,84.7814096,45.238148900000006,2.8868587700000003e-10,9.193792900000002,0.00126204875,0.0770273938,2.8459236e-06,5.113254119999999e-07,0.0012718888100000001,0.078806083,2.8459236e-06,5.113254119999999e-07,0.000915154608,0.0408503203,2.8459236e-06,5.113254119999999e-07,0.0012614995699999998,0.07794969219999999,2.8459236e-06,5.113254119999999e-07,2.45509672164917
355,1694965200,1.6151754e-05,1.61517618e-05,-0.0005342665899999988,0.0005890566500000005,0.016087092700000003,0.0032054204199999997,0.00660785693,0.005153952000000001,1.1472649e-06,9.89169255e-06,3.26398608,11.9,1.18984552e-06,1.42096853e-06,7.88177508e-07,5.584737629999999e-07,4.383239089999999e-07,3.5499199699999997e-07,3.08046573e-07,2.55836487e-07,5.78897646e-07,1.39153019e-07,2.0431317400000003e-06,84.9332709,45.45608539999999,2.8687063299999996e-10,9.1939043,0.00126183409,0.0773254205,2.47637358e-06,4.805078980000001e-07,0.00126273758,0.0773979665,2.47637358e-06,4.805078980000001e-07,0.0009152074530000001,0.0406735304,2.47637358e-06,4.805078980000001e-07,0.00126950289,0.0772231991,2.47637358e-06,4.805078980000001e-07,2.455106568336487
355,1694965800,1.63304548e-05,1.6330458700000002e-05,0.00185068442,-0.010954984800000001,0.0169890969,0.0032264734599999996,0.00665615648,0.00518544721,1.25008026e-06,1.0465334799999999e-05,3.4073427100000004,13.1,1.21806333e-06,1.4171711900000003e-06,8.14310577e-07,5.773713280000001e-07,4.3178857700000006e-07,3.7403250000000004e-07,2.98834969e-07,2.6838567499999996e-07,5.769164839999999e-07,1.4022297299999998e-07,2.04809948e-06,84.74091200000001,45.1592875,2.9035959300000004e-10,9.1938802,0.00126265915,0.0775284769,2.74462461e-06,5.01131435e-07,0.0012929851200000001,0.08059607449999999,2.74462461e-06,5.01131435e-07,0.0008884864580000001,0.038902722,2.74462461e-06,5.01131435e-07,0.0012674097800000003,0.0787355759,2.74462461e-06,5.01131435e-07,2.4550954580307005
355,1694966400,1.62863565e-05,1.62863584e-05,-0.014985674920000002,0.0027772752649999994,0.0161367529,0.00322142237,0.00660121288,0.00516183569,1.18817667e-06,1.057250535e-05,3.2202797599999995,12.6,1.23132143e-06,1.38855845e-06,8.1570752e-07,5.786226729999999e-07,4.41112486e-07,3.5082847599999995e-07,3.03894032e-07,2.59499217e-07,5.77249073e-07,1.38239606e-07,2.05807932e-06,84.8764546,45.3067817,2.89324638e-10,9.1941654,0.0012705782,0.07825653779999998,2.94066014e-06,5.21155441e-07,0.00128275207,0.0798368579,2.94066014e-06,5.21155441e-07,0.0009074162810000002,0.040660514700000004,2.94066014e-06,5.21155441e-07,0.0012576450199999999,0.0767019816,2.94066014e-06,5.21155441e-07,2.4551158905029298
355,1694967000,1.6068663699999997e-05,1.60686653e-05,-0.00551929191,-0.00257315354,0.016195371700000002,0.00320054437,0.00658956245,0.00513271829,1.1704709299999999e-06,1.0682899e-05,3.0961538900000005,11.1,1.12042351e-06,1.4108855299999997e-06,8.29945224e-07,5.6402215e-07,4.30334293e-07,3.57888558e-07,3.0264287599999997e-07,2.5859974199999996e-07,5.830109710000001e-07,1.41655309e-07,2.03487474e-06,85.1088096,45.7031994,2.84185919e-10,9.195681599999997,0.00125559414,0.0765894016,2.65929056e-06,4.69457412e-07,0.00128587548,0.08039402920000001,2.65929056e-06,4.69457412e-07,0.000871158117,0.037723120500000006,2.65929056e-06,4.69457412e-07,0.0012495178,0.0754954346,2.65929056e-06,4.69457412e-07,2.4550785779953004
355,1694967600,1.6274158e-05,1.62741628e-05,0.0038368054700000007,-0.02461979853,0.015905779899999997,0.00322201144,0.006666329680000001,0.00517940593,1.1615939699999998e-06,1.0600183500000002e-05,3.10489517,9.5,1.23002372e-06,1.37011126e-06,8.070274729999999e-07,5.785329519999999e-07,4.38380774e-07,3.5189990599999994e-07,3.03485137e-07,2.68541659e-07,5.924613090000001e-07,1.3933821100000002e-07,2.05724274e-06,84.81447739999999,45.355469199999995,2.89312727e-10,9.1934088,0.0012728196500000001,0.0782690224,2.99844642e-06,5.2427656e-07,0.00126409449,0.0769727376,2.99844642e-06,5.2427656e-07,0.000900152939,0.0402182942,2.99844642e-06,5.2427656e-07,0.00126813157,0.07812591840000001,2.99844642e-06,5.2427656e-07,2.455117654800415
355,1694968200,1.5991041400000002e-05,1.59910449e-05,-0.0020284203199999983,0.0029196128500000008,0.016309673299999997,0.0031889516200000003,0.00657317882,0.00512611615,1.17921621e-06,1.0270161949999999e-05,3.19405597,11.1,1.1464053600000001e-06,1.3831321099999997e-06,8.147251310000001e-07,5.53017432e-07,4.40137118e-07,3.50648309e-07,2.9878740899999996e-07,2.6076149800000005e-07,5.790082449999999e-07,1.39457607e-07,2.02941252e-06,84.9803981,45.62372069999999,2.8267711800000006e-10,9.19650575,0.0012536858900000002,0.07655975779999999,2.53508062e-06,4.8378489e-07,0.0012725546699999999,0.0787965521,2.53508062e-06,4.8378489e-07,0.0008879764300000001,0.0386518013,2.53508062e-06,4.8378489e-07,0.0012289784599999998,0.073674386,2.53508062e-06,4.8378489e-07,2.4550909757614137
355,1694968800,1.60682977e-05,1.60682994e-05,0.00192551772,-9.748459999999252e-06,0.01664532635,0.00319803466,0.00659151907,0.0051212399099999995,1.16672395e-06,1.04525287e-05,3.15734272,11.5,1.15834114e-06,1.38831668e-06,8.142476610000001e-07,5.3913968e-07,4.4422830700000005e-07,3.47062956e-07,3.0565731799999996e-07,2.7252504899999995e-07,5.88397683e-07,1.39358305e-07,2.0368320200000002e-06,84.9577302,45.6350207,2.84172679e-10,9.195689250000001,0.00125570842,0.0766689878,3.0465262699999998e-06,5.279209700000001e-07,0.0012596545400000003,0.07695376140000001,3.0465262699999998e-06,5.279209700000001e-07,0.0008883122980000002,0.039117148799999994,3.0465262699999998e-06,5.279209700000001e-07,0.00125192433,0.07665389759999999,3.0465262699999998e-06,5.279209700000001e-07,2.455124926567078
355,1694969400,1.60485159e-05,1.60485213e-05,-0.00042526288000000113,0.0094484591,0.016649908,0.0031943699799999994,0.0065885605,0.00514111849,1.17256138e-06,1.0092456000000002e-05,3.1975524800000006,11.2,1.1742745399999999e-06,1.36571713e-06,8.096129930000001e-07,5.59537043e-07,4.2645670899999994e-07,3.6836742999999995e-07,2.9762989600000005e-07,2.6437819199999994e-07,5.76963905e-07,1.3842616e-07,2.04284033e-06,84.98773500000001,45.65043010000001,2.83701758e-10,9.1953923,0.00125310518,0.07663082060000001,2.44036262e-06,4.67789054e-07,0.00128586316,0.080009174,2.44036262e-06,4.67789054e-07,0.0008917906079999999,0.0390779134,2.44036262e-06,4.67789054e-07,0.00122523993,0.07329076,2.44036262e-06,4.67789054e-07,2.455133247375488
355,1694970000,1.62036575e-05,1.62036604e-05,-0.007517541180000001,-0.0013376722000000012,0.01628009,0.0032116097099999996,0.006604046939999999,0.00517036069,1.2135743800000001e-06,1.05099161e-05,3.36013991,12.3,1.21634795e-06,1.4170297100000001e-06,8.097749690000001e-07,5.4891623e-07,4.43485928e-07,3.605521870000001e-07,2.9698536099999997e-07,2.6282673000000003e-07,5.72876385e-07,1.4122073800000002e-07,2.03179442e-06,84.72972080000001,45.101230799999996,2.8903211099999997e-10,9.191893600000002,0.00125750282,0.0770612853,3.0446585599999994e-06,5.30295315e-07,0.00126553259,0.07778805600000001,3.0446585599999994e-06,5.30295315e-07,0.0009129179690000001,0.041239536199999996,3.0446585599999994e-06,5.30295315e-07,0.0012741473400000002,0.078292357,3.0446585599999994e-06,5.30295315e-07,2.455101752281189
355,1694970600,1.6161591e-05,1.6161596300000002e-05,-0.0008179397500000009,0.03369082034,0.0164699294,0.00320231716,0.006617428329999999,0.00514351061,1.2320617000000002e-06,1.07651933e-05,3.36188815,12.2,1.15938189e-06,1.4082067400000002e-06,8.04778919e-07,5.699042700000001e-07,4.33373606e-07,3.7015036900000003e-07,3.02873503e-07,2.5906266e-07,5.813171279999999e-07,1.3612116700000003e-07,2.0555690500000004e-06,84.8917105,45.55107579999999,2.8594022300000003e-10,9.195938049999999,0.0012691253700000001,0.0783270194,2.47308954e-06,4.61111931e-07,0.0012662866899999998,0.0775069981,2.47308954e-06,4.61111931e-07,0.000889723431,0.0383785215,2.47308954e-06,4.61111931e-07,0.00126276277,0.078084254,2.47308954e-06,4.61111931e-07,2.455127716064453
355,1694971200,1.62415396e-05,1.6241541300000004e-05,-0.0071357181253000005,0.010610056599999997,0.01637188865,0.0032154000700000004,0.00659889986,0.00516087096,1.18418136e-06,1.031038155e-05,3.4860140799999995,12.4,1.15372649e-06,1.41509728e-06,8.05501557e-07,5.887616200000001e-07,4.3671573399999994e-07,3.622635209999999e-07,2.9987377600000004e-07,2.57861238e-07,5.908690959999999e-07,1.38457673e-07,2.07158516e-06,84.8365726,45.5976837,2.87279865e-10,9.1944321,0.00126433648,0.0779944403,2.6808920999999997e-06,4.6793921400000005e-07,0.00127982763,0.07993340789999999,2.6808920999999997e-06,4.6793921400000005e-07,0.0008814745880000001,0.0381558291,2.6808920999999997e-06,4.6793921400000005e-07,0.00125485696,0.0768179644,2.6808920999999997e-06,4.6793921400000005e-07,2.4551202297210692
355,1694971800,1.6169661400000002e-05,1.6169663599999997e-05,-0.0034666846400000007,-0.008058437189999998,0.0168868641,0.00320953489,0.0066095174500000005,0.00515871658,1.1605445200000003e-06,1.00909604e-05,3.0629371,9.9,1.1881233800000002e-06,1.3876017499999998e-06,7.987208380000001e-07,5.521757229999999e-07,4.4031582500000006e-07,3.71279114e-07,3.07130932e-07,2.67219787e-07,5.749277170000001e-07,1.4255239599999997e-07,2.05472775e-06,84.9404715,45.62867390000001,2.86078895e-10,9.195304199999999,0.00126111167,0.0770149829,2.74539293e-06,4.96574355e-07,0.00127245329,0.0785626486,2.74539293e-06,4.96574355e-07,0.000886615015,0.038849832099999995,2.74539293e-06,4.96574355e-07,0.0012571542299999999,0.0763738854,2.74539293e-06,4.96574355e-07,2.455099844932556
355,1694972400,1.62120822e-05,1.62120861e-05,-0.0077300356300000015,0.021291184329999997,0.01702588505,0.0032089412900000005,0.00660511423,0.00515534181,1.13795774e-06,1.0111486400000001e-05,3.2307692799999996,11.9,1.14799976e-06,1.41885745e-06,8.07914788e-07,5.78505666e-07,4.39859994e-07,3.62701689e-07,3.0267655399999995e-07,2.73176653e-07,5.910224279999999e-07,1.37297842e-07,2.0459519399999997e-06,84.71084959999999,45.4272686,2.8773403000000006e-10,9.192599999999999,0.0012678226899999999,0.07823037990000001,2.9918772100000002e-06,5.0735781e-07,0.00127547712,0.0789429376,2.9918772100000002e-06,5.0735781e-07,0.0008764679969999999,0.037841911699999994,2.9918772100000002e-06,5.0735781e-07,0.0012602125,0.07673779509999999,2.9918772100000002e-06,5.0735781e-07,2.4550891399383543
355,1694973000,1.6147955e-05,1.6147961799999998e-05,0.006330206869999999,-0.021559418599999998,0.0159209983,0.00320766147,0.006626024730000001,0.005172675549999999,1.163972556e-06,1.025183895e-05,3.173077,11.7,1.2257339100000002e-06,1.3774533600000002e-06,7.81198087e-07,5.61800546e-07,4.3325873199999996e-07,3.63852056e-07,3.0204074e-07,2.7117068699999996e-07,5.71776612e-07,1.39165779e-07,2.0464829e-06,84.89545999999999,45.445814600000006,2.86386382e-10,9.194329999999999,0.00126160768,0.07705952309999999,3.0566518799999994e-06,5.227919139999999e-07,0.0012654372299999998,0.0771465398,3.0566518799999994e-06,5.227919139999999e-07,0.0009137026320000001,0.040771544400000005,3.0566518799999994e-06,5.227919139999999e-07,0.0012482407,0.0756757485,3.0566518799999994e-06,5.227919139999999e-07,2.4550973892211916
355,1694973600,1.62334567e-05,1.62334599e-05,-0.01147952756,0.007380971,0.0158754863,0.00321364102,0.006616348499999999,0.00516611612,1.20077979e-06,1.0495645e-05,3.28496509,11.2,1.17034784e-06,1.4531864e-06,8.01981945e-07,5.69135709e-07,4.37783076e-07,3.5729478699999994e-07,2.98796267e-07,2.62628089e-07,5.75826152e-07,1.38497825e-07,2.0512163799999996e-06,84.951434,45.38584829999999,2.8795173900000003e-10,9.19568035,0.00127112614,0.0781259394,2.6170132800000004e-06,4.902125609999999e-07,0.00126531782,0.0781310192,2.6170132800000004e-06,4.902125609999999e-07,0.0008720733770000001,0.0376321282,2.6170132800000004e-06,4.902125609999999e-07,0.00129054265,0.08038300039999999,2.6170132800000004e-06,4.902125609999999e-07,2.455101156234741
355,1694974200,1.6176152199999998e-05,1.6176157099999997e-05,0.010122972997000003,-0.001692346229999999,0.0165460642,0.0032087854799999994,0.00663185484,0.00517196242,1.1492108e-06,1.00598187e-05,3.1608392200000006,10.8,1.1845909899999998e-06,1.3895370299999999e-06,7.97171655e-07,5.783093309999999e-07,4.4898340399999995e-07,3.6267052499999995e-07,3.0526972999999995e-07,2.65483936e-07,5.804492400000001e-07,1.37351637e-07,2.0382379599999994e-06,84.70374989999999,45.3665286,2.8677081199999996e-10,9.19425945,0.00126833549,0.078036642,2.68779058e-06,5.098117620000001e-07,0.00126722224,0.07779710580000002,2.68779058e-06,5.098117620000001e-07,0.0008979132070000001,0.039619624,2.68779058e-06,5.098117620000001e-07,0.00126123855,0.07678686600000001,2.68779058e-06,5.098117620000001e-07,2.455115628242493
355,1694974800,1.61543816e-05,1.61543846e-05,0.0021515246899999996,-0.0218749286,0.0162805373,0.0032097744000000004,0.006618796309999999,0.00515676861,1.1519635999999998e-06,9.99894975e-06,3.2220280600000004,11.0,1.17462931e-06,1.40591818e-06,7.969176969999999e-07,5.64880498e-07,4.28987526e-07,3.6605249e-07,3.0635082199999995e-07,2.65813012e-07,5.761757250000001e-07,1.40068822e-07,2.05137688e-06,84.95680519999999,45.572131399999996,2.8605407399999997e-10,9.19567075,0.0012657480099999999,0.07768214779999999,2.60968816e-06,4.99597744e-07,0.00126607473,0.07782221240000001,2.60968816e-06,4.99597744e-07,0.0008887094659999999,0.0391303322,2.60968816e-06,4.99597744e-07,0.00126866885,0.07732753690000001,2.60968816e-06,4.99597744e-07,2.4551230669021606
355,1694975400,1.62304873e-05,1.6230494799999996e-05,-0.00292527988,0.022675083980000003,0.0159503281,0.0032098054299999996,0.006628835160000001,0.00515824087,1.2019793299999999e-06,1.035108125e-05,3.34090914,11.9,1.23515096e-06,1.3795997800000001e-06,7.952497269999999e-07,5.70033258e-07,4.47754884e-07,3.53430508e-07,3.0157068499999996e-07,2.66252439e-07,5.82241074e-07,1.37443102e-07,2.04649047e-06,84.7266506,45.264640199999995,2.8860954e-10,9.1934596,0.00126850482,0.07837983889999998,3.19812286e-06,5.517462549999999e-07,0.00125516443,0.07651510260000001,3.19812286e-06,5.517462549999999e-07,0.000908275026,0.0410609557,3.19812286e-06,5.517462549999999e-07,0.00126327993,0.07743973339999999,3.19812286e-06,5.517462549999999e-07,2.455103898048401
355,1694976000,1.6167333e-05,1.6167339400000003e-05,-0.005809323319999999,-0.0036497480499999998,0.016538159900000002,0.00320792511,0.0066007648000000006,0.0051423565099999995,1.2009938199999998e-06,1.10030887e-05,3.2342657600000004,10.7,1.18977876e-06,1.4151293e-06,7.99942218e-07,5.78268017e-07,4.34348469e-07,3.54013734e-07,3.0271925999999996e-07,2.62044311e-07,5.75349186e-07,1.3999256e-07,2.032058e-06,84.88448650000001,45.3147037,2.86911369e-10,9.1952843,0.00128025338,0.078867346,2.7379285e-06,5.21954217e-07,0.0012578949199999999,0.07673603119999999,2.7379285e-06,5.21954217e-07,0.000912892328,0.041204189800000006,2.7379285e-06,5.21954217e-07,0.00126034019,0.07757987409999999,2.7379285e-06,5.21954217e-07,2.4551257371902464
355,1694976600,1.62476411e-05,1.62476484e-05,0.006286021080000001,-0.00847615371,0.016320810400000003,0.00321768848,0.00663320719,0.00517694858,1.21085656e-06,1.0583524849999999e-05,3.1905595,10.0,1.24333538e-06,1.3940634499999997e-06,7.93636365e-07,5.727402899999999e-07,4.42742275e-07,3.591725459999999e-07,3.0332327299999995e-07,2.643663649999999e-07,5.766591879999999e-07,1.38113991e-07,2.0356023200000004e-06,84.70653569999999,45.0619376,2.90038414e-10,9.1916484,0.0012638698600000002,0.077358404,3.3051487100000002e-06,5.374730980000001e-07,0.0012643342200000002,0.0785420314,3.3051487100000002e-06,5.374730980000001e-07,0.0009169351569999999,0.041260986099999994,3.3051487100000002e-06,5.374730980000001e-07,0.0012651469999999999,0.0776394089,3.3051487100000002e-06,5.374730980000001e-07,2.4551193475723267
355,1694977200,1.6186545500000003e-05,1.6186550000000002e-05,-0.00214080549,-0.0214889371,0.0160791778,0.0032116452699999997,0.00661888204,0.00518733112,1.1380126000000001e-06,1.034817515e-05,3.1590909700000003,11.5,1.19154038e-06,1.4224696299999999e-06,8.18134042e-07,5.48379084e-07,4.2816656999999995e-07,3.6491018099999997e-07,3.02789567e-07,2.61290708e-07,5.76935716e-07,1.38505896e-07,2.04013867e-06,84.94029049999999,45.32193490000001,2.87619572e-10,9.195061599999999,0.00126073115,0.07677895750000001,3.08028045e-06,5.121318069999999e-07,0.0012754095,0.0786773345,3.08028045e-06,5.121318069999999e-07,0.0009019600379999999,0.039720835899999994,3.08028045e-06,5.121318069999999e-07,0.0012699157799999999,0.07807023249999999,3.08028045e-06,5.121318069999999e-07,2.455123496055603
355,1694977800,1.63536124e-05,1.63536151e-05,-0.00972816614,-0.003720124645999999,0.015989597799999998,0.00322523079,0.00664346068,0.0051867109299999995,1.2209346800000003e-06,1.06690552e-05,3.42307695,11.3,1.22719186e-06,1.4492427499999999e-06,8.22669473e-07,5.667179660000001e-07,4.4585219999999997e-07,3.4971719500000003e-07,2.95582696e-07,2.5914018100000005e-07,5.814157720000001e-07,1.39192897e-07,2.0400347699999997e-06,84.76164250000002,44.953641899999994,2.92250809e-10,9.1912238,0.00126927732,0.0776765982,3.3038011200000003e-06,5.49842904e-07,0.0012936923899999997,0.0811729978,3.3038011200000003e-06,5.49842904e-07,0.0009009162210000001,0.040322756,3.3038011200000003e-06,5.49842904e-07,0.00127159718,0.0788901391,3.3038011200000003e-06,5.49842904e-07,2.4551315784454344
355,1694978400,1.6040291900000003e-05,1.6040294699999998e-05,-0.01914055707,0.002674667147000002,0.0157712905,0.00319512542,0.006587660570000001,0.005127565360000001,1.16871136e-06,1.02090383e-05,2.9493007399999995,10.4,1.19775884e-06,1.4027019900000002e-06,7.6533256e-07,5.562877149999999e-07,4.18225371e-07,3.5812083599999994e-07,2.9872985400000003e-07,2.5648807899999996e-07,5.7226031e-07,1.39512449e-07,2.0546944e-06,85.1625168,45.70736389999999,2.83514003e-10,9.197029,0.00125228506,0.07614041,2.71886709e-06,5.12383109e-07,0.0012510968,0.0763029591,2.71886709e-06,5.12383109e-07,0.0009114083510000001,0.041161789600000005,2.71886709e-06,5.12383109e-07,0.0012493158200000002,0.0760073734,2.71886709e-06,5.12383109e-07,2.455130195617676
355,1694979000,1.61057729e-05,1.61057774e-05,0.00299175926,-0.010432066649999999,0.015905098100000004,0.0032028823899999995,0.00661424106,0.00516393748,1.1485969899999998e-06,1.0291845349999999e-05,3.09440564,10.9,1.1283058000000001e-06,1.41825802e-06,8.11666909e-07,5.650661600000001e-07,4.3717143899999997e-07,3.5213208299999995e-07,3.10351973e-07,2.6282733200000004e-07,5.78363614e-07,1.39333267e-07,2.04938822e-06,84.89808860000001,45.6341592,2.8455575800000004e-10,9.1960867,0.00126213612,0.07756568779999999,2.8791814e-06,4.88559906e-07,0.0012736590500000001,0.07938880699999999,2.8791814e-06,4.88559906e-07,0.000870811712,0.037632584499999996,2.8791814e-06,4.88559906e-07,0.00125309546,0.0757032764,2.8791814e-06,4.88559906e-07,2.455149841308594
355,1694979600,1.60438072e-05,1.60438142e-05,-0.00695330923,0.00111555936,0.0165113936,0.0031947422600000002,0.00657027695,0.0051251983,1.1133527e-06,9.762682400000001e-06,3.1276224400000006,9.4,1.14031265e-06,1.39168238e-06,7.986856559999999e-07,5.62636932e-07,4.4556528199999997e-07,3.62695761e-07,3.08648871e-07,2.61396863e-07,5.76228035e-07,1.38894141e-07,2.03512142e-06,84.8608244,45.6026152,2.83611184e-10,9.1951668,0.00126332362,0.07726005440000001,3.10167952e-06,5.10431649e-07,0.0012668310199999999,0.0780075571,3.10167952e-06,5.10431649e-07,0.0008917573460000001,0.0390487399,3.10167952e-06,5.10431649e-07,0.00124645086,0.07495989120000002,3.10167952e-06,5.10431649e-07,2.4551162719726562
355,1694980200,1.6163884899999997e-05,1.6163891699999996e-05,-0.00013395102700000002,0.0002160628100000013,0.016623523299999998,0.0032079244,0.006603781880000001,0.00513673825,1.25801174e-06,1.037913785e-05,3.1888112500000005,12.6,1.19336141e-06,1.3873706000000001e-06,7.865504450000001e-07,5.74432465e-07,4.3873322700000007e-07,3.65480756e-07,3.0047791400000006e-07,2.6828947199999997e-07,5.78207004e-07,1.3878206100000001e-07,2.0502429899999997e-06,84.83585479999998,45.544059399999995,2.8605483799999997e-10,9.194661900000002,0.00126402071,0.0777818284,2.9819408399999997e-06,5.265615889999999e-07,0.0012618892899999997,0.0779096965,2.9819408399999997e-06,5.265615889999999e-07,0.0008996518580000002,0.0402521651,2.9819408399999997e-06,5.265615889999999e-07,0.00124714599,0.07564144410000001,2.9819408399999997e-06,5.265615889999999e-07,2.4551350831985475
355,1694980800,1.5980532899999996e-05,1.5980533900000002e-05,0.0026491182871,0.016071456,0.01638631905,0.0031878791199999998,0.006598823719999999,0.00513584761,1.1815700800000001e-06,1.0744108400000001e-05,3.18356649,11.7,1.1489117199999999e-06,1.37563637e-06,7.806742199999999e-07,5.647201140000001e-07,4.2958258299999996e-07,3.58112465e-07,3.01710069e-07,2.6648834800000004e-07,5.773901980000001e-07,1.3836415999999998e-07,2.0486534699999995e-06,85.04061349999999,45.884134700000004,2.8161497800000004e-10,9.1962064,0.0012563687899999998,0.07647395809999999,2.8655335000000003e-06,5.09472834e-07,0.00127184245,0.0777380431,2.8655335000000003e-06,5.09472834e-07,0.0009003581849999999,0.039887539900000005,2.8655335000000003e-06,5.09472834e-07,0.001222183,0.07317391699999999,2.8655335000000003e-06,5.09472834e-07,2.4551255226135256
355,1694981400,1.6277313199999996e-05,1.62773166e-05,0.0027610633700000014,-0.00830935994,0.0163917188,0.0032195154099999997,0.006637575370000001,0.00517293953,1.1797146999999999e-06,1.0201115299999999e-05,3.3094405800000004,12.2,1.1821224600000002e-06,1.41518185e-06,8.22466098e-07,5.652355869999999e-07,4.4171205199999993e-07,3.53894451e-07,3.0601068e-07,2.669081979999999e-07,5.913192129999999e-07,1.38844569e-07,2.0549282899999995e-06,84.75661459999999,45.38687779999999,2.88933762e-10,9.1930268,0.0012671575800000004,0.07764518960000001,2.6203662599999995e-06,4.71021609e-07,0.00128738113,0.08030790139999999,2.6203662599999995e-06,4.71021609e-07,0.00087715335,0.0376208296,2.6203662599999995e-06,4.71021609e-07,0.0012602996,0.077696656,2.6203662599999995e-06,4.71021609e-07,2.455121397972107
355,1694982000,1.6311495500000002e-05,1.6311499200000002e-05,-0.0076942719500000005,0.016319714029999998,0.0167722685,0.0032196138300000002,0.00663065655,0.005183440460000001,1.2198432899999999e-06,1.0875278899999998e-05,3.4073427099999996,12.2,1.2510782700000001e-06,1.38753071e-06,8.146948220000001e-07,5.64209214e-07,4.3768448700000006e-07,3.57064639e-07,3.1027464600000006e-07,2.63322807e-07,5.79315603e-07,1.3836713899999999e-07,2.0521981000000003e-06,84.79315799999999,45.1432459,2.90967317e-10,9.192349799999999,0.00126440937,0.0774191895,3.1721294899999997e-06,5.55790111e-07,0.0012794422799999997,0.0794182088,3.1721294899999997e-06,5.55790111e-07,0.00092935097,0.042850572100000005,3.1721294899999997e-06,5.55790111e-07,0.00124944131,0.0755943225,3.1721294899999997e-06,5.55790111e-07,2.4551679372787474
355,1694982600,1.63157616e-05,1.6315765700000003e-05,0.0032340758059999997,-0.004232218329999999,0.016170979,0.00322150594,0.006656275089999999,0.00518400855,1.17282734e-06,1.0443088750000001e-05,3.3041958800000004,10.1,1.2377314199999999e-06,1.4108015e-06,7.973582649999999e-07,5.71388051e-07,4.47919489e-07,3.6764741600000004e-07,2.94323184e-07,2.60302793e-07,5.71276064e-07,1.4105520099999998e-07,2.05802813e-06,84.81763450000001,45.1702635,2.911052500000001e-10,9.192511649999998,0.00127255357,0.077896352,2.7875932900000002e-06,5.048868939999999e-07,0.00126533846,0.0778853557,2.7875932900000002e-06,5.048868939999999e-07,0.000899693492,0.0398712048,2.7875932900000002e-06,5.048868939999999e-07,0.0012760285099999997,0.0798563827,2.7875932900000002e-06,5.048868939999999e-07,2.4551526069641114
355,1694983200,1.6172597699999998e-05,1.61726019e-05,0.01414893274,0.003128433747000001,0.016416479900000003,0.00320878602,0.00662692921,0.00515724402,1.16333491e-06,1.04546581e-05,3.3444056600000005,10.5,1.17158892e-06,1.42534365e-06,8.001202240000001e-07,5.69715588e-07,4.40512677e-07,3.5405058999999994e-07,3.07300754e-07,2.6549095599999995e-07,5.763745490000001e-07,1.37857821e-07,2.03790427e-06,84.88250450000001,45.3388518,2.87373106e-10,9.1938383,0.00125675685,0.07669031300000001,2.79924774e-06,5.159456509999999e-07,0.00127428351,0.0786843452,2.79924774e-06,5.159456509999999e-07,0.000894922428,0.0396722016,2.79924774e-06,5.159456509999999e-07,0.00125889307,0.07700751900000001,2.79924774e-06,5.159456509999999e-07,2.455151391029358
355,1694983800,1.61124484e-05,1.6112451500000003e-05,0.006939028557,0.0055274993199999995,0.0162438914,0.0031996416199999997,0.00661545214,0.0051400442800000005,1.1634554100000002e-06,1.0200311899999999e-05,3.23951054,12.0,1.1844936100000002e-06,1.39403363e-06,8.085545480000001e-07,5.452925709999999e-07,4.3395237999999994e-07,3.60971422e-07,3.16012339e-07,2.5608869400000004e-07,5.779255469999999e-07,1.37001279e-07,2.04184886e-06,84.9656864,45.49385209999999,2.8520035300000005e-10,9.19554645,0.0012574308700000001,0.07659802400000001,2.36870709e-06,4.6689242099999996e-07,0.00126132056,0.0771015488,2.36870709e-06,4.6689242099999996e-07,0.0008963759869999999,0.038900056100000004,2.36870709e-06,4.6689242099999996e-07,0.001270162,0.07795898959999999,2.36870709e-06,4.6689242099999996e-07,2.455130672454834
355,1694984400,1.6203039599999997e-05,1.62030424e-05,-0.0007202889400000003,0.013512305130000003,0.016353413600000002,0.00320847471,0.00662332523,0.005141120989999999,1.21313142e-06,1.0516961100000001e-05,3.4650350100000002,11.4,1.24657717e-06,1.37997106e-06,7.914686660000001e-07,5.66344644e-07,4.4405166e-07,3.5405392700000003e-07,2.99871183e-07,2.62092078e-07,5.80695892e-07,1.38630263e-07,2.0377434299999998e-06,84.87970899999998,45.2760427,2.8823912200000003e-10,9.1941811,0.0012516971300000003,0.07611573469999999,2.94583626e-06,5.06937943e-07,0.0012644716900000001,0.078155748,2.94583626e-06,5.06937943e-07,0.0009030842619999998,0.0401620028,2.94583626e-06,5.06937943e-07,0.00127081159,0.0785380324,2.94583626e-06,5.06937943e-07,2.4551515579223633
355,1694985000,1.6165864400000002e-05,1.61658683e-05,-0.0033828176200000003,0.005062301639999999,0.0167069495,0.0032081811799999998,0.00659465964,0.005141522040000001,1.17267834e-06,1.0281621150000001e-05,3.19405603,10.7,1.15910756e-06,1.41849964e-06,8.10848255e-07,5.80665625e-07,4.4556852400000003e-07,3.50180111e-07,2.92710954e-07,2.6620163500000004e-07,5.837391130000001e-07,1.36538337e-07,2.0388524999999997e-06,84.8042281,45.3479614,2.8694140099999997e-10,9.19363965,0.00127282139,0.07838933490000001,2.6962701900000004e-06,4.875543100000001e-07,0.00127005717,0.0783214034,2.6962701900000004e-06,4.875543100000001e-07,0.000885877807,0.0389581663,2.6962701900000004e-06,4.875543100000001e-07,0.0012692970299999998,0.07786249469999999,2.6962701900000004e-06,4.875543100000001e-07,2.455093502998352
355,1694985600,1.60685419e-05,1.60685459e-05,-0.012627969499999999,0.01381281084,0.016366656200000003,0.00319607528,0.00657688696,0.005141270379999999,1.23419934e-06,1.0299415750000001e-05,3.32867142,11.0,1.1669224199999998e-06,1.40261673e-06,7.944781090000001e-07,5.43565498e-07,4.3166537699999996e-07,3.62047286e-07,3.0390113000000004e-07,2.6809890800000003e-07,5.77308054e-07,1.3791092599999997e-07,2.04571808e-06,85.06174109999999,45.6442869,2.8460722100000003e-10,9.195668350000002,0.00125167071,0.0760399339,2.5877923300000004e-06,5.220575050000001e-07,0.00125783851,0.0766381739,2.5877923300000004e-06,5.220575050000001e-07,0.0009031932099999999,0.0403852542,2.5877923300000004e-06,5.220575050000001e-07,0.00124955698,0.07640237550000001,2.5877923300000004e-06,5.220575050000001e-07,2.4551092624664306
355,1694986200,1.61418077e-05,1.61418114e-05,-0.0019074472300000002,-0.017448462783000003,0.016453,0.0032071000800000006,0.00661237548,0.00516233347,1.20937716e-06,1.0584668100000001e-05,3.1870629799999994,11.9,1.16687779e-06,1.4368921999999998e-06,7.73777119e-07,5.61059004e-07,4.46454423e-07,3.61447296e-07,3.04161104e-07,2.6710111600000003e-07,5.875589550000001e-07,1.3839209700000002e-07,2.0271378200000004e-06,84.748044,45.3749688,2.8648733799999996e-10,9.19279415,0.001261832,0.0773613989,3.30219118e-06,5.288774459999998e-07,0.0012794605900000003,0.07937482050000001,3.30219118e-06,5.288774459999998e-07,0.000887745284,0.0389773762,3.30219118e-06,5.288774459999998e-07,0.00125700801,0.07650491849999999,3.30219118e-06,5.288774459999998e-07,2.4551225662231446
355,1694986800,1.61375982e-05,1.6137603500000002e-05,0.006587126606000001,-0.01435650046,0.0166159761,0.00320652559,0.006610513029999999,0.00514723331,1.1674037899999998e-06,1.005705035e-05,3.23951055,10.8,1.20218459e-06,1.3953520399999997e-06,7.876993039999999e-07,5.663989329999999e-07,4.3788458799999997e-07,3.5846804599999996e-07,3.089854649999999e-07,2.5936815100000004e-07,5.66595979e-07,1.40438701e-07,2.0454050599999997e-06,84.9891321,45.488935,2.8627548399999997e-10,9.195583100000002,0.0012586646,0.0767392356,2.81137895e-06,5.14870277e-07,0.00125530316,0.07669789670000002,2.81137895e-06,5.14870277e-07,0.000895032579,0.039896193499999996,2.81137895e-06,5.14870277e-07,0.00126417281,0.0779217712,2.81137895e-06,5.14870277e-07,2.455130434036255
355,1694987400,1.61200449e-05,1.6120048599999996e-05,-0.004741676530000001,-0.017216073850000003,0.0160771159,0.00320340365,0.00661402643,0.00515100842,1.1445817999999999e-06,9.918742e-06,3.1905594699999997,11.8,1.1847138e-06,1.41594712e-06,7.983659559999999e-07,5.58441492e-07,4.39109335e-07,3.6064400000000004e-07,3.01050857e-07,2.55450694e-07,5.808188710000001e-07,1.36638501e-07,2.0288279800000002e-06,84.9702071,45.335527,2.8676208799999996e-10,9.194552999999999,0.0012643349499999999,0.0775279371,2.98453335e-06,5.086750630000001e-07,0.00127202338,0.078334869,2.98453335e-06,5.086750630000001e-07,0.000882655664,0.038419889900000004,2.98453335e-06,5.086750630000001e-07,0.0012768258000000002,0.078661421,2.98453335e-06,5.086750630000001e-07,2.4551323652267456
355,1694988000,1.61503305e-05,1.6150337999999997e-05,-0.00048450700000000034,0.013467986163999999,0.01609887235,0.0032049066600000004,0.00660482919,0.00514776062,1.23623028e-06,1.03486081e-05,3.2552448500000004,11.2,1.1920226699999998e-06,1.4055014200000002e-06,7.91056938e-07,5.59813126e-07,4.36724875e-07,3.5338761400000004e-07,3.05313366e-07,2.65922958e-07,5.73023743e-07,1.4003684599999997e-07,2.0523240600000003e-06,84.7985231,45.4690352,2.85862065e-10,9.1951172,0.00126596447,0.0777148089,3.0813758900000003e-06,5.23957296e-07,0.00125168018,0.0761640494,3.0813758900000003e-06,5.23957296e-07,0.0008836626670000001,0.039353909799999996,3.0813758900000003e-06,5.23957296e-07,0.0012592626199999998,0.0782109735,3.0813758900000003e-06,5.23957296e-07,2.45510995388031
355,1694988600,1.60552798e-05,1.60552897e-05,0.0037999205299999997,0.001803739460000002,0.015888032599999997,0.0031954147400000002,0.00660032136,0.0051194304199999995,1.2020565399999998e-06,1.04602434e-05,3.21678328,10.9,1.1581454499999999e-06,1.39609991e-06,7.885330490000001e-07,5.63576919e-07,4.37299822e-07,3.6110649499999997e-07,3.02977883e-07,2.557055e-07,5.835376289999999e-07,1.3944144100000002e-07,2.04118518e-06,84.9619745,45.701715,2.83124138e-10,9.19728825,0.00126518722,0.077566591,2.81207403e-06,4.835441989999999e-07,0.00126971365,0.07850151459999999,2.81207403e-06,4.835441989999999e-07,0.0008722449610000001,0.0374498582,2.81207403e-06,4.835441989999999e-07,0.00124257602,0.0757268254,2.81207403e-06,4.835441989999999e-07,2.4551308870315554
355,1694989200,1.60629221e-05,1.6062927600000002e-05,-0.00293109551,-0.015121248569999999,0.01578755885,0.00320071604,0.006592425020000001,0.00513669308,1.193548e-06,1.072901925e-05,3.1241259000000006,11.1,1.17928527e-06,1.3740711100000001e-06,8.045313210000001e-07,5.640547609999999e-07,4.3258404799999994e-07,3.4615984700000005e-07,3.0369540599999996e-07,2.6106577e-07,5.78756806e-07,1.38572037e-07,2.0486123799999998e-06,85.0313846,45.689716399999995,2.83736113e-10,9.196951,0.0012542166099999998,0.07656855600000001,2.96757248e-06,5.001687910000001e-07,0.00127690622,0.0784477495,2.96757248e-06,5.001687910000001e-07,0.0009021631470000002,0.0398174226,2.96757248e-06,5.001687910000001e-07,0.00123856785,0.07444145389999998,2.96757248e-06,5.001687910000001e-07,2.455133819580078
355,1694989800,1.6194170600000003e-05,1.61941731e-05,-0.0030915866899999993,-0.0023215104900000012,0.016168944499999997,0.0032122122699999997,0.00660344677,0.00515592159,1.21890303e-06,1.043987565e-05,3.25874131,11.2,1.15379218e-06,1.4497464400000002e-06,8.07448412e-07,5.61195647e-07,4.3501890399999993e-07,3.56685782e-07,3.001554049999999e-07,2.6582674100000003e-07,5.77719983e-07,1.41223844e-07,2.0482514e-06,84.91805149999999,45.453222700000005,2.8750660199999996e-10,9.193997300000001,0.0012631416500000002,0.0776395718,2.71032419e-06,4.920516699999999e-07,0.0012772780700000001,0.0787652144,2.71032419e-06,4.920516699999999e-07,0.0008764455160000002,0.038240474,2.71032419e-06,4.920516699999999e-07,0.00126542562,0.07819408450000001,2.71032419e-06,4.920516699999999e-07,2.4551230907440185
355,1694990400,1.6133011699999997e-05,1.61330135e-05,0.009420335415999999,-0.01130005137,0.016245346049999998,0.00320560248,0.00662914961,0.00516389941,1.12602477e-06,1.0082556500000002e-05,3.2010490099999998,12.0,1.19578744e-06,1.40062109e-06,7.93373647e-07,5.693833260000001e-07,4.3108632e-07,3.51518878e-07,2.99072934e-07,2.6999531299999995e-07,5.79707872e-07,1.37080505e-07,2.03885666e-06,84.75612550000001,45.3434256,2.8599066500000003e-10,9.193934700000002,0.0012556471999999998,0.0763958156,3.33029885e-06,5.28481973e-07,0.00128021393,0.07953613509999999,3.33029885e-06,5.28481973e-07,0.000913695282,0.0413000999,3.33029885e-06,5.28481973e-07,0.0012427633799999998,0.0749605252,3.33029885e-06,5.28481973e-07,2.4551339387893676
355,1694991000,1.61242527e-05,1.61242604e-05,-0.006139103859999999,-0.002387612930000002,0.0162236912,0.0032027156400000006,0.00658642678,0.005132901319999999,1.18119968e-06,1.018361585e-05,3.0891609,10.7,1.19428401e-06,1.36404274e-06,8.01865068e-07,5.71662606e-07,4.36423289e-07,3.5433736200000005e-07,3.03736945e-07,2.63982235e-07,5.83246708e-07,1.39482388e-07,2.04903079e-06,84.94434249999999,45.61429880000001,2.8533409e-10,9.1960977,0.0012602732600000002,0.07716343049999999,2.65190165e-06,4.890812470000001e-07,0.0012641138700000003,0.0779346004,2.65190165e-06,4.890812470000001e-07,0.000871370321,0.037945067,2.65190165e-06,4.890812470000001e-07,0.0012593358799999998,0.0771974125,2.65190165e-06,4.890812470000001e-07,2.455116605758667
355,1694991600,1.61177529e-05,1.61177546e-05,-0.0022480943899999997,-0.0016108421999999998,0.016122723899999997,0.0032037312999999997,0.00659312012,0.00513657671,1.1489237100000002e-06,1.02161552e-05,3.25699308,10.4,1.13872169e-06,1.4290016899999998e-06,8.16234176e-07,5.456206719999999e-07,4.39399525e-07,3.5705127399999995e-07,3.09213128e-07,2.66488198e-07,5.77818139e-07,1.38963216e-07,2.04031827e-06,84.77483320000002,45.5109715,2.85685144e-10,9.1931929,0.00126209368,0.07687380099999999,2.5857976000000005e-06,4.5377919800000003e-07,0.0012819179699999998,0.0795105163,2.5857976000000005e-06,4.5377919800000003e-07,0.0008619692660000001,0.036621957000000004,2.5857976000000005e-06,4.5377919800000003e-07,0.00127047696,0.0781509325,2.5857976000000005e-06,4.5377919800000003e-07,2.455136013031006
355,1694992200,1.6291380800000003e-05,1.6291384199999997e-05,-0.00437575848,-0.0018095520400000012,0.015813180500000003,0.00322037735,0.0066385036300000005,0.005162228709999999,1.1969096199999999e-06,1.0682904050000002e-05,3.2814685800000007,11.7,1.22132664e-06,1.41906252e-06,8.04612294e-07,5.647848949999999e-07,4.337336920000001e-07,3.6106413000000003e-07,2.9374321599999995e-07,2.6239399e-07,5.964126210000001e-07,1.3962375500000002e-07,2.04887756e-06,84.8956644,45.2887264,2.90306109e-10,9.19253495,0.00126046905,0.07698661870000001,3.0869415699999994e-06,5.317424609999999e-07,0.00126126814,0.07765497819999999,3.0869415699999994e-06,5.317424609999999e-07,0.0009045211650000001,0.040497686000000005,3.0869415699999994e-06,5.317424609999999e-07,0.0012791687499999998,0.0798103638,3.0869415699999994e-06,5.317424609999999e-07,2.455102252960205
355,1694992800,1.61538901e-05,1.6153895199999997e-05,-0.0049457243900000005,-0.020336612430000005,0.0164074067,0.0032095533500000003,0.0066166821,0.005154012899999999,1.12849868e-06,1.013679945e-05,3.0559441,10.8,1.20091407e-06,1.36587656e-06,7.82202319e-07,5.826120119999999e-07,4.41016176e-07,3.55344669e-07,3.0565290699999994e-07,2.61546269e-07,5.90965773e-07,1.41056956e-07,2.04969483e-06,84.8539074,45.600722499999996,2.8567891099999994e-10,9.195855400000001,0.00127798556,0.07913704270000001,2.9167597999999996e-06,5.145522549999999e-07,0.0012571863500000003,0.07671208599999998,2.9167597999999996e-06,5.145522549999999e-07,0.0009112322770000001,0.040944920499999996,2.9167597999999996e-06,5.145522549999999e-07,0.0012329779999999998,0.07420175999999999,2.9167597999999996e-06,5.145522549999999e-07,2.4551275730133058
355,1694993400,1.61013344e-05,1.6101340500000002e-05,-0.00736894814,0.01873804226,0.016589567800000003,0.0031998575099999997,0.0065647015500000004,0.005129212490000001,1.18581911e-06,1.0088248000000002e-05,3.2220280299999997,12.0,1.1577529000000002e-06,1.4052965499999999e-06,7.73005933e-07,5.879635780000001e-07,4.17961138e-07,3.54617166e-07,3.0390154299999995e-07,2.70289783e-07,5.83396587e-07,1.4059632600000002e-07,2.0558436999999996e-06,85.02132499999999,45.779615099999994,2.84298664e-10,9.197434000000001,0.00126015746,0.0772629024,2.53697008e-06,4.8144183e-07,0.0012649387700000001,0.07737127860000001,2.53697008e-06,4.8144183e-07,0.000874730472,0.0379090263,2.53697008e-06,4.8144183e-07,0.00125289018,0.07609945580000001,2.53697008e-06,4.8144183e-07,2.4551201343536375
355,1694994000,1.60955473e-05,1.609555e-05,-0.00213630753,0.005274847399999999,0.016602526,0.00319874002,0.00660934846,0.0051418161,1.1655406100000002e-06,1.0329856600000002e-05,3.1905594600000002,12.0,1.1945454600000001e-06,1.3641828599999999e-06,7.774732769999999e-07,5.66794707e-07,4.2882567300000004e-07,3.6495139e-07,3.0603013599999996e-07,2.64731926e-07,5.78848842e-07,1.3975769799999996e-07,2.0615717199999998e-06,84.9760225,45.7582733,2.8372063399999997e-10,9.1976098,0.0012648720099999997,0.077376131,2.6572413499999996e-06,4.6600691600000006e-07,0.00125634644,0.07639141940000001,2.6572413499999996e-06,4.6600691600000006e-07,0.0008762902700000001,0.037755677099999996,2.6572413499999996e-06,4.6600691600000006e-07,0.00126540344,0.0781833916,2.6572413499999996e-06,4.6600691600000006e-07,2.4551075220108034
355,1694994600,1.62828491e-05,1.6282850600000002e-05,0.005130040599999999,0.007258223939999997,0.016845890199999998,0.0032174311000000002,0.00665124883,0.005175349229999999,1.2207970500000001e-06,1.05815962e-05,3.3339161699999997,13.0,1.23167326e-06,1.4265144700000002e-06,7.98097289e-07,5.52715589e-07,4.273382099999999e-07,3.5263019900000004e-07,2.95963932e-07,2.59791335e-07,5.896347899999999e-07,1.4229005300000002e-07,2.06475935e-06,85.0305206,45.4573837,2.90228723e-10,9.192764149999999,0.00124927911,0.0760109972,2.89263647e-06,5.25895571e-07,0.0012664072400000001,0.07815693850000001,2.89263647e-06,5.25895571e-07,0.000901146259,0.0401448731,2.89263647e-06,5.25895571e-07,0.0012857177499999998,0.08048451429999999,2.89263647e-06,5.25895571e-07,2.4551233530044554
355,1694995200,1.62739032e-05,1.62739102e-05,0.0086497365,0.36420274722,0.0203909289,0.0032083871,0.006601803989999999,0.00513842105,1.4823837500000001e-06,1.267406635e-05,3.3583916700000005,12.5,1.13639186e-06,1.35732795e-06,7.869040150000001e-07,5.901002429999999e-07,4.313929560000001e-07,3.4843503699999996e-07,3.1582684199999997e-07,2.72254866e-07,6.41131635e-07,1.39202882e-07,2.11796378e-06,84.999851,46.33130679999999,2.85469805e-10,9.198224699999999,0.0012555044699999998,0.07695138580000001,2.9407801800000004e-06,4.6931229399999997e-07,0.0012581889800000001,0.0773591424,2.9407801800000004e-06,4.6931229399999997e-07,0.0008700550900000001,0.036995904600000004,2.9407801800000004e-06,4.6931229399999997e-07,0.00124898375,0.0759321503,2.9407801800000004e-06,4.6931229399999997e-07,2.455125617980957
355,1694995800,1.6504337399999998e-05,1.6504340200000003e-05,-0.023419129817,0.6526449614,0.0199612918,0.0032296487399999995,0.00664808975,0.00517495764,1.7067510900000001e-06,1.6539459e-05,3.5489510900000005,13.0,1.24010411e-06,1.4031763899999999e-06,7.844778440000001e-07,5.76481897e-07,4.3169831100000005e-07,3.6759900399999997e-07,3.0855165199999995e-07,2.77975829e-07,6.189580720000001e-07,1.4134943999999996e-07,2.1017292600000004e-06,84.7586644,45.5237671,2.92815845e-10,9.19248855,0.0012541353900000001,0.07649953169999998,3.0802381300000006e-06,5.34567644e-07,0.0012636882,0.07759244579999999,3.0802381300000006e-06,5.34567644e-07,0.0009071712950000001,0.0408066431,3.0802381300000006e-06,5.34567644e-07,0.00128062751,0.0795132796,3.0802381300000006e-06,5.34567644e-07,2.4550989389419557
355,1694996400,1.62477196e-05,1.62477246e-05,-0.00873436592,0.0009774337999999994,0.0164488901,0.00321619628,0.0066211976700000005,0.00515949098,1.1287813900000001e-06,1.0435041700000001e-05,3.2639860499999998,11.1,1.1351076099999998e-06,1.4148001200000002e-06,8.003557e-07,5.59260375e-07,4.4144825100000003e-07,3.6562211299999995e-07,3.0672824500000003e-07,2.6227280100000003e-07,5.93505418e-07,1.40766916e-07,2.10397499e-06,84.90885019999999,46.021984100000005,2.8535108e-10,9.19700665,0.0012650448400000002,0.077513086,3.04621471e-06,4.953397430000001e-07,0.0012829943699999998,0.0796216228,3.04621471e-06,4.953397430000001e-07,0.0008719096489999999,0.037422988899999995,3.04621471e-06,4.953397430000001e-07,0.0012555291,0.0756722385,3.04621471e-06,4.953397430000001e-07,2.4551392555236817
355,1694997000,1.62459217e-05,1.62459285e-05,-0.00632457337,0.025608414700000005,0.01598855025,0.00321161156,0.00663478124,0.00515075505,1.1631795500000003e-06,1.0315833150000001e-05,3.32517491,11.0,1.15736688e-06,1.39382252e-06,8.141931100000001e-07,5.58830201e-07,4.182505839999999e-07,3.6107182e-07,3.07762555e-07,2.7618907499999997e-07,5.93784868e-07,1.3980350599999998e-07,2.1018488899999996e-06,85.0212696,46.00285469999999,2.85887688e-10,9.197271599999999,0.00125730551,0.0766287997,2.7530172199999995e-06,4.86241189e-07,0.00128245934,0.0793913576,2.7530172199999995e-06,4.86241189e-07,0.0008739663299999999,0.0377296294,2.7530172199999995e-06,4.86241189e-07,0.00124590408,0.0757365394,2.7530172199999995e-06,4.86241189e-07,2.45513060092926
355,1694997600,1.63181634e-05,1.63181669e-05,-0.010753869239000001,0.027251538576999995,0.0192663931,0.00322275951,0.006614181080000001,0.00515914574,1.2067511700000001e-06,1.062941755e-05,3.3479021599999994,11.5,1.1776563e-06,1.37234966e-06,7.91300804e-07,5.67368023e-07,4.4088147999999993e-07,3.57010192e-07,3.0881984100000004e-07,2.57839394e-07,5.96913202e-07,1.47276392e-07,2.14165153e-06,85.3489419,46.5272396,2.85164887e-10,9.2003317,0.00126287165,0.07743665740000001,2.85764893e-06,4.9905304e-07,0.0012697944299999999,0.0782517595,2.85764893e-06,4.9905304e-07,0.0008956322040000001,0.0395972588,2.85764893e-06,4.9905304e-07,0.0012381031899999998,0.07459591750000001,2.85764893e-06,4.9905304e-07,2.455112624168396
355,1694998200,1.62541168e-05,1.6254118899999998e-05,0.008596015384,0.005264815650000002,0.017154883500000002,0.00321598061,0.0066377744,0.0051702504,1.19176844e-06,1.064036015e-05,3.25174832,11.5,1.1792695e-06,1.45086749e-06,8.04473959e-07,5.614283139999999e-07,4.1877462600000004e-07,3.5933410699999994e-07,3.1185609e-07,2.65586031e-07,5.800281630000002e-07,1.37892513e-07,2.0575243999999998e-06,84.9309751,45.3994566,2.8873758e-10,9.19382615,0.00126044559,0.0768865321,3.23856342e-06,5.383649839999999e-07,0.00127304831,0.0787308679,3.23856342e-06,5.383649839999999e-07,0.0009018082069999999,0.040452467000000006,3.23856342e-06,5.383649839999999e-07,0.0012652724099999999,0.07745299749999998,3.23856342e-06,5.383649839999999e-07,2.4551049709320067
355,1694998800,1.61892089e-05,1.61892125e-05,-0.0022750477925999996,-0.01646614431,0.0160695649,0.0032150723899999996,0.006602869459999999,0.00514095512,1.16215874e-06,1.0135816199999999e-05,3.1223776800000005,11.2,1.17015825e-06,1.39985256e-06,7.963793770000001e-07,5.609916310000001e-07,4.32501934e-07,3.6510576200000005e-07,3.07296525e-07,2.62872854e-07,5.897376209999999e-07,1.3924017399999996e-07,2.0704158500000002e-06,84.8938607,45.73043740000001,2.85737592e-10,9.19618055,0.0012737061099999999,0.07873541389999998,2.9863225599999998e-06,5.14690451e-07,0.0012584404599999999,0.07693421850000001,2.9863225599999998e-06,5.14690451e-07,0.0008845009809999999,0.0389100328,2.9863225599999998e-06,5.14690451e-07,0.00125101686,0.0761955751,2.9863225599999998e-06,5.14690451e-07,2.4551093578338623
355,1694999400,1.6360518e-05,1.6360523099999995e-05,-0.0019513139099999993,0.0014431403900000007,0.016419176100000002,0.0032257377000000005,0.00666536853,0.00520029388,1.2054770600000002e-06,1.0575683350000002e-05,3.4300699699999995,11.8,1.2195552800000001e-06,1.43453022e-06,8.160513709999999e-07,5.536139349999999e-07,4.28082469e-07,3.58948291e-07,2.99033849e-07,2.71984298e-07,5.894937369999999e-07,1.40501445e-07,2.06843772e-06,84.8731611,45.3251729,2.90633371e-10,9.194254199999998,0.00125960919,0.07713728839999999,2.66579647e-06,4.7221802399999996e-07,0.00128618186,0.079951148,2.66579647e-06,4.7221802399999996e-07,0.000884564547,0.0383599472,2.66579647e-06,4.7221802399999996e-07,0.0012770068099999998,0.07971767340000001,2.66579647e-06,4.7221802399999996e-07,2.4551509857177733
355,1695000000,1.62382493e-05,1.62382578e-05,-0.00054619244,-0.0025646164999999998,0.0168779332,0.0032154108800000005,0.006644228079999999,0.005177227899999999,1.15061645e-06,1.04798432e-05,3.3111888800000004,12.6,1.13872219e-06,1.43605922e-06,8.325345149999998e-07,5.6972675e-07,4.4538527600000006e-07,3.53215595e-07,3.02665693e-07,2.55599696e-07,5.880021110000001e-07,1.39311505e-07,2.05786526e-06,84.7792824,45.4696452,2.87671486e-10,9.195499899999998,0.0012681078900000002,0.0777456244,2.3269871e-06,4.510071779999999e-07,0.00127922742,0.0796636555,2.3269871e-06,4.510071779999999e-07,0.000874305566,0.037344143,2.3269871e-06,4.510071779999999e-07,0.0012750133099999998,0.07841514299999999,2.3269871e-06,4.510071779999999e-07,2.455120348930359
355,1695000600,1.6240939699999997e-05,1.6240943e-05,-0.006990596852599999,-0.011325760440000002,0.0164176805,0.00321673366,0.006622137070000001,0.00517522393,1.15921337e-06,1.03433013e-05,3.24300705,11.5,1.1904973699999999e-06,1.4351723299999998e-06,7.96886407e-07,5.708924230000001e-07,4.31714357e-07,3.4775784e-07,3.0777755200000003e-07,2.65462104e-07,5.848020010000001e-07,1.39235231e-07,2.0502588199999998e-06,84.73737,45.2978073,2.8860241e-10,9.192510599999999,0.0012607711200000001,0.0770602556,2.6745588399999995e-06,4.86325735e-07,0.0012650785400000002,0.07788138,2.6745588399999995e-06,4.86325735e-07,0.000905817985,0.040192390300000005,2.6745588399999995e-06,4.86325735e-07,0.0012766060299999999,0.0791906015,2.6745588399999995e-06,4.86325735e-07,2.4551397800445556
355,1695001200,1.61810548e-05,1.6181062200000003e-05,0.0023260830239999995,0.0073705800500000005,0.016925959600000002,0.00321024937,0.00660016997,0.0051443691699999995,1.19243302e-06,1.1336318550000002e-05,3.3216783800000003,11.3,1.1722893999999999e-06,1.3941481499999999e-06,7.930811269999999e-07,5.675084910000002e-07,4.3671878300000004e-07,3.5983599100000004e-07,3.0881255199999996e-07,2.6158971700000003e-07,5.8609004e-07,1.411748e-07,2.0692508e-06,84.8817516,45.7092462,2.85401357e-10,9.1963495,0.0012712656300000002,0.07793880210000001,3.01461257e-06,5.08814298e-07,0.00125175842,0.0762229457,3.01461257e-06,5.08814298e-07,0.0009137783470000001,0.04045539410000001,3.01461257e-06,5.08814298e-07,0.0012532518299999999,0.0764973947,3.01461257e-06,5.08814298e-07,2.455095100402832
355,1695001800,1.6123767699999997e-05,1.6123775700000003e-05,0.006077546519999999,-0.00831236251,0.0167117022,0.00320523119,0.00660352724,0.00514260412,1.1373568999999998e-06,1.016733e-05,3.04545458,10.6,1.20888385e-06,1.3503327300000002e-06,8.025996119999999e-07,5.56485589e-07,4.53589687e-07,3.6705827299999994e-07,2.97504779e-07,2.58258245e-07,5.78849075e-07,1.40505404e-07,2.0477998e-06,84.95179170000002,45.591086700000005,2.8495475100000004e-10,9.197189050000002,0.00126813036,0.0777091615,3.1970324600000005e-06,5.29918766e-07,0.00126775395,0.07790103540000001,3.1970324600000005e-06,5.29918766e-07,0.000913717574,0.041097162900000005,3.1970324600000005e-06,5.29918766e-07,0.0012276837500000003,0.07352389140000001,3.1970324600000005e-06,5.29918766e-07,2.455129861831665
355,1695002400,1.60807743e-05,1.6080776900000002e-05,-0.017611406681599998,0.0098783080623,0.016244589849999998,0.0031988926699999995,0.006559047180000001,0.00512068411,1.22116172e-06,1.059200585e-05,3.1888112200000003,10.9,1.15275304e-06,1.4251238200000001e-06,7.90711347e-07,5.55257024e-07,4.3450956800000007e-07,3.50792097e-07,3.03580128e-07,2.58713122e-07,5.89920345e-07,1.3785045899999998e-07,2.0411381800000003e-06,84.9753799,45.6010548,2.84869067e-10,9.193907800000002,0.00125654399,0.0767974615,2.82322314e-06,4.807593759999999e-07,0.0012664908000000002,0.0779597809,2.82322314e-06,4.807593759999999e-07,0.000867232898,0.037026107600000004,2.82322314e-06,4.807593759999999e-07,0.0012653825199999999,0.07868831639999999,2.82322314e-06,4.807593759999999e-07,2.4551244020462035
355,1695003000,1.61220388e-05,1.6122045e-05,-0.00965358982,-0.0172554694,0.016067296350000003,0.00320609656,0.0065822938499999996,0.005144828430000001,1.2087123e-06,1.0428803599999999e-05,3.08566441,11.0,1.18725899e-06,1.40018776e-06,7.813597389999999e-07,5.74369564e-07,4.43610935e-07,3.5870615400000004e-07,3.07637939e-07,2.52632041e-07,5.743453880000001e-07,1.40853376e-07,2.0400340800000003e-06,84.7943649,45.3876317,2.85867276e-10,9.194954000000001,0.00126202834,0.0775477026,2.70090468e-06,5.05709294e-07,0.0012628211500000002,0.0776638,2.70090468e-06,5.05709294e-07,0.0009086505240000001,0.0406321881,2.70090468e-06,5.05709294e-07,0.00125368714,0.0762402559,2.70090468e-06,5.05709294e-07,2.4551149129867555
355,1695003600,1.62524196e-05,1.6252425299999997e-05,-0.004632040350000001,-0.014916912830000004,0.0161119805,0.00321563774,0.00662311423,0.00517455532,1.202410543e-06,1.06466309e-05,3.30944065,11.8,1.21110857e-06,1.4292900600000002e-06,8.126075499999999e-07,5.579134350000001e-07,4.2746868100000004e-07,3.51378152e-07,3.07221327e-07,2.7106134999999997e-07,5.825503580000001e-07,1.37763082e-07,2.0378313299999997e-06,84.7701689,45.144779899999996,2.89105259e-10,9.193047550000001,0.00125220053,0.07614087159999999,3.0241118699999996e-06,5.395067980000002e-07,0.0012742884200000002,0.07884249039999999,3.0241118699999996e-06,5.395067980000002e-07,0.0008939820689999999,0.0399155613,3.0241118699999996e-06,5.395067980000002e-07,0.0012787035599999999,0.07926828500000001,3.0241118699999996e-06,5.395067980000002e-07,2.4551292181015016
355,1695004200,1.6179073000000002e-05,1.61790774e-05,0.0042385066,-0.001362735400000001,0.016653984900000002,0.0032094177599999996,0.006619157820000001,0.00514077883,1.1872642200000003e-06,1.0511739999999999e-05,3.1835664699999997,11.2,1.15729289e-06,1.42778883e-06,8.08687535e-07,5.563757739999999e-07,4.6036042199999997e-07,3.5426057300000006e-07,2.9537882799999997e-07,2.58116139e-07,5.956081510000001e-07,1.4073387000000003e-07,2.0349121100000003e-06,84.8141815,45.3529765,2.8734055700000004e-10,9.19390675,0.00126886218,0.0780023645,2.60884114e-06,4.840953539999999e-07,0.0012672006899999999,0.0783492888,2.60884114e-06,4.840953539999999e-07,0.0009014435699999998,0.039635597099999996,2.60884114e-06,4.840953539999999e-07,0.00125090866,0.076504728,2.60884114e-06,4.840953539999999e-07,2.455159330368042
355,1695004800,1.61737338e-05,1.6173738199999998e-05,0.007657875250000001,0.02263335571,0.0171677355,0.0032057279200000005,0.006610166169999999,0.00515534923,1.18054735e-06,1.0333463550000001e-05,3.2377622799999997,11.8,1.20747616e-06,1.3888355400000001e-06,7.779421609999999e-07,5.6239606e-07,4.33989183e-07,3.62328611e-07,3.07728406e-07,2.67969533e-07,5.95167179e-07,1.3675771199999997e-07,2.04625669e-06,84.86759399999998,45.4726266,2.86633128e-10,9.1956855,0.00125966005,0.07718170799999999,2.97567281e-06,5.302167630000001e-07,0.0012438767000000001,0.0758971937,2.97567281e-06,5.302167630000001e-07,0.0009050643660000002,0.040319906800000006,2.97567281e-06,5.302167630000001e-07,0.00126358946,0.0778034281,2.97567281e-06,5.302167630000001e-07,2.4551309823989866
355,1695005400,1.6242980299999997e-05,1.6242986899999996e-05,0.004634819310000001,-0.001322444500000001,0.016503120099999997,0.0032157846499999997,0.006630013970000001,0.00517272362,1.1618652500000002e-06,1.02819708e-05,3.19930073,12.2,1.22427632e-06,1.42283401e-06,7.886570930000001e-07,5.67392616e-07,4.2145432e-07,3.63336572e-07,3.13644842e-07,2.5974059899999997e-07,5.720615069999999e-07,1.39172847e-07,2.04887022e-06,84.9425084,45.32727379999999,2.88835039e-10,9.1950512,0.0012671574300000001,0.07765865880000002,3.1052450800000004e-06,5.18438687e-07,0.0012590055999999999,0.0778874404,3.1052450800000004e-06,5.18438687e-07,0.0009112199559999999,0.040736919499999996,3.1052450800000004e-06,5.18438687e-07,0.0012788991599999998,0.07874651900000001,3.1052450800000004e-06,5.18438687e-07,2.455167269706726
355,1695006000,1.6194505e-05,1.61945108e-05,-0.00603047385,0.016031712270000005,0.016277019999999996,0.00320672502,0.006636034279999999,0.00515871209,1.20437962e-06,1.117222875e-05,3.1888112499999997,13.0,1.1605152799999999e-06,1.41301131e-06,8.08684174e-07,5.69176498e-07,4.37100333e-07,3.5639916399999997e-07,3.05857306e-07,2.61466632e-07,5.847352950000001e-07,1.36834099e-07,2.06344678e-06,84.92682389999999,45.5727954,2.86947883e-10,9.1948545,0.00126443078,0.0774867599,3.16629257e-06,5.31403377e-07,0.00127129803,0.07876420799999999,3.16629257e-06,5.31403377e-07,0.0008875278430000001,0.0393587173,3.16629257e-06,5.31403377e-07,0.00124191764,0.0750059049,3.16629257e-06,5.31403377e-07,2.4551274299621584
355,1695006600,1.6107725499999998e-05,1.6107728799999998e-05,0.00800655106,-0.0090142299,0.016157017200000002,0.00320207486,0.006603915409999999,0.0051373758999999995,1.20335521e-06,1.0382670750000001e-05,3.19930071,12.4,1.12525558e-06,1.4398069300000001e-06,7.890186300000001e-07,5.63001463e-07,4.44649462e-07,3.60905798e-07,2.9767451000000005e-07,2.67729942e-07,5.805048680000001e-07,1.39490903e-07,2.04580931e-06,84.9514571,45.68853549999999,2.8405555599999994e-10,9.196671500000003,0.0012677896999999999,0.07727452920000001,2.9749901800000003e-06,5.058757859999999e-07,0.00127304297,0.07883328099999999,2.9749901800000003e-06,5.058757859999999e-07,0.0008731962919999999,0.0378583889,2.9749901800000003e-06,5.058757859999999e-07,0.00125428925,0.077130264,2.9749901800000003e-06,5.058757859999999e-07,2.455155849456787
355,1695007200,1.6446973899999997e-05,1.6446977000000004e-05,-0.004592538946,0.006328244700000001,0.017261836499999995,0.0032332305900000004,0.006680458209999999,0.00519789964,1.21895912e-06,1.08442955e-05,3.5279719999999997,11.8,1.2283113e-06,1.3809968699999999e-06,8.287848130000001e-07,5.75497684e-07,4.4842680000000004e-07,3.77990249e-07,3.0825726300000006e-07,2.66059739e-07,5.90730101e-07,1.40037503e-07,2.0783697600000003e-06,84.7445835,45.3469536,2.91922766e-10,9.194207400000002,0.00128212759,0.0800140612,2.8966274799999997e-06,5.151568360000001e-07,0.0012736619399999999,0.0785404689,2.8966274799999997e-06,5.151568360000001e-07,0.0009113756550000001,0.04058579450000001,2.8966274799999997e-06,5.151568360000001e-07,0.00125616165,0.0772264899,2.8966274799999997e-06,5.151568360000001e-07,2.455108308792114
355,1695007800,1.61982925e-05,1.6198295399999996e-05,-0.0037043308500000005,0.001988571519,0.0165798876,0.00320992243,0.006616492329999999,0.00515186176,1.17224904e-06,1.009375835e-05,3.284965090000001,9.8,1.13127464e-06,1.3846288699999997e-06,8.15256728e-07,5.88032172e-07,4.5048121599999996e-07,3.6380982500000003e-07,3.06662183e-07,2.6590360800000003e-07,5.852003819999999e-07,1.3627266400000002e-07,2.0715855699999997e-06,84.82072760000001,45.710425300000004,2.8590717500000003e-10,9.1957096,0.0012847050699999999,0.0798850249,2.9942627300000004e-06,4.74913653e-07,0.00126038976,0.0768578651,2.9942627300000004e-06,4.74913653e-07,0.000868699017,0.0373027565,2.9942627300000004e-06,4.74913653e-07,0.0012630528500000003,0.0774515558,2.9942627300000004e-06,4.74913653e-07,2.455133581161499
355,1695008400,1.61323904e-05,1.6132394000000002e-05,0.01482758667,-0.012947267200000001,0.016780609499999998,0.00320678115,0.00661114743,0.005155086540000001,1.1470411799999999e-06,1.053394775e-05,3.2167832599999997,11.4,1.1429512e-06,1.3831053299999998e-06,8.10503675e-07,5.82229256e-07,4.5413182999999997e-07,3.5977850500000004e-07,3.0313868799999995e-07,2.62669943e-07,5.88451411e-07,1.37377583e-07,2.04183125e-06,84.73352750000001,45.545283899999994,2.85544689e-10,9.194325100000002,0.00127812905,0.0793079221,2.3968458499999997e-06,4.5456281299999995e-07,0.0012704582200000001,0.0781238144,2.3968458499999997e-06,4.5456281299999995e-07,0.0008714089199999998,0.037351140000000005,2.3968458499999997e-06,4.5456281299999995e-07,0.0012575341999999999,0.0766260156,2.3968458499999997e-06,4.5456281299999995e-07,2.4551289081573486
355,1695009000,1.62127232e-05,1.62127258e-05,-0.009043897540000002,-0.0030466242500000002,0.0162818137,0.0032123908300000005,0.006607220830000001,0.0051645507,1.1889822500000002e-06,1.06182388e-05,3.25699307,11.4,1.1760192699999999e-06,1.43307792e-06,8.177088300000001e-07,5.59857489e-07,4.27217299e-07,3.5406605799999993e-07,3.0315346e-07,2.57093068e-07,5.91543509e-07,1.39677381e-07,2.04693269e-06,84.96831710000001,45.3979639,2.87918571e-10,9.1947041,0.0012569645300000002,0.07641887299999998,3.26756206e-06,5.480114269999999e-07,0.00127811126,0.0797145885,3.26756206e-06,5.480114269999999e-07,0.000904676831,0.0409965245,3.26756206e-06,5.480114269999999e-07,0.00125685002,0.0755740001,3.26756206e-06,5.480114269999999e-07,2.455153393745422
355,1695009600,1.61566949e-05,1.61567009e-05,-0.0010818760299999997,-0.0015839569999999998,0.016417185600000002,0.00320919431,0.0066085484600000004,0.005144818099999999,1.1637762500000002e-06,1.0144990750000002e-05,3.2989511,11.8,1.1671490100000001e-06,1.4218393e-06,7.91845234e-07,5.66022145e-07,4.3344952900000005e-07,3.48064492e-07,3.09876962e-07,2.6592773500000004e-07,5.87958108e-07,1.3911538999999997e-07,2.0470780800000004e-06,84.87768630000001,45.50085850000001,2.86553119e-10,9.194935700000002,0.00125741332,0.0765323816,2.73808881e-06,4.937780749999999e-07,0.0012718053499999999,0.0780992781,2.73808881e-06,4.937780749999999e-07,0.0009020340509999999,0.039595108799999994,2.73808881e-06,4.937780749999999e-07,0.00126047528,0.0773501738,2.73808881e-06,4.937780749999999e-07,2.455096960067749
355,1695010200,1.6071958399999996e-05,1.6071964099999998e-05,0.011140530239999998,0.04216952845000001,0.0171769273,0.0031969158000000005,0.0065821473399999995,0.00511927658,1.2645763999999999e-06,1.1547550299999999e-05,3.2062937400000004,12.1,1.1219127999999999e-06,1.3884499700000001e-06,7.85220111e-07,5.763188659999999e-07,4.3774243799999995e-07,3.7021169099999997e-07,2.96403874e-07,2.6747883599999997e-07,5.86281146e-07,1.37062472e-07,2.06884952e-06,84.987897,46.011712900000006,2.8249393200000005e-10,9.19749505,0.0012696059,0.07812517660000001,2.7712163199999997e-06,4.81433377e-07,0.00125109099,0.0763707091,2.7712163199999997e-06,4.81433377e-07,0.0008795505230000001,0.0379157937,2.7712163199999997e-06,4.81433377e-07,0.0012372116,0.0752568025,2.7712163199999997e-06,4.81433377e-07,2.4551639556884766
355,1695010800,1.62705008e-05,1.62705039e-05,0.0009891139400000008,-0.017145901917000002,0.0167995136,0.00322094639,0.006637185370000001,0.0051733564699999995,1.18981458e-06,1.044061845e-05,3.26223783,11.6,1.1986194000000001e-06,1.42965859e-06,8.11425644e-07,5.760155710000001e-07,4.26124018e-07,3.6484319399999997e-07,2.92064963e-07,2.59373435e-07,5.861003089999999e-07,1.37252839e-07,2.05372494e-06,84.89632149999998,45.304298900000006,2.8965539400000003e-10,9.192855900000001,0.00127126457,0.0783369339,2.6333771800000003e-06,4.83880376e-07,0.00126917317,0.0782796288,2.6333771800000003e-06,4.83880376e-07,0.000884709612,0.038265146099999994,2.6333771800000003e-06,4.83880376e-07,0.00127838978,0.07977682020000001,2.6333771800000003e-06,4.83880376e-07,2.4551289796829225
355,1695011400,1.61284011e-05,1.6128409800000004e-05,0.01035999313,-0.011101109209999998,0.0160269306,0.00320683755,0.0066090668399999995,0.00514826481,1.18175554e-06,1.06755567e-05,3.1276224299999997,12.0,1.17217661e-06,1.3914498399999999e-06,8.277082809999999e-07,5.48549986e-07,4.34953362e-07,3.5902894100000003e-07,2.94206812e-07,2.56371786e-07,5.747097780000001e-07,1.37216218e-07,2.06781791e-06,84.9214049,45.601043600000004,2.8540126399999997e-10,9.196007100000001,0.0012564081,0.0758389289,2.5973104799999996e-06,5.010511120000001e-07,0.0012866046399999998,0.080187193,2.5973104799999996e-06,5.010511120000001e-07,0.0008937646740000001,0.0393823316,2.5973104799999996e-06,5.010511120000001e-07,0.00124390026,0.0746732829,2.5973104799999996e-06,5.010511120000001e-07,2.4551026582717896
355,1695012000,1.63113554e-05,1.63113596e-05,-0.00709009738,0.025729189549999996,0.0167416495,0.0032196124200000002,0.006618792239999999,0.005169368420000001,1.1744452799999999e-06,1.090654845e-05,3.34440565,11.1,1.18155549e-06,1.3907336e-06,8.27656871e-07,5.487996499999999e-07,4.29567443e-07,3.6177657199999995e-07,3.1693653e-07,2.6703479999999997e-07,5.829286539999999e-07,1.39031359e-07,2.10962936e-06,84.9707906,45.8581686,2.88154014e-10,9.1955129,0.0012596752900000002,0.07718929249999999,3.07860586e-06,5.1416945e-07,0.00127368971,0.07866218750000001,3.07860586e-06,5.1416945e-07,0.0008885850300000001,0.0389832844,3.07860586e-06,5.1416945e-07,0.00125912103,0.076239442,3.07860586e-06,5.1416945e-07,2.4551724672317503
355,1695012600,1.6255552499999997e-05,1.62555568e-05,-0.002866699729999999,-0.016155477070000004,0.015815292749999998,0.0032178718200000004,0.00662550003,0.00516444883,1.1733525400000003e-06,1.0135062899999998e-05,3.28671334,10.8,1.20253615e-06,1.42408849e-06,7.959853010000001e-07,5.582933829999999e-07,4.3296315500000004e-07,3.5749715700000003e-07,3.0776333600000003e-07,2.6391383800000004e-07,5.874238209999999e-07,1.3915700400000002e-07,2.05811629e-06,84.86113420000001,45.3749779,2.8904660499999997e-10,9.19263285,0.00125939805,0.07701003199999999,2.82924216e-06,5.04938318e-07,0.0012783541700000002,0.079343898,2.82924216e-06,5.04938318e-07,0.00090392531,0.040213139,2.82924216e-06,5.04938318e-07,0.0012550663099999998,0.076633746,2.82924216e-06,5.04938318e-07,2.4551441192626955
355,1695013200,1.62264565e-05,1.62264598e-05,0.012610185147,0.002796666160000001,0.0169877168,0.0032137754400000003,0.00664960971,0.00517321062,1.18357963e-06,1.0170858500000001e-05,3.33566438,13.1,1.22134745e-06,1.3894407299999997e-06,8.20395661e-07,5.602269859999999e-07,4.51147754e-07,3.59406041e-07,2.9625841200000004e-07,2.5682791799999997e-07,5.85374689e-07,1.35716301e-07,2.0370521000000007e-06,84.804715,45.157876200000004,2.88977416e-10,9.19301235,0.0012663909500000002,0.0774462101,2.7790316799999997e-06,4.95004748e-07,0.00129028281,0.08043359990000001,2.7790316799999997e-06,4.95004748e-07,0.0009140555720000001,0.0407258645,2.7790316799999997e-06,4.95004748e-07,0.0012477719199999997,0.07576272710000001,2.7790316799999997e-06,4.95004748e-07,2.4551196813583376
355,1695013800,1.61987162e-05,1.6198720099999998e-05,-0.0003465433500000001,0.00738082421,0.016430398500000002,0.00321204979,0.006618176700000001,0.00515059296,1.19240449e-06,1.0490815650000001e-05,3.2045455300000008,10.5,1.1646112000000002e-06,1.40756796e-06,8.125299820000002e-07,5.781455230000001e-07,4.2906365800000004e-07,3.75999857e-07,3.0892788799999996e-07,2.49793922e-07,5.82689577e-07,1.35709675e-07,2.0542854199999996e-06,84.86451439999999,45.4940302,2.86948387e-10,9.1951526,0.00127326881,0.0786970459,2.6233318500000005e-06,4.66629884e-07,0.0012747148600000002,0.07892036760000001,2.6233318500000005e-06,4.66629884e-07,0.000884806783,0.037937824599999996,2.6233318500000005e-06,4.66629884e-07,0.00125479696,0.0768857781,2.6233318500000005e-06,4.66629884e-07,2.4551450967788697
355,1695014400,1.62351489e-05,1.6235153699999996e-05,0.00010427348650000014,0.0203325448,0.0163661943,0.0032106271699999995,0.006626879550000001,0.005146723550000001,1.24100553e-06,1.056548735e-05,3.2727273400000003,11.2,1.19077283e-06,1.3774258700000002e-06,8.23565528e-07,5.57775324e-07,4.422183999999999e-07,3.66367811e-07,3.0433072899999997e-07,2.7124745e-07,5.86985534e-07,1.37605385e-07,2.0592320200000002e-06,84.8663405,45.4953561,2.87318921e-10,9.194983,0.00126558037,0.077605124,3.04298325e-06,5.344639299999999e-07,0.00126974298,0.07811706,3.04298325e-06,5.344639299999999e-07,0.000893919037,0.039452360000000006,3.04298325e-06,5.344639299999999e-07,0.0012542831100000001,0.0768016904,3.04298325e-06,5.344639299999999e-07,2.4551294803619386
355,1695015000,1.6372648000000004e-05,1.63726517e-05,-0.0014068358399999996,-0.00414438815,0.016449777500000002,0.0032298592699999996,0.00665575436,0.005185054980000001,1.20047221e-06,1.05151359e-05,3.35314695,12.0,1.24148064e-06,1.4184797000000001e-06,8.07961891e-07,5.920093509999999e-07,4.33332684e-07,3.64321858e-07,3.0051910199999997e-07,2.6437420500000004e-07,5.79947825e-07,1.40206616e-07,2.0436617399999997e-06,84.66771309999999,44.982086200000005,2.92445432e-10,9.19069055,0.0012623215300000001,0.07745378950000001,2.83308114e-06,5.12959784e-07,0.00127793938,0.07920853850000001,2.83308114e-06,5.12959784e-07,0.0009287973300000001,0.041896800299999995,2.83308114e-06,5.12959784e-07,0.00127526972,0.0789102574,2.83308114e-06,5.12959784e-07,2.4551608562469482
355,1695015600,1.60054943e-05,1.6005498000000002e-05,-0.0025613357399999997,-0.0184659983,0.016229400499999998,0.00319375105,0.00658931108,0.00512124655,1.13827302e-06,9.887083799999999e-06,2.9772727700000003,9.7,1.16495378e-06,1.3562522300000002e-06,7.958770050000001e-07,5.52057922e-07,4.3825512799999996e-07,3.6413744099999996e-07,3.06986193e-07,2.62243809e-07,5.765988919999999e-07,1.36571675e-07,2.0487524599999997e-06,85.0144618,45.805393499999994,2.8245836e-10,9.19573155,0.00125967775,0.0769053176,2.6297343099999997e-06,4.75909344e-07,0.00127167784,0.07752592900000001,2.6297343099999997e-06,4.75909344e-07,0.000893967123,0.0389515054,2.6297343099999997e-06,4.75909344e-07,0.00122876612,0.07380996,2.6297343099999997e-06,4.75909344e-07,2.455141377449036
355,1695016200,1.6151136699999998e-05,1.615114e-05,0.005368365259999999,-0.010422624399999997,0.016159456100000004,0.00320672298,0.00663564443,0.005150260089999999,1.2245838199999999e-06,1.09722e-05,3.0559440900000006,10.7,1.19816362e-06,1.3559669799999999e-06,8.113974319999999e-07,5.59786401e-07,4.293047599999999e-07,3.67364148e-07,3.0423561e-07,2.6826470399999996e-07,5.910400860000001e-07,1.41906026e-07,2.04811056e-06,84.92384059999999,45.668052599999996,2.8528690100000004e-10,9.196499200000002,0.00125663019,0.0768527709,3.0128093899999997e-06,5.202129399999999e-07,0.0012814298100000002,0.0795478248,3.0128093899999997e-06,5.202129399999999e-07,0.0008928006670000001,0.039834702099999994,3.0128093899999997e-06,5.202129399999999e-07,0.0012430775400000002,0.0744895915,3.0128093899999997e-06,5.202129399999999e-07,2.455114150047302
355,1695016800,1.6197479199999998e-05,1.619748e-05,0.00029959324999999967,-0.00972577212,0.016290018599999997,0.00321264909,0.00662769293,0.005166438149999999,1.2045217400000002e-06,1.077714575e-05,3.1451049500000003,11.5,1.19794139e-06,1.3782087199999999e-06,8.03345032e-07,5.76079335e-07,4.26194646e-07,3.5528765599999997e-07,2.90595437e-07,2.6398916699999997e-07,5.826589619999999e-07,1.41580988e-07,2.08282489e-06,85.1398244,45.8137001,2.8594758899999995e-10,9.1975053,0.00125685731,0.07655904630000002,2.46853376e-06,5.06355145e-07,0.0012728490000000002,0.07839199150000001,2.46853376e-06,5.06355145e-07,0.0008959277240000001,0.040201478400000004,2.46853376e-06,5.06355145e-07,0.0012482105399999998,0.0759213943,2.46853376e-06,5.06355145e-07,2.455157423019409
355,1695017400,1.6216466200000003e-05,1.62164668e-05,-0.0034121781899999993,-0.0278014838,0.0159304511,0.0032146118000000003,0.00662895308,0.0051699666900000005,1.16164257e-06,1.0554253500000001e-05,3.29545466,11.3,1.1778268e-06,1.3856971299999999e-06,8.12107232e-07,5.63658733e-07,4.4435781199999994e-07,3.58605281e-07,3.07291109e-07,2.68617803e-07,5.89292979e-07,1.4000943e-07,2.06068379e-06,84.90000990000001,45.5958934,2.87311577e-10,9.194022200000001,0.00126514359,0.0773855724,2.61707108e-06,4.94132639e-07,0.00126900297,0.07766428700000001,2.61707108e-06,4.94132639e-07,0.0008957618910000001,0.039447461499999996,2.61707108e-06,4.94132639e-07,0.0012628079200000001,0.0772263198,2.61707108e-06,4.94132639e-07,2.4551567792892457
355,1695018000,1.63081292e-05,1.63081343e-05,0.000691603195,0.017084371740000003,0.016464469199999998,0.0032189143300000002,0.0066489368100000005,0.005168310850000001,1.2001119e-06,1.04373178e-05,3.26748257,11.2,1.1891587000000003e-06,1.45775622e-06,8.018544459999998e-07,5.63048772e-07,4.3852476100000005e-07,3.65661981e-07,2.96891839e-07,2.5957637700000004e-07,5.883997170000001e-07,1.37123992e-07,2.0560118300000002e-06,84.70753500000001,45.187667399999995,2.9058028699999996e-10,9.192540150000001,0.00125346509,0.0761977025,2.9611553499999997e-06,5.313101920000001e-07,0.0012793556600000002,0.079933582,2.9611553499999997e-06,5.313101920000001e-07,0.0009134656219999999,0.041137019899999995,2.9611553499999997e-06,5.313101920000001e-07,0.00126246174,0.0774076336,2.9611553499999997e-06,5.313101920000001e-07,2.4551382064819336
355,1695018600,1.61691934e-05,1.61692e-05,0.0041970613300000015,0.0009424140599999999,0.0165404449,0.00320778528,0.00661863891,0.0051569829600000006,1.1860032899999998e-06,1.0331385800000001e-05,3.16958045,10.4,1.1757766599999999e-06,1.41983677e-06,8.098078689999999e-07,5.478157839999999e-07,4.2302316400000003e-07,3.5732969e-07,3.016093190000001e-07,2.68206485e-07,5.87195159e-07,1.39030412e-07,2.05494487e-06,84.8177821,45.485296700000006,2.8626747100000003e-10,9.19573665,0.0012491444300000002,0.07585108039999999,3.0543450899999996e-06,4.885643219999999e-07,0.00128097505,0.0791799391,3.0543450899999996e-06,4.885643219999999e-07,0.0008654659049999999,0.03707505309999999,3.0543450899999996e-06,4.885643219999999e-07,0.0012804922099999999,0.07926702100000001,3.0543450899999996e-06,4.885643219999999e-07,2.4551185846328734
355,1695019200,1.62688899e-05,1.62688938e-05,0.0005233066999999996,0.005639491995,0.0168732067,0.0032182076999999996,0.0066393480200000006,0.00516778406,1.19886432e-06,1.04476887e-05,3.33741264,10.8,1.18167068e-06,1.4380223e-06,8.093763789999999e-07,5.59412009e-07,4.47477836e-07,3.63072863e-07,3.00495979e-07,2.61282225e-07,5.834450209999999e-07,1.35995405e-07,2.0541675499999996e-06,84.7771656,45.278881,2.89500165e-10,9.1930889,0.00126035006,0.0770642582,2.70695038e-06,5.027364530000001e-07,0.0012894433800000001,0.0807978306,2.70695038e-06,5.027364530000001e-07,0.000898516878,0.0396495829,2.70695038e-06,5.027364530000001e-07,0.0012537400000000001,0.0764979989,2.70695038e-06,5.027364530000001e-07,2.4551016330718993
355,1695019800,1.6143974000000002e-05,1.61439781e-05,-0.0073050728199999995,0.0117738516,0.0162257026,0.00320346377,0.006591757419999999,0.00513790824,1.2146801199999999e-06,1.0769141350000003e-05,3.3094406500000004,11.6,1.1799760600000001e-06,1.3920609999999997e-06,8.31396691e-07,5.47352288e-07,4.3755991199999995e-07,3.6416826e-07,2.94987597e-07,2.5640318599999996e-07,5.789368100000001e-07,1.39408826e-07,2.04970527e-06,84.9863683,45.5051649,2.86735222e-10,9.1945427,0.00125693367,0.07623397660000002,3.16170274e-06,5.131798819999999e-07,0.00128074958,0.08002356099999999,3.16170274e-06,5.131798819999999e-07,0.0008751990670000001,0.038494794900000004,3.16170274e-06,5.131798819999999e-07,0.0012537809700000004,0.07680809050000001,3.16170274e-06,5.131798819999999e-07,2.4551491498947144
355,1695020400,1.6260879e-05,1.62608835e-05,0.002067378550000001,0.01039152011,0.016003895900000002,0.0032182648100000004,0.006620325120000001,0.00515452562,1.1937732299999998e-06,1.04464376e-05,3.2307692799999996,12.3,1.2061879600000001e-06,1.4326438e-06,8.11764906e-07,5.57636274e-07,4.35467243e-07,3.5641073599999997e-07,2.97883376e-07,2.6421646899999997e-07,5.7774163e-07,1.40012175e-07,2.05044474e-06,84.7553675,45.199664500000004,2.8906797899999997e-10,9.194466499999999,0.0012589192099999999,0.07643821249999998,3.20244918e-06,5.34168995e-07,0.00127967579,0.079080726,3.20244918e-06,5.34168995e-07,0.000890842832,0.0393544099,3.20244918e-06,5.34168995e-07,0.00128729504,0.07991146390000001,3.20244918e-06,5.34168995e-07,2.455069160461426
355,1695021000,1.6177233900000003e-05,1.6177238400000002e-05,-0.007164787889999999,-0.004599593440000001,0.016577993899999997,0.0032094378800000003,0.0066150075599999995,0.005147854110000001,1.21287742e-06,1.08271278e-05,3.05594413,11.4,1.18474119e-06,1.38854434e-06,8.13774565e-07,5.644738530000001e-07,4.21856765e-07,3.5615918300000003e-07,3.02166724e-07,2.64445327e-07,5.87779755e-07,1.38961246e-07,2.06567753e-06,84.97417190000002,45.702276,2.8585169e-10,9.1960262,0.0012616981500000002,0.0770053704,2.70747044e-06,4.6423824399999996e-07,0.00126887982,0.078313749,2.70747044e-06,4.6423824399999996e-07,0.000885246087,0.038398315599999996,2.70747044e-06,4.6423824399999996e-07,0.00126656686,0.0782464706,2.70747044e-06,4.6423824399999996e-07,2.4551151990890503
355,1695021600,1.61232055e-05,1.61232103e-05,0.00779544732,0.009132101010000001,0.0168365023,0.00320403223,0.0066041964799999995,0.00515811429,1.1864192299999999e-06,1.038586235e-05,3.2884616,12.2,1.1285697300000002e-06,1.40293846e-06,8.02276953e-07,5.548361679999999e-07,4.52454112e-07,3.5962750400000005e-07,3.0701886100000006e-07,2.6448621200000003e-07,5.89727748e-07,1.3827514e-07,2.06132869e-06,84.9381626,45.813794400000006,2.84040532e-10,9.196511600000001,0.00126457043,0.0776008786,2.85121074e-06,4.81769979e-07,0.0012638675599999998,0.0775936926,2.85121074e-06,4.81769979e-07,0.0008593110439999999,0.0367418335,2.85121074e-06,4.81769979e-07,0.00125079674,0.07623739449999999,2.85121074e-06,4.81769979e-07,2.45511474609375
355,1695022200,1.6542580999999998e-05,1.6542584299999997e-05,-0.01056058098,0.030497459449999997,0.017152389250000004,0.0032428719100000003,0.00665523965,0.005189868029999999,1.22863075e-06,1.0577243250000001e-05,3.57167835,12.6,1.15076028e-06,1.43552194e-06,8.02864003e-07,5.67677893e-07,4.3307028199999996e-07,3.4682591600000005e-07,3.05510043e-07,2.6965988e-07,6.28667998e-07,1.4724479200000003e-07,2.18346566e-06,85.184454,46.4969749,2.8945941e-10,9.199791999999999,0.00125449837,0.0769070575,2.98915789e-06,4.877531869999999e-07,0.0012785284900000001,0.08032156809999999,2.98915789e-06,4.877531869999999e-07,0.0008541912489999999,0.036561149200000004,2.98915789e-06,4.877531869999999e-07,0.0012609155899999999,0.07822063230000001,2.98915789e-06,4.877531869999999e-07,2.455084037780762
355,1695022800,1.65265597e-05,1.6526566200000002e-05,0.003239360131,0.019502472439999998,0.018522364,0.00323986128,0.006692310160000001,0.00518851462,1.19998389e-06,1.083930285e-05,3.5419581,11.1,1.15229596e-06,1.3822710699999998e-06,8.110749970000001e-07,5.67977629e-07,4.38949624e-07,3.59640646e-07,2.96468957e-07,2.7611782300000006e-07,6.27374747e-07,1.46562295e-07,2.2045116899999997e-06,85.3164459,46.80762839999999,2.8817699699999997e-10,9.200643500000002,0.00126713589,0.0778348415,2.89305073e-06,5.06285992e-07,0.0012769316700000002,0.078710324,2.89305073e-06,5.06285992e-07,0.0008951693489999999,0.039482460999999996,2.89305073e-06,5.06285992e-07,0.00122559424,0.07366954199999999,2.89305073e-06,5.06285992e-07,2.4551166772842405
355,1695023400,1.62074361e-05,1.6207441200000002e-05,-0.007721387959999999,0.0077148750299999985,0.0166091267,0.0032111155199999997,0.00659739691,0.00515192537,1.1991062e-06,1.0633316850000001e-05,3.23251754,12.0,1.15775185e-06,1.42147038e-06,8.058129870000001e-07,5.541914259999999e-07,4.3051201299999995e-07,3.62220142e-07,2.9391003199999997e-07,2.69708905e-07,5.94324012e-07,1.4378089099999998e-07,2.0699841199999997e-06,85.0498105,45.8165453,2.85894055e-10,9.197303899999998,0.0012564756199999999,0.0765035719,2.69473742e-06,4.912472799999999e-07,0.00128580528,0.080177843,2.69473742e-06,4.912472799999999e-07,0.0008928409139999999,0.0394203697,2.69473742e-06,4.912472799999999e-07,0.0012433504899999998,0.0756505935,2.69473742e-06,4.912472799999999e-07,2.455108094215393
355,1695024000,1.6237413400000003e-05,1.62374191e-05,0.0066823049600000005,0.16218285007000002,0.0186754626,0.0032078704,0.00663740235,0.005147368670000001,1.4724549400000001e-06,1.42003582e-05,3.3164335900000004,14.9,1.11055166e-06,1.3869875900000001e-06,8.00576913e-07,5.75610788e-07,4.3674229100000003e-07,3.46976936e-07,3.0139034e-07,2.6898049100000005e-07,5.95455949e-07,1.4235025200000001e-07,2.15305745e-06,85.1236841,46.555032999999995,2.8310539800000006e-10,9.200650399999999,0.00126510298,0.07761650049999999,2.49730974e-06,4.72358134e-07,0.00127361738,0.07904683700000001,2.49730974e-06,4.72358134e-07,0.0008680228489999998,0.037208785400000007,2.49730974e-06,4.72358134e-07,0.0012257324399999998,0.0735033695,2.49730974e-06,4.72358134e-07,2.455098795890808
355,1695024600,1.6188044999999998e-05,1.6188050799999998e-05,-0.00477016548,-0.0122656971,0.0160062998,0.00321067846,0.006594154150000001,0.005140816669999999,1.20216436e-06,1.06784205e-05,3.265734320000001,11.5,1.18480881e-06,1.3767105300000002e-06,8.02195379e-07,5.64421694e-07,4.43624121e-07,3.62355455e-07,3.05293372e-07,2.5877648200000004e-07,5.91926804e-07,1.3822141400000002e-07,2.0656591599999996e-06,84.9082822,45.702196300000004,2.8617602100000004e-10,9.1964851,0.0012636953900000002,0.0778016631,3.14427465e-06,5.251913330000001e-07,0.00126243384,0.0775303756,3.14427465e-06,5.251913330000001e-07,0.000880625839,0.0385619748,3.14427465e-06,5.251913330000001e-07,0.0012681322200000001,0.0771648177,3.14427465e-06,5.251913330000001e-07,2.455117440223694
355,1695025200,1.6264231599999997e-05,1.6264234e-05,-0.00783327196,0.0042333909500000015,0.0165257352,0.0032176655699999992,0.00662169425,0.00517126379,1.22290488e-06,1.0999359799999999e-05,3.4807692500000003,10.6,1.2076285500000001e-06,1.4040667999999999e-06,8.18145317e-07,5.565478080000001e-07,4.24824444e-07,3.59722154e-07,2.99489384e-07,2.6509474799999997e-07,5.88395021e-07,1.40150409e-07,2.06804034e-06,84.904919,45.481271,2.8871439300000003e-10,9.194244099999999,0.00125498378,0.0762586018,2.8526560300000006e-06,5.02523986e-07,0.0012699713,0.078017647,2.8526560300000006e-06,5.02523986e-07,0.0008950809910000001,0.039584799500000004,2.8526560300000006e-06,5.02523986e-07,0.00127674321,0.07936821620000001,2.8526560300000006e-06,5.02523986e-07,2.455122447013855
355,1695025800,1.6290993199999998e-05,1.62909977e-05,0.0003189441939999996,-0.010110725479999999,0.016305491800000006,0.00322169286,0.006634300950000001,0.0051698697099999994,1.19252976e-06,1.05218783e-05,3.34265738,9.7,1.15502541e-06,1.4327857499999998e-06,7.884596350000001e-07,5.78622168e-07,4.3078684899999996e-07,3.66922946e-07,3.08547225e-07,2.7570542100000004e-07,5.92251636e-07,1.3913564000000003e-07,2.07721678e-06,84.7291232,45.626661,2.87844361e-10,9.19433765,0.0012743002,0.0787724649,2.81067191e-06,4.94680473e-07,0.00128049007,0.07899809780000001,2.81067191e-06,4.94680473e-07,0.000879960453,0.0383282651,2.81067191e-06,4.94680473e-07,0.0012513911799999998,0.07652080349999998,2.81067191e-06,4.94680473e-07,2.45514452457428
355,1695026400,1.60526896e-05,1.60526926e-05,0.0006475578000000003,-0.0027329425999999997,0.015715667200000002,0.00319453694,0.00660208757,0.0051372299,1.20233328e-06,1.06506693e-05,3.19405596,12.4,1.1734584299999998e-06,1.3782740699999997e-06,7.815554259999999e-07,5.445624110000001e-07,4.3755573599999995e-07,3.55170172e-07,3.01393832e-07,2.61211751e-07,5.93405297e-07,1.3576946399999997e-07,2.0639049799999997e-06,85.061147,45.8919702,2.8279929100000003e-10,9.1979896,0.0012494710399999999,0.07566179699999999,2.70735518e-06,4.79424997e-07,0.0012477164799999999,0.07606727929999998,2.70735518e-06,4.79424997e-07,0.000888625576,0.038554961400000004,2.70735518e-06,4.79424997e-07,0.00125748852,0.0768090377,2.70735518e-06,4.79424997e-07,2.4551664113998415
355,1695027000,1.60250671e-05,1.6025070800000004e-05,-0.00565068982,-0.00224084711,0.016840068399999998,0.00319487214,0.0065543119,0.005122607990000002,1.1470963499999999e-06,1.02494433e-05,3.1748252399999997,12.0,1.14986516e-06,1.39523281e-06,7.786609849999999e-07,5.67870157e-07,4.318213540000001e-07,3.56182388e-07,3.06007999e-07,2.58082876e-07,5.80120132e-07,1.38194841e-07,2.0504688099999994e-06,85.0607883,45.814316500000004,2.8250612700000003e-10,9.1975078,0.00125761793,0.0765163646,3.0316449999999997e-06,5.16415152e-07,0.00126013366,0.0767746965,3.0316449999999997e-06,5.16415152e-07,0.000886870153,0.039345418699999996,3.0316449999999997e-06,5.16415152e-07,0.00124503438,0.07550969060000001,3.0316449999999997e-06,5.16415152e-07,2.4551389694213865
355,1695027600,1.61263257e-05,1.61263291e-05,0.004018784039999999,-0.0008703511500000004,0.01617887205,0.00320379324,0.00662518183,0.00514374345,1.1982432900000001e-06,1.051673435e-05,3.1066434199999997,10.8,1.19670302e-06,1.3728931799999998e-06,8.02395076e-07,5.68528636e-07,4.23607016e-07,3.57921222e-07,3.0547734300000006e-07,2.6338664199999997e-07,5.856578589999999e-07,1.3844441300000003e-07,2.0481248100000003e-06,85.03147899999999,45.59791799999999,2.8559037299999997e-10,9.196404900000001,0.00126050296,0.07737547859999999,2.7722552599999996e-06,5.1147335e-07,0.0012704172500000001,0.07788282690000001,2.7722552599999996e-06,5.1147335e-07,0.000915364065,0.0410588618,2.7722552599999996e-06,5.1147335e-07,0.0012373441900000001,0.0744143644,2.7722552599999996e-06,5.1147335e-07,2.4551178455352782
355,1695028200,1.61680323e-05,1.61680348e-05,-0.0017752662899999994,-0.0014471974200000013,0.0165258535,0.0032080613,0.00659331581,0.0051480673300000005,1.2127760900000001e-06,1.0638029500000001e-05,3.34615392,11.8,1.18304625e-06,1.3984706999999998e-06,8.011502229999999e-07,5.594758570000001e-07,4.3147789700000004e-07,3.57841215e-07,3.10088652e-07,2.59881365e-07,5.90778004e-07,1.4072307500000002e-07,2.0510127200000003e-06,84.95555200000001,45.600289499999995,2.86112625e-10,9.195885049999998,0.0012598725800000003,0.07716314349999999,2.4747784e-06,4.7094938600000007e-07,0.00126584891,0.0781861394,2.4747784e-06,4.7094938600000007e-07,0.000891201199,0.0383216019,2.4747784e-06,4.7094938600000007e-07,0.00125684752,0.07688708640000001,2.4747784e-06,4.7094938600000007e-07,2.455095887184143
355,1695028800,1.6281490499999997e-05,1.6281495299999998e-05,0.00567531846,-0.007369354629999998,0.0166862938,0.0032204841399999995,0.00665290543,0.005174679420000001,1.196383314e-06,1.02568956e-05,3.2412587999999998,12.6,1.20135972e-06,1.40752946e-06,7.865899050000001e-07,5.734360210000001e-07,4.59586914e-07,3.66051459e-07,3.06697487e-07,2.6601453100000006e-07,5.800539349999999e-07,1.41172466e-07,2.0522325299999996e-06,84.65032449999998,45.30438600000001,2.89005644e-10,9.1934142,0.00127672691,0.0787133929,3.0990309200000002e-06,5.347794589999999e-07,0.00126439992,0.0774705876,3.0990309200000002e-06,5.347794589999999e-07,0.0009099138350000001,0.040890553700000005,3.0990309200000002e-06,5.347794589999999e-07,0.0012559898500000002,0.07734540120000001,3.0990309200000002e-06,5.347794589999999e-07,2.455146813392639
355,1695029400,1.6070272900000002e-05,1.6070276000000002e-05,-0.006832684739999999,0.02020155916,0.0161378322,0.00319393854,0.006595301709999999,0.00513822291,1.14340741e-06,9.8897479e-06,3.3356644200000005,11.9,1.11232938e-06,1.43850486e-06,7.995490170000002e-07,5.514626799999999e-07,4.46242186e-07,3.58218485e-07,2.9643482000000003e-07,2.61273539e-07,5.820009409999999e-07,1.37522127e-07,2.05158368e-06,84.9287114,45.685342799999994,2.8420644099999995e-10,9.19533365,0.00126899246,0.0781715256,2.7860870699999994e-06,4.86726384e-07,0.00126158953,0.07698817129999999,2.7860870699999994e-06,4.86726384e-07,0.00086423478,0.0370309256,2.7860870699999994e-06,4.86726384e-07,0.00126453435,0.07807672700000001,2.7860870699999994e-06,4.86726384e-07,2.4551278829574583
355,1695030000,1.6183730599999997e-05,1.61837347e-05,0.0022193932999999993,0.00983942128,0.016258475400000003,0.00320690874,0.006631919379999999,0.0051538947500000005,1.17417277e-06,1.0275374099999999e-05,3.3164336200000006,10.5,1.2088765499999998e-06,1.4115953e-06,8.076674659999999e-07,5.60623289e-07,4.1767277900000003e-07,3.57575289e-07,3.02966817e-07,2.6016345199999994e-07,5.91750241e-07,1.3943829899999998e-07,2.03352024e-06,84.87694769999999,45.3119171,2.87424573e-10,9.1937219,0.0012477568399999997,0.0754001834,3.0053562899999997e-06,5.384333500000001e-07,0.0012754561600000001,0.0794666141,3.0053562899999997e-06,5.384333500000001e-07,0.00092504953,0.042298846900000006,3.0053562899999997e-06,5.384333500000001e-07,0.00125976259,0.0766424436,3.0053562899999997e-06,5.384333500000001e-07,2.4551289081573486
355,1695030600,1.6203035900000004e-05,1.62030394e-05,-0.00871568013,-0.0035399736999999986,0.0168245397,0.00321394529,0.006583270069999999,0.00515505671,1.1831498150000001e-06,1.0709436700000001e-05,3.2727273400000003,13.0,1.181372164e-06,1.41972422e-06,7.949482889999999e-07,5.554757609999999e-07,4.3638504400000003e-07,3.67615933e-07,2.9605604900000003e-07,2.66730136e-07,5.84510004e-07,1.40561665e-07,2.0581308200000002e-06,84.92577800000001,45.6079907,2.8635941799999994e-10,9.195977199999998,0.00126164574,0.077240982,2.99956822e-06,5.228748960000001e-07,0.00127593958,0.07829125620000002,2.99956822e-06,5.228748960000001e-07,0.000902048091,0.040350917,2.99956822e-06,5.228748960000001e-07,0.0012515155,0.07631047560000001,2.99956822e-06,5.228748960000001e-07,2.455174136161804
355,1695031200,1.6171911399999997e-05,1.61719155e-05,-0.0026082415199999995,-0.0028287063100000003,0.0169590843,0.003209178,0.00662289448,0.00514777259,1.1770287499999998e-06,1.0489106299999999e-05,3.2832168499999996,11.3,1.1910394799999998e-06,1.37046256e-06,7.984151630000001e-07,5.7247823e-07,4.35401492e-07,3.56738372e-07,3.1345722699999995e-07,2.6401914299999997e-07,5.85055635e-07,1.3916811499999999e-07,2.05968949e-06,84.86623390000001,45.629320500000006,2.8561175000000005e-10,9.1958594,0.0012607419999999998,0.0767139246,2.8356944099999996e-06,4.849534500000001e-07,0.0012673446299999998,0.0778315841,2.8356944099999996e-06,4.849534500000001e-07,0.0008936405810000001,0.03913389769999999,2.8356944099999996e-06,4.849534500000001e-07,0.00124825691,0.0764293034,2.8356944099999996e-06,4.849534500000001e-07,2.455158305168152
355,1695031800,1.6100547900000002e-05,1.61005532e-05,-0.01251766245,9.023997400000039e-05,0.0167184563,0.00320146652,0.0065798921800000005,0.0051346531800000005,1.1290347500000002e-06,9.78178115e-06,3.0052448,10.3,1.16631963e-06,1.3859210399999998e-06,7.946890010000001e-07,5.622232739999999e-07,4.4875277100000004e-07,3.40609089e-07,3.0478091e-07,2.73582062e-07,5.82035968e-07,1.40085092e-07,2.05125063e-06,84.94852409999999,45.7270588,2.8432896199999995e-10,9.195631799999997,0.00126464351,0.07731014630000001,2.78194808e-06,4.9475745e-07,0.00127543516,0.0784623421,2.78194808e-06,4.9475745e-07,0.0008806026739999999,0.038215546700000005,2.78194808e-06,4.9475745e-07,0.00124682679,0.07579030830000001,2.78194808e-06,4.9475745e-07,2.4551361799240112
355,1695032400,1.61957138e-05,1.6195717100000003e-05,0.0033078936739999996,-0.005063012310000002,0.0163650712,0.00321220152,0.00659984431,0.00515967248,1.1586687100000002e-06,1.0520894800000001e-05,3.1958042499999997,11.1,1.15415932e-06,1.42905431e-06,8.100379839999999e-07,5.76666804e-07,4.3125816e-07,3.50455403e-07,3.0382702600000005e-07,2.6916289099999996e-07,5.779700780000001e-07,1.42188483e-07,2.05305752e-06,85.01864950000001,45.5785834,2.87206786e-10,9.195451850000001,0.00126824949,0.0773996535,3.53727096e-06,5.43858017e-07,0.00128615063,0.07967446339999998,3.53727096e-06,5.43858017e-07,0.000880740285,0.0388445719,3.53727096e-06,5.43858017e-07,0.00126080182,0.07661908469999998,3.53727096e-06,5.43858017e-07,2.4551369190216064
355,1695033000,1.6353452999999997e-05,1.6353458e-05,-0.0117823237,0.006689887860000002,0.016153234199999998,0.00322682055,0.0066361992699999995,0.00516625463,1.1706050299999999e-06,1.0635441799999998e-05,3.3898601999999998,10.7,1.22383337e-06,1.44258032e-06,7.920663749999999e-07,5.822090459999999e-07,4.3519966800000005e-07,3.57364706e-07,2.9951896399999997e-07,2.6775545099999997e-07,5.86513387e-07,1.385643e-07,2.05110061e-06,84.57290760000001,45.0708013,2.9143422700000004e-10,9.191701349999999,0.0012668776,0.07794019099999999,2.73725776e-06,4.78114914e-07,0.00127595927,0.0786859971,2.73725776e-06,4.78114914e-07,0.0008919604569999999,0.038895835999999996,2.73725776e-06,4.78114914e-07,0.00129419144,0.0815605061,2.73725776e-06,4.78114914e-07,2.4551319599151613
355,1695033600,1.6106922800000003e-05,1.6106927399999997e-05,0.006028301150000001,-0.015229423779999996,0.016973987700000002,0.0032044024300000003,0.00660305599,0.0051578432200000005,1.18117494e-06,1.0701185750000001e-05,3.03671334,11.8,1.1738036000000002e-06,1.3794362600000001e-06,7.85569025e-07,5.58103395e-07,4.49562429e-07,3.5181030500000007e-07,3.05469922e-07,2.61234163e-07,5.92278308e-07,1.42532391e-07,2.05364458e-06,85.04790559999999,45.832414299999996,2.84406658e-10,9.196528749999999,0.00126320918,0.0772145446,2.83362319e-06,4.97828118e-07,0.0012592141400000001,0.07766731830000001,2.83362319e-06,4.97828118e-07,0.0008891551179999998,0.0384640342,2.83362319e-06,4.97828118e-07,0.0012484247399999998,0.075427762,2.83362319e-06,4.97828118e-07,2.455136299133301
355,1695034200,1.63502943e-05,1.63503005e-05,-0.0027286616899999997,0.012473004929999998,0.016962718300000002,0.0032239468399999998,0.00665022418,0.005175238520000001,1.2160827199999999e-06,1.0455346149999998e-05,3.3531469100000004,12.5,1.2111979600000002e-06,1.43024083e-06,7.971615e-07,5.60785636e-07,4.3590421200000006e-07,3.53490747e-07,3.0931465200000005e-07,2.5636420299999995e-07,6.17820392e-07,1.3773338900000001e-07,2.06509241e-06,84.800353,45.3932018,2.9075123999999994e-10,9.193597500000001,0.00125072632,0.0759780743,2.8449979099999997e-06,5.1567439e-07,0.00127962291,0.0786821251,2.8449979099999997e-06,5.1567439e-07,0.0009174376109999998,0.041270221,2.8449979099999997e-06,5.1567439e-07,0.0012691709,0.078190124,2.8449979099999997e-06,5.1567439e-07,2.4551384925842283
355,1695034800,1.62959255e-05,1.6295927e-05,-0.020578100509999996,0.004429129019999999,0.0159689714,0.00321959156,0.006621464339999999,0.00515955616,1.14053522e-06,1.02664373e-05,3.25699307,11.1,1.18775823e-06,1.4196760299999998e-06,8.18317826e-07,5.404286700000001e-07,4.3394962899999997e-07,3.52459646e-07,2.98728857e-07,2.59676573e-07,6.391367220000001e-07,1.3798203e-07,2.05982592e-06,84.8443389,45.5019847,2.90736391e-10,9.19166235,0.0012569877499999998,0.0763915875,2.8111726e-06,4.95058646e-07,0.00125559807,0.0771848366,2.8111726e-06,4.95058646e-07,0.000899863077,0.039657086999999994,2.8111726e-06,4.95058646e-07,0.0012827641700000002,0.07940842399999999,2.8111726e-06,4.95058646e-07,2.4551339864730837
355,1695035400,1.61881167e-05,1.6188119199999997e-05,0.0025107911499999995,-0.0041420176400000005,0.0158200859,0.0032093719399999996,0.0066239238399999996,0.0051620676299999994,1.20356164e-06,1.03297492e-05,3.2307693100000003,12.3,1.19437955e-06,1.3693663399999998e-06,7.670640180000001e-07,5.739319069999999e-07,4.47539066e-07,3.51128555e-07,3.03903406e-07,2.6090437899999996e-07,6.39799165e-07,1.36690384e-07,2.04933658e-06,84.90236039999999,45.7068413,2.86769571e-10,9.19557075,0.00126760552,0.07744898230000001,2.77365427e-06,5.10338371e-07,0.00125258493,0.07585775139999999,2.77365427e-06,5.10338371e-07,0.000888644481,0.0393917736,2.77365427e-06,5.10338371e-07,0.00125375094,0.0763788745,2.77365427e-06,5.10338371e-07,2.455118250846863
355,1695036000,1.61042114e-05,1.61042142e-05,-0.0025834261900000008,-0.001002245430000001,0.016792468900000003,0.0032019441699999997,0.006596419440000001,0.00513442774,1.1688528e-06,1.0132108249999998e-05,3.2360140100000003,10.1,1.16893799e-06,1.37558132e-06,8.32306016e-07,5.48503874e-07,4.2994197500000007e-07,3.55531961e-07,2.93806289e-07,2.58702928e-07,5.98719746e-07,1.3917405500000001e-07,2.0508395100000003e-06,85.09169299999999,45.710777199999995,2.85568829e-10,9.195115699999999,0.00125888054,0.0768353992,2.9221331400000003e-06,5.20228011e-07,0.0012660652200000002,0.07754379419999999,2.9221331400000003e-06,5.20228011e-07,0.0008986866530000002,0.0399785071,2.9221331400000003e-06,5.20228011e-07,0.00124106595,0.07548875619999999,2.9221331400000003e-06,5.20228011e-07,2.4550894260406495
355,1695036600,1.60565019e-05,1.6056504699999997e-05,-0.02283877574,0.012848936870000003,0.016357785599999997,0.0031954516100000004,0.006561482150000001,0.00511928363,1.1457206499999998e-06,1.00519306e-05,3.00524483,9.8,1.1543873099999998e-06,1.38794625e-06,7.85428405e-07,5.6578151e-07,4.3825638300000007e-07,3.5046232e-07,3.04184635e-07,2.63438455e-07,5.84674901e-07,1.3649430300000002e-07,2.05715788e-06,85.0406458,45.7816488,2.8392200400000003e-10,9.1954276,0.00125937307,0.0767991449,2.78799848e-06,5.08034455e-07,0.00127319406,0.078396713,2.78799848e-06,5.08034455e-07,0.000892519523,0.0391771467,2.78799848e-06,5.08034455e-07,0.0012362293899999999,0.073970846,2.78799848e-06,5.08034455e-07,2.455133247375488
355,1695037200,1.6234191e-05,1.6234192200000003e-05,0.00231182074,-0.0071054364799999995,0.0164830321,0.00321581969,0.00662754944,0.0051615659500000004,1.20881542e-06,1.05516517e-05,3.3006993600000003,12.2,1.1350663599999999e-06,1.40128381e-06,7.883065920000001e-07,5.830537669999999e-07,4.426835839999999e-07,3.4959616599999997e-07,3.1086164e-07,2.7495009999999995e-07,5.84442159e-07,1.3903362000000002e-07,2.1077923300000003e-06,85.1882717,46.1850994,2.852818e-10,9.1984271,0.00126176715,0.0777389835,2.62469136e-06,4.7487539099999993e-07,0.00127201183,0.0784596564,2.62469136e-06,4.7487539099999993e-07,0.000868538343,0.0370319752,2.62469136e-06,4.7487539099999993e-07,0.00124793118,0.07630546460000001,2.62469136e-06,4.7487539099999993e-07,2.4551241874694822
355,1695037800,1.62157719e-05,1.6215776800000002e-05,0.0021438861,0.0207912955,0.016716903999999998,0.0032101632000000003,0.006625748339999999,0.00513932695,1.1759575900000002e-06,1.0155048e-05,3.3321679000000004,11.9,1.17608277e-06,1.3620242700000002e-06,8.011066089999999e-07,5.646267269999999e-07,4.2815347000000007e-07,3.53143245e-07,3.1187986899999996e-07,2.7261453200000003e-07,5.952436399999999e-07,1.40980357e-07,2.10199362e-06,85.0005894,46.0933127,2.8522644600000004e-10,9.197329800000002,0.0012590652199999997,0.0765597355,2.73583638e-06,4.95991748e-07,0.0012661299800000002,0.0778688981,2.73583638e-06,4.95991748e-07,0.0008924681300000001,0.0393205398,2.73583638e-06,4.95991748e-07,0.00124140501,0.0750514601,2.73583638e-06,4.95991748e-07,2.455112361907959
355,1695038400,1.6289473899999998e-05,1.6289478400000003e-05,0.015510934939999999,-0.00020806319999999942,0.016304145199999998,0.00322013908,0.00664859253,0.005169083939999999,1.1894202300000001e-06,1.0580457000000002e-05,3.3479021599999994,11.4,1.20936142e-06,1.38920421e-06,8.0682579e-07,5.79361324e-07,4.2514631500000004e-07,3.6600527500000005e-07,3.0163241999999997e-07,2.68309926e-07,5.94458517e-07,1.38916463e-07,2.0654478399999996e-06,84.8776136,45.487459199999996,2.8882346899999995e-10,9.1944575,0.00126640379,0.0777917714,3.0005831700000003e-06,5.280107210000001e-07,0.00126906618,0.07814771070000001,3.0005831700000003e-06,5.280107210000001e-07,0.000905257934,0.0405025884,3.0005831700000003e-06,5.280107210000001e-07,0.0012553269499999999,0.07629969649999999,3.0005831700000003e-06,5.280107210000001e-07,2.4551319599151613
355,1695039000,1.61014588e-05,1.61014612e-05,-0.00451602154,0.003382282639999998,0.016299396100000002,0.0032017255300000004,0.00659423104,0.005124167800000001,1.17417322e-06,1.0321093000000003e-05,3.2744755999999997,11.3,1.16219035e-06,1.3679671900000003e-06,8.194554820000001e-07,5.637556240000001e-07,4.38020531e-07,3.56335033e-07,3.0099697000000003e-07,2.60243934e-07,5.96592561e-07,1.3752526999999998e-07,2.04762171e-06,84.92525849999998,45.6543607,2.84647005e-10,9.1953033,0.00126709102,0.07793716849999999,2.49172565e-06,4.71735506e-07,0.00125905477,0.0774140807,2.49172565e-06,4.71735506e-07,0.000883205261,0.0382582234,2.49172565e-06,4.71735506e-07,0.00126070725,0.0771150743,2.49172565e-06,4.71735506e-07,2.4551045417785646
355,1695039600,1.6188313799999997e-05,1.618832e-05,0.010054506223000002,-0.008080777809999998,0.0171089528,0.00321159855,0.00664143348,0.00516244647,1.2149722699999998e-06,1.0633020700000002e-05,3.25174831,10.6,1.1953834800000002e-06,1.38437003e-06,7.967997369999999e-07,5.7077149e-07,4.43009195e-07,3.57734612e-07,3.03246985e-07,2.53323344e-07,5.84536705e-07,1.3930697900000002e-07,2.06566238e-06,84.8786633,45.598604200000004,2.85750977e-10,9.196491599999998,0.00126526648,0.0777741679,3.0213794e-06,5.10218678e-07,0.0012726569799999998,0.07849730619999998,3.0213794e-06,5.10218678e-07,0.000901194536,0.039829524699999994,3.0213794e-06,5.10218678e-07,0.00124051908,0.0754839763,3.0213794e-06,5.10218678e-07,2.4551188468933107
355,1695040200,1.62864796e-05,1.6286482399999998e-05,-0.0045353952,0.01137811323,0.01677384945,0.00321802248,0.006632712260000001,0.005157749769999999,1.1722754e-06,1.04267122e-05,3.33216787,12.1,1.2695260000000002e-06,1.3820305199999998e-06,7.83843142e-07,5.62854748e-07,4.40489108e-07,3.5339872299999995e-07,3.05215447e-07,2.5909013399999993e-07,5.84249765e-07,1.39325791e-07,2.0631747799999996e-06,84.907793,45.343839100000004,2.8947369499999995e-10,9.1933143,0.00126654185,0.07762405970000001,2.78573075e-06,5.26350419e-07,0.00126219093,0.0775984787,2.78573075e-06,5.26350419e-07,0.0009222672640000001,0.042100898000000005,2.78573075e-06,5.26350419e-07,0.00126379205,0.07752683569999999,2.78573075e-06,5.26350419e-07,2.455162763595581
355,1695040800,1.6198113200000002e-05,1.6198119000000002e-05,0.008750731745,0.020356060000000002,0.016600754500000002,0.0032070165800000003,0.00662602496,0.005152486690000001,1.18493943e-06,1.03380219e-05,3.37237766,10.5,1.17971933e-06,1.43169111e-06,8.08421081e-07,5.681702470000001e-07,4.21208252e-07,3.6343510100000005e-07,3.04540121e-07,2.58350281e-07,5.827694299999999e-07,1.37885203e-07,2.04284787e-06,84.8811297,45.3733136,2.8734963400000003e-10,9.1948562,0.00124838461,0.0758976251,2.7912398600000002e-06,5.05490914e-07,0.00129002783,0.08049933419999998,2.7912398600000002e-06,5.05490914e-07,0.0008984856560000001,0.03964858449999999,2.7912398600000002e-06,5.05490914e-07,0.0012565738200000002,0.0768232885,2.7912398600000002e-06,5.05490914e-07,2.4550853967666626
355,1695041400,1.6226713599999997e-05,1.62267165e-05,0.00220274539,0.0029717348000000005,0.016001986699999998,0.0032142984300000004,0.006615537510000001,0.00515976706,1.20375769e-06,1.0609082349999998e-05,3.3339160899999998,10.7,1.2020749299999998e-06,1.4012096700000002e-06,8.089818269999999e-07,5.83779278e-07,4.30098758e-07,3.5165957199999994e-07,3.0388363999999996e-07,2.70283218e-07,5.789236549999999e-07,1.4158331300000003e-07,2.0408500199999998e-06,84.8436495,45.311710000000005,2.88773416e-10,9.1932371,0.0012573780500000002,0.07704696,2.8609639999999997e-06,5.205339419999999e-07,0.0012786480599999998,0.079001507,2.8609639999999997e-06,5.205339419999999e-07,0.0008971307270000001,0.0401170633,2.8609639999999997e-06,5.205339419999999e-07,0.00125786301,0.0773408964,2.8609639999999997e-06,5.205339419999999e-07,2.4551605463027952
355,1695042000,1.6151195000000002e-05,1.61511968e-05,0.0030739096,0.014732613799999999,0.01627144875,0.0032037419399999997,0.006612848290000001,0.00515009643,1.16350901e-06,1.0152249799999998e-05,3.1993007800000006,10.9,1.117516976e-06,1.4493206e-06,8.045304730000001e-07,5.80426639e-07,4.34305472e-07,3.60368068e-07,3.01549679e-07,2.68909581e-07,5.777719410000001e-07,1.37606632e-07,2.0432584800000006e-06,84.9130369,45.4765175,2.86531934e-10,9.1940296,0.00126686975,0.077663683,2.60180002e-06,4.77254949e-07,0.001276265,0.0791232795,2.60180002e-06,4.77254949e-07,0.0008612817070000001,0.036835998599999996,2.60180002e-06,4.77254949e-07,0.00127345222,0.078218751,2.60180002e-06,4.77254949e-07,2.455117106437683
355,1695042600,1.6135028e-05,1.61350302e-05,-0.0006072131999999991,0.0058798481399999995,0.015737003800000003,0.0032037788,0.006615016810000001,0.005143536440000001,1.1247154099999998e-06,9.77641895e-06,3.318181869999999,11.6,1.14328968e-06,1.41011689e-06,8.084829129999999e-07,5.48368261e-07,4.3381893699999996e-07,3.51081878e-07,3.04731018e-07,2.73546081e-07,5.847075009999999e-07,1.40557325e-07,2.06878314e-06,85.03879609999998,45.866012399999995,2.8441404100000005e-10,9.1969943,0.00125210647,0.07627886739999999,2.9976386999999997e-06,5.139162629999999e-07,0.0012637305,0.0778288723,2.9976386999999997e-06,5.139162629999999e-07,0.0009010532670000002,0.0399702195,2.9976386999999997e-06,5.139162629999999e-07,0.00124722546,0.07498264850000001,2.9976386999999997e-06,5.139162629999999e-07,2.4551495552062987
355,1695043200,1.6150261299999998e-05,1.61502643e-05,-0.013926720279999999,-0.0012706927000000006,0.0166168374,0.0032061868600000002,0.00659873537,0.005154306249999999,1.1730930799999997e-06,1.026882215e-05,3.22027977,11.3,1.148293327e-06,1.40944368e-06,8.03073904e-07,5.70833116e-07,4.37521968e-07,3.6783476599999996e-07,3.02740208e-07,2.6704772e-07,5.84953619e-07,1.38705597e-07,2.0446295100000004e-06,84.8191636,45.502270599999996,2.8620707200000005e-10,9.1944682,0.00126693887,0.07808056,2.58846997e-06,4.751344710000001e-07,0.00126996221,0.07848805449999999,2.58846997e-06,4.751344710000001e-07,0.0008857337,0.038329307800000004,2.58846997e-06,4.751344710000001e-07,0.00125722109,0.07688306730000001,2.58846997e-06,4.751344710000001e-07,2.4551281213760374
355,1695043800,1.61873251e-05,1.61873305e-05,0.006289454900000001,0.008275392303199998,0.015542118900000002,0.0032080998700000003,0.00663178664,0.00514966985,1.2082626300000001e-06,1.0203961650000001e-05,3.35664341,10.7,1.18245662e-06,1.39077832e-06,7.8426059e-07,5.699526229999999e-07,4.3998237799999994e-07,3.6985044900000003e-07,3.06060557e-07,2.6455355199999994e-07,5.884123400000001e-07,1.38587185e-07,2.0587014400000004e-06,84.8903816,45.663657799999996,2.85750636e-10,9.19642495,0.0012574761899999999,0.0767941731,2.7351153699999995e-06,4.7600680500000004e-07,0.00128090354,0.0797129715,2.7351153699999995e-06,4.7600680500000004e-07,0.0008909942339999999,0.038826323600000004,2.7351153699999995e-06,4.7600680500000004e-07,0.00124976076,0.07586585459999999,2.7351153699999995e-06,4.7600680500000004e-07,2.455125904083252
355,1695044400,1.6281273000000002e-05,1.6281277600000003e-05,0.0028640296000000003,-0.0047582782199999995,0.0165461074,0.0032183555099999997,0.006629030720000001,0.00517100182,1.2250613600000004e-06,1.079767115e-05,3.2255245300000004,12.3,1.19709988e-06,1.44140745e-06,8.27574379e-07,5.493950370000001e-07,4.2598996599999995e-07,3.5378711100000005e-07,3.04525141e-07,2.59040812e-07,5.861718230000001e-07,1.41094601e-07,2.05452454e-06,84.7845542,45.26245290000001,2.8939743100000003e-10,9.19383745,0.0012553473099999998,0.0762563658,2.82735227e-06,5.2744122e-07,0.0012834322399999998,0.07994339959999999,2.82735227e-06,5.2744122e-07,0.0009043956989999999,0.0405660944,2.82735227e-06,5.2744122e-07,0.00126024344,0.07750625939999999,2.82735227e-06,5.2744122e-07,2.4551236629486084
355,1695045000,1.6159398199999998e-05,1.61594023e-05,0.00426729969,0.015056941499999999,0.0166801598,0.0032060001999999997,0.0066176419,0.00514716793,1.19765117e-06,1.02591371e-05,3.2010489900000003,12.4,1.18484861e-06,1.43162203e-06,7.959876949999999e-07,5.3942167e-07,4.4190274e-07,3.45557819e-07,3.11259643e-07,2.62909664e-07,5.76075807e-07,1.38494897e-07,2.0516000500000004e-06,84.88771369999998,45.4686282,2.86468178e-10,9.193883,0.0012555052099999999,0.0763935698,2.7216313599999997e-06,5.141557809999999e-07,0.00127795646,0.0796977318,2.7216313599999997e-06,5.141557809999999e-07,0.0008996810269999999,0.0401966381,2.7216313599999997e-06,5.141557809999999e-07,0.0012465073699999998,0.0762024783,2.7216313599999997e-06,5.141557809999999e-07,2.4551784992218018
355,1695045600,1.6009215699999998e-05,1.6009221099999998e-05,-0.01027523277,0.018402909220000003,0.0168178753,0.00318977466,0.006574629229999999,0.00510379876,1.13755537e-06,1.0263994999999998e-05,3.2202797599999995,12.0,1.12729895e-06,1.4007789499999999e-06,8.08224394e-07,5.49213385e-07,4.2608740099999997e-07,3.5580156000000004e-07,3.00807247e-07,2.58824924e-07,5.806378780000001e-07,1.3939160699999999e-07,2.05748053e-06,85.22132919999999,45.9965412,2.81494427e-10,9.198926049999999,0.00125451842,0.0767383436,2.56515172e-06,4.76349787e-07,0.0012746327900000002,0.0788569199,2.56515172e-06,4.76349787e-07,0.000877777211,0.03771447209999999,2.56515172e-06,4.76349787e-07,0.00124224456,0.0743984211,2.56515172e-06,4.76349787e-07,2.455112409591675
355,1695046200,1.63332496e-05,1.6333256e-05,0.0029606628099999996,0.015184202093000001,0.01595150235,0.0032239512999999997,0.00665325833,0.005184142019999999,1.1747314300000002e-06,1.05559678e-05,3.43881127,11.0,1.17193193e-06,1.4472438500000001e-06,8.20877374e-07,5.68765364e-07,4.561166250000001e-07,3.5873303600000004e-07,3.10883796e-07,2.5270684e-07,5.907211160000001e-07,1.36631529e-07,2.0519670200000002e-06,84.5637234,45.1422132,2.90381282e-10,9.192605599999998,0.00127517127,0.0788392289,2.56544714e-06,5.01276166e-07,0.00128054684,0.0794206364,2.56544714e-06,5.01276166e-07,0.000901425161,0.0398576225,2.56544714e-06,5.01276166e-07,0.0012673692599999998,0.0777374132,2.56544714e-06,5.01276166e-07,2.4551209926605226
355,1695046800,1.6270336900000002e-05,1.62703401e-05,0.00638833774,-0.006559399500000002,0.017078412199999997,0.0032209314699999997,0.0066622472299999996,0.00516454923,1.1828303e-06,1.07595051e-05,3.36713295,12.6,1.17539247e-06,1.4280562800000002e-06,8.11398489e-07,5.86015136e-07,4.35156609e-07,3.54023332e-07,3.0165846e-07,2.73063976e-07,5.84925095e-07,1.3747008e-07,2.0479385e-06,84.7972712,45.310877399999995,2.8906680499999995e-10,9.19370125,0.00126798721,0.07812956709999999,2.6839734e-06,4.770314629999999e-07,0.0012834975599999997,0.0801104262,2.6839734e-06,4.770314629999999e-07,0.000904724527,0.039732346099999996,2.6839734e-06,4.770314629999999e-07,0.0012631983899999998,0.0769719294,2.6839734e-06,4.770314629999999e-07,2.4551387786865235
355,1695047400,1.60626064e-05,1.6062610300000003e-05,-0.0170641341,0.00540407091,0.016395305,0.0031963746000000003,0.006582289420000001,0.00512985755,1.1559284100000002e-06,1.0577212999999998e-05,3.2587413000000005,10.6,1.2171538000000003e-06,1.3898389e-06,7.90471157e-07,5.45771507e-07,4.16343806e-07,3.5841336800000003e-07,3.07732833e-07,2.62341323e-07,5.760631040000001e-07,1.39374144e-07,2.0277670300000003e-06,85.1052214,45.423819599999995,2.85574086e-10,9.195229600000001,0.0012433671599999998,0.074734009,3.2361881699999997e-06,5.29264788e-07,0.00127582999,0.0787568775,3.2361881699999997e-06,5.29264788e-07,0.0008832096370000001,0.0392201328,3.2361881699999997e-06,5.29264788e-07,0.0012657225799999998,0.0775321481,3.2361881699999997e-06,5.29264788e-07,2.4551297187805177
355,1695048000,1.6065401099999998e-05,1.6065406399999996e-05,-0.00046597558999999947,-0.015359370220000002,0.016410218999999997,0.0032010692699999998,0.00659390029,0.00514393646,1.1568837599999998e-06,1.01489136e-05,3.1223776500000002,10.9,1.12606248e-06,1.4080890599999998e-06,8.12360476e-07,5.683189000000001e-07,4.3153798899999997e-07,3.5336503799999994e-07,3.0848844699999996e-07,2.5995982599999996e-07,5.92198028e-07,1.40656004e-07,2.03162692e-06,84.9677058,45.68378449999999,2.84068403e-10,9.1946501,0.00125406971,0.07637573499999999,2.31135661e-06,4.5190985099999996e-07,0.00127802967,0.0791258295,2.31135661e-06,4.5190985099999996e-07,0.000876689803,0.0379557038,2.31135661e-06,4.5190985099999996e-07,0.0012486758,0.07661315830000001,2.31135661e-06,4.5190985099999996e-07,2.4551302671432493
355,1695048600,1.6151147899999998e-05,1.6151151900000003e-05,0.004078978949799999,0.00621136473,0.0161494591,0.00320554438,0.006610294030000001,0.0051430585000000004,1.19741785e-06,1.06348665e-05,3.21328673,10.6,1.1540561900000002e-06,1.47113041e-06,7.826880600000001e-07,5.47891861e-07,4.279181e-07,3.48067824e-07,3.1631766800000003e-07,2.5855777500000004e-07,5.82551735e-07,1.39229034e-07,2.04711603e-06,84.9117118,45.50879380000001,2.86143048e-10,9.19521005,0.0012513689,0.0762790588,2.363399e-06,4.630256059999999e-07,0.00127769285,0.078966167,2.363399e-06,4.630256059999999e-07,0.000846985284,0.036250655900000005,2.363399e-06,4.630256059999999e-07,0.0012767656499999998,0.07937025959999999,2.363399e-06,4.630256059999999e-07,2.455126190185547
355,1695049200,1.62105931e-05,1.6210604099999996e-05,0.009076578519999998,0.00969440876,0.017128780500000003,0.00321263735,0.00661788022,0.00515098075,1.21251392e-06,1.12584917e-05,3.07342662,10.9,1.1626892900000002e-06,1.39910261e-06,8.01886323e-07,5.95198129e-07,4.52315894e-07,3.5807065099999996e-07,2.99498479e-07,2.63752743e-07,5.86848965e-07,1.4049497800000001e-07,2.0454219799999996e-06,84.8286034,45.5088257,2.8674162999999996e-10,9.19617875,0.00127395742,0.07841285249999999,3.2876573100000002e-06,5.439825370000001e-07,0.0012743422399999998,0.0783466201,3.2876573100000002e-06,5.439825370000001e-07,0.000898179205,0.040181984399999995,3.2876573100000002e-06,5.439825370000001e-07,0.0012394078000000002,0.0753678804,3.2876573100000002e-06,5.439825370000001e-07,2.4551543951034547
355,1695049800,1.61896945e-05,1.61896984e-05,-0.00383578735,0.0016376630499999995,0.01628949925,0.00320917446,0.00662953533,0.00514905919,1.13503539e-06,9.996557399999999e-06,3.25349655,11.8,1.13497657e-06,1.4480798700000002e-06,8.11696229e-07,5.698835440000001e-07,4.4018121899999994e-07,3.6110675600000007e-07,3.06651353e-07,2.5682323299999997e-07,5.83681461e-07,1.3930425e-07,2.04246074e-06,84.85928990000001,45.4641513,2.8666389e-10,9.19501365,0.0012675374099999999,0.07824331600000001,2.8259612700000005e-06,4.90685172e-07,0.00128121964,0.0800934672,2.8259612700000005e-06,4.90685172e-07,0.000875477907,0.037789523199999994,2.8259612700000005e-06,4.90685172e-07,0.00126669246,0.0774860051,2.8259612700000005e-06,4.90685172e-07,2.455144929885864
355,1695050400,1.60749829e-05,1.60749856e-05,0.0031249009599999995,0.023412322,0.016557450699999997,0.0031969174600000004,0.006598586819999999,0.00513705962,1.18566637e-06,1.054931195e-05,3.1800699999999997,10.9,1.1414305700000001e-06,1.40428259e-06,7.969680879999999e-07,5.69985955e-07,4.41963194e-07,3.6253510100000003e-07,3.01203276e-07,2.6605603999999997e-07,5.877424219999999e-07,1.3523255800000002e-07,2.03005331e-06,84.6938524,45.4154288,2.8451206000000006e-10,9.1939509,0.0012663430800000002,0.07779589679999999,2.5520879000000002e-06,4.5225015399999997e-07,0.00128108259,0.079260582,2.5520879000000002e-06,4.5225015399999997e-07,0.00088198235,0.0377286061,2.5520879000000002e-06,4.5225015399999997e-07,0.0012466504500000001,0.0758332725,2.5520879000000002e-06,4.5225015399999997e-07,2.4551320552825926
355,1695051000,1.62734955e-05,1.6273497099999996e-05,0.00243887392,0.007633464440000001,0.0159028194,0.0032183555199999997,0.006653731139999999,0.005180442999999999,1.2195265399999999e-06,1.08192261e-05,3.4510490000000003,13.3,1.20545159e-06,1.430719e-06,8.03239031e-07,5.66944077e-07,4.4865764899999994e-07,3.64128274e-07,2.928612499999999e-07,2.63446811e-07,5.81017149e-07,1.3735123100000001e-07,2.0429145000000005e-06,84.741343,45.17894199999999,2.9000226599999993e-10,9.1910788,0.00126849639,0.07802703209999999,3.4966373e-06,5.42998182e-07,0.0012794275399999999,0.079320225,3.4966373e-06,5.42998182e-07,0.0009110591980000001,0.0409489604,3.4966373e-06,5.42998182e-07,0.0012651738000000001,0.07759621480000001,3.4966373e-06,5.42998182e-07,2.4551575422286986
355,1695051600,1.61224929e-05,1.61224965e-05,0.005497801200000001,0.018202152899999997,0.016082337800000002,0.00320053094,0.00661859486,0.00514273107,1.1980510199999998e-06,1.02000186e-05,3.2395105600000003,11.2,1.15915795e-06,1.41228815e-06,8.114637410000001e-07,5.461853149999999e-07,4.4936266099999996e-07,3.4871502e-07,3.06119815e-07,2.5802756699999995e-07,5.913156109999999e-07,1.36380401e-07,2.04220501e-06,84.98524660000001,45.5465062,2.85765796e-10,9.1947408,0.00126291062,0.07711626590000001,2.6240795800000005e-06,4.78329527e-07,0.0012609256700000001,0.0770977857,2.6240795800000005e-06,4.78329527e-07,0.0008994585499999999,0.0394995449,2.6240795800000005e-06,4.78329527e-07,0.00125240729,0.0767761123,2.6240795800000005e-06,4.78329527e-07,2.455183219909668
355,1695052200,1.6245023300000002e-05,1.62450277e-05,-0.004069313430000001,-0.001592456470000002,0.0167406981,0.0032165339100000004,0.00660080213,0.005148688530000002,1.1842096700000002e-06,1.0484932250000002e-05,3.2884616199999996,11.6,1.20590647e-06,1.42434549e-06,8.042117729999999e-07,5.62490203e-07,4.4770666200000004e-07,3.61018541e-07,3.0234495099999995e-07,2.6547197199999996e-07,5.6733288e-07,1.38552446e-07,2.04309749e-06,84.8332221,45.213490900000004,2.8902919499999996e-10,9.193222500000001,0.00125147791,0.07626042059999999,3.2885851300000002e-06,5.42743773e-07,0.0012765643999999997,0.079586846,3.2885851300000002e-06,5.42743773e-07,0.0009160174900000002,0.0412625474,3.2885851300000002e-06,5.42743773e-07,0.00126922264,0.0773439569,3.2885851300000002e-06,5.42743773e-07,2.455105447769165
355,1695052800,1.6216408999999997e-05,1.62164121e-05,-0.008073870680000001,0.0008473463700000006,0.01577687515,0.00321184964,0.0066186315299999994,0.00515115669,1.19755075e-06,1.092314965e-05,3.31118887,12.7,1.18884007e-06,1.44702005e-06,8.00647366e-07,5.64124024e-07,4.29154876e-07,3.52705291e-07,3.0186230399999997e-07,2.64216575e-07,5.79485548e-07,1.37382721e-07,2.04275975e-06,84.88003900000001,45.2889865,2.8827548399999996e-10,9.193688250000003,0.00125622681,0.0766278306,2.87225208e-06,4.85635394e-07,0.0012732228099999999,0.0787640334,2.87225208e-06,4.85635394e-07,0.0008919791989999998,0.0389095399,2.87225208e-06,4.85635394e-07,0.0012771188599999999,0.07982087,2.87225208e-06,4.85635394e-07,2.4551230669021606
355,1695053400,1.6297341100000004e-05,1.62973458e-05,-0.0058253199299999996,-0.005690226419999998,0.016356701600000002,0.0032211943299999997,0.006639968759999999,0.005169053870000001,1.20513509e-06,1.0679170049999998e-05,3.3391609200000003,12.5,1.2422690899999998e-06,1.4546299e-06,7.83053364e-07,5.61529848e-07,4.28582956e-07,3.58564182e-07,2.9936195999999996e-07,2.6498906400000004e-07,5.740214010000001e-07,1.36161176e-07,2.04550194e-06,84.79784759999998,44.991747100000005,2.9129090400000004e-10,9.192121,0.00125556114,0.0763856174,3.0202110899999997e-06,5.589416449999999e-07,0.00127265079,0.0783685199,3.0202110899999997e-06,5.589416449999999e-07,0.0009387353400000002,0.0436793568,3.0202110899999997e-06,5.589416449999999e-07,0.0012774570800000002,0.0786634148,3.0202110899999997e-06,5.589416449999999e-07,2.4551443338394163
355,1695054000,1.6155566500000003e-05,1.61555709e-05,7.542609999999436e-06,-0.012521802440000002,0.016264553299999998,0.0032090972499999996,0.006620909189999999,0.00516858634,1.18294838e-06,1.0163210950000002e-05,3.25000006,11.5,1.19062537e-06,1.3715644199999998e-06,8.09444442e-07,5.641302129999999e-07,4.53386833e-07,3.56113674e-07,3.0184954799999997e-07,2.66278572e-07,5.856191639999999e-07,1.3927586499999997e-07,2.0394468e-06,84.86929350000001,45.480496499999994,2.86307337e-10,9.19432895,0.0012672462100000001,0.07784994059999999,2.79316305e-06,5.202895769999999e-07,0.0012693163399999999,0.0783332605,2.79316305e-06,5.202895769999999e-07,0.0009112261390000001,0.040922681700000005,2.79316305e-06,5.202895769999999e-07,0.0012321861,0.07459066889999999,2.79316305e-06,5.202895769999999e-07,2.4551315307617188
355,1695054600,1.61433955e-05,1.6143401599999998e-05,-0.012721706519999997,-0.0020944332999999994,0.016112231299999998,0.0032036979,0.0065996804099999985,0.0051436973300000004,1.1880796599999998e-06,1.0545970399999998e-05,3.2395105500000008,12.2,1.17818225e-06,1.4242704300000002e-06,7.99665883e-07,5.581448510000001e-07,4.29244467e-07,3.55607058e-07,3.04570297e-07,2.5865676799999994e-07,5.79349622e-07,1.38470809e-07,2.04551727e-06,84.91338950000002,45.428391600000005,2.86614414e-10,9.194067700000002,0.0012650625699999998,0.0770758895,2.4750099e-06,4.804660190000001e-07,0.0012602677999999999,0.07671689849999999,2.4750099e-06,4.804660190000001e-07,0.000886502459,0.0387687426,2.4750099e-06,4.804660190000001e-07,0.0012826153699999998,0.07911634459999999,2.4750099e-06,4.804660190000001e-07,2.455138921737671
355,1695055200,1.61090013e-05,1.6109004500000003e-05,-0.0007571099700000006,0.012041654070000003,0.015988733999999998,0.00320076577,0.00657700626,0.0051399581100000005,1.21509102e-06,1.02165513e-05,3.15034973,10.9,1.17079583e-06,1.4070883799999998e-06,8.157142800000001e-07,5.60614275e-07,4.38683452e-07,3.58649647e-07,2.94649337e-07,2.66397124e-07,5.76471895e-07,1.3770169599999998e-07,2.0277165000000002e-06,84.8914716,45.3175826,2.85808714e-10,9.19597615,0.0012699138300000003,0.0781568439,3.15560024e-06,5.312383539999999e-07,0.0012579759399999999,0.0769406373,3.15560024e-06,5.312383539999999e-07,0.0008931502119999999,0.039451752699999995,3.15560024e-06,5.312383539999999e-07,0.0012613354300000002,0.07714830279999998,3.15560024e-06,5.312383539999999e-07,2.455141282081604
355,1695055800,1.60844623e-05,1.6084464199999996e-05,0.004264843546000001,0.012554806100000001,0.01651877965,0.0031976213400000003,0.006590641409999999,0.0051328295999999995,1.21370383e-06,1.070507685e-05,3.21153852,11.5,1.16717913e-06,1.41852134e-06,7.77901309e-07,5.756071620000001e-07,4.38071709e-07,3.53358942e-07,2.9921264899999996e-07,2.54320648e-07,5.85050248e-07,1.39597976e-07,2.0333664100000002e-06,84.90217479999998,45.497203999999996,2.84610886e-10,9.195618450000001,0.0012657870700000001,0.0775838576,2.85025494e-06,4.98708203e-07,0.0012625728999999999,0.0774199347,2.85025494e-06,4.98708203e-07,0.0008915680109999999,0.0391895081,2.85025494e-06,4.98708203e-07,0.0012527164600000002,0.07691753540000001,2.85025494e-06,4.98708203e-07,2.4551621198654177
355,1695056400,1.62571318e-05,1.6257134100000002e-05,-0.01182160284,0.0025344110899999986,0.0160528781,0.00321744516,0.00661184898,0.00514467531,1.1652360199999999e-06,1.00591329e-05,3.34790214,11.0,1.1992426800000001e-06,1.4328643000000002e-06,7.7962298e-07,5.75234182e-07,4.4785510199999996e-07,3.51525516e-07,2.98995049e-07,2.62598909e-07,5.86471081e-07,1.37985628e-07,2.05615436e-06,84.848815,45.3210864,2.88933242e-10,9.192561199999998,0.00126402026,0.07760634720000001,3.15302883e-06,5.364230300000001e-07,0.00126745729,0.07779423369999998,3.15302883e-06,5.364230300000001e-07,0.000904436164,0.040394149,3.15302883e-06,5.364230300000001e-07,0.00127232584,0.07812982360000001,3.15302883e-06,5.364230300000001e-07,2.4551419019699097
355,1695057000,1.6106980200000002e-05,1.6106984000000003e-05,-0.0053209378739999995,0.017167583580000003,0.016531418599999997,0.00320068232,0.006575822319999999,0.00514214058,1.14188081e-06,1.01032914e-05,3.27447559,11.4,1.1720589899999999e-06,1.40599235e-06,7.896453889999999e-07,5.59508493e-07,4.4217141499999994e-07,3.51029952e-07,3.15836104e-07,2.59996762e-07,5.738284710000001e-07,1.40067631e-07,2.0433273700000004e-06,84.9380249,45.5309532,2.85236854e-10,9.19551015,0.00125623814,0.0763866605,2.7996418299999998e-06,4.89016346e-07,0.00127006554,0.0781026479,2.7996418299999998e-06,4.89016346e-07,0.0008811365360000001,0.038123343,2.7996418299999998e-06,4.89016346e-07,0.0012634506699999999,0.0771040556,2.7996418299999998e-06,4.89016346e-07,2.4551519393920898
355,1695057600,1.6296192400000003e-05,1.62961991e-05,-0.007533580200000001,-0.00859749765,0.0160976585,0.0032221587600000006,0.00662606956,0.00518774313,1.184207e-06,1.1081708500000001e-05,3.23426581,12.5,1.1887752e-06,1.441616e-06,8.09652035e-07,5.699410559999999e-07,4.4283804800000003e-07,3.69814214e-07,2.9586189500000005e-07,2.6105732e-07,5.90585916e-07,1.39292607e-07,2.03863418e-06,84.7412277,45.1814092,2.89602414e-10,9.19413785,0.00127446292,0.0786969718,2.5885347000000004e-06,4.84717176e-07,0.0012787788999999998,0.07886403389999999,2.5885347000000004e-06,4.84717176e-07,0.0008950605920000001,0.0395680971,2.5885347000000004e-06,4.84717176e-07,0.00127529935,0.0790699705,2.5885347000000004e-06,4.84717176e-07,2.45511736869812
355,1695058200,1.61449394e-05,1.61449443e-05,0.004394599417,-0.0120948135,0.016528481700000004,0.0032083081600000002,0.006623955349999999,0.00516677475,1.1808817399999998e-06,1.054294845e-05,3.2237763,10.3,1.1513574899999998e-06,1.44696387e-06,7.922489299999998e-07,5.43513017e-07,4.39298646e-07,3.60965671e-07,3.11942401e-07,2.5999454200000005e-07,5.858727849999999e-07,1.39342127e-07,2.04092418e-06,84.8441674,45.438507,2.8647353699999996e-10,9.1939853,0.00125601521,0.07671749,2.6848338599999997e-06,4.797630039999999e-07,0.0012731660700000002,0.0780371014,2.6848338599999997e-06,4.797630039999999e-07,0.0008676774319999999,0.0371966143,2.6848338599999997e-06,4.797630039999999e-07,0.00126660917,0.0786379103,2.6848338599999997e-06,4.797630039999999e-07,2.4551327228546143
355,1695058800,1.60197945e-05,1.6019802900000002e-05,0.0003870612300000004,-0.010252524340000001,0.016191850799999997,0.00319353604,0.00660321928,0.005136365759999999,1.160846e-06,1.038050695e-05,3.06118886,10.1,1.12505656e-06,1.3939116600000003e-06,7.9886083e-07,5.6283844e-07,4.3503458599999996e-07,3.6398211000000004e-07,3.00199257e-07,2.5742800000000005e-07,5.768615219999999e-07,1.38043003e-07,2.05764042e-06,85.04612610000001,45.886809500000005,2.82044751e-10,9.19796285,0.0012656026999999998,0.0771671155,2.5196678e-06,4.7669306800000003e-07,0.0012717824900000002,0.078082946,2.5196678e-06,4.7669306800000003e-07,0.0008875792389999998,0.0384784591,2.5196678e-06,4.7669306800000003e-07,0.00123470603,0.07355610940000001,2.5196678e-06,4.7669306800000003e-07,2.4551504611968995
355,1695059400,1.60187983e-05,1.6018802799999998e-05,0.005112272244999999,0.015576767080000001,0.016680404399999998,0.00319049364,0.006581955120000001,0.005126557469999999,1.22096061e-06,1.039210335e-05,3.0821679200000003,11.9,1.1528384000000002e-06,1.39949782e-06,7.731479680000001e-07,5.58483613e-07,4.3799068300000006e-07,3.4948957899999994e-07,2.99831728e-07,2.720549e-07,5.81438876e-07,1.3925986500000003e-07,2.0453383299999996e-06,85.05501260000001,45.785220800000005,2.8266284199999996e-10,9.19720835,0.0012554514399999999,0.0767298555,3.0184298399999996e-06,5.103634359999999e-07,0.0012507000599999997,0.076174102,3.0184298399999996e-06,5.103634359999999e-07,0.0008688420419999999,0.037698999799999994,3.0184298399999996e-06,5.103634359999999e-07,0.0012631280499999999,0.07735031299999999,3.0184298399999996e-06,5.103634359999999e-07,2.4551308870315554
355,1695060000,1.62390975e-05,1.62391052e-05,-0.00567072349,0.011450974970000003,0.0162585949,0.00321265178,0.00661424295,0.00514926602,1.19374057e-06,1.03463684e-05,3.4055944599999997,11.3,1.1742830700000001e-06,1.4003148700000001e-06,8.21289742e-07,5.726864560000001e-07,4.5281864500000006e-07,3.51644095e-07,3.10352601e-07,2.63122612e-07,5.807705879999999e-07,1.4044698600000002e-07,2.0517957199999997e-06,84.93588689999999,45.513700799999995,2.8767919499999996e-10,9.194987150000001,0.00127032636,0.0786362369,3.24847994e-06,5.334766660000001e-07,0.00127664513,0.0785872341,3.24847994e-06,5.334766660000001e-07,0.0009106860979999999,0.040942144599999994,3.24847994e-06,5.334766660000001e-07,0.0012425273500000001,0.07482000800000001,3.24847994e-06,5.334766660000001e-07,2.455140256881714
355,1695060600,1.62728276e-05,1.6272832900000003e-05,-0.00140257154,0.008643832670000004,0.016347671900000003,0.0032184983799999995,0.00664193179,0.00515796262,1.20902251e-06,1.07480404e-05,3.2500000400000006,11.8,1.14874783e-06,1.4869967699999998e-06,8.06414113e-07,5.62813593e-07,4.4776177000000005e-07,3.5743982199999994e-07,2.97000572e-07,2.5874266400000003e-07,5.837394149999998e-07,1.38553242e-07,2.04815579e-06,84.8548153,45.26461630000001,2.8971842799999995e-10,9.1932477,0.00126910184,0.07821758100000001,2.4125210699999998e-06,4.4473736199999996e-07,0.00128277892,0.0795595511,2.4125210699999998e-06,4.4473736199999996e-07,0.000868635232,0.03686844350000001,2.4125210699999998e-06,4.4473736199999996e-07,0.0012846975799999999,0.08006943899999999,2.4125210699999998e-06,4.4473736199999996e-07,2.4551073789596556
355,1695061200,1.6092790099999997e-05,1.6092793100000002e-05,0.0080217845,-0.003523352429999999,0.0162871894,0.00320083263,0.0066175222700000005,0.0051337611,1.1821445600000002e-06,1.0155904550000002e-05,3.1433567,12.3,1.21802796e-06,1.38160366e-06,7.997721840000001e-07,5.34766062e-07,4.3425217699999997e-07,3.53074343e-07,3.06838134e-07,2.62414045e-07,5.771726369999999e-07,1.38769408e-07,2.0396336e-06,85.0993976,45.5988387,2.8516040699999996e-10,9.19531335,0.0012592352800000002,0.076722641,3.1114196300000007e-06,5.52133828e-07,0.00125291903,0.0760868704,3.1114196300000007e-06,5.52133828e-07,0.00091745484,0.0414323983,3.1114196300000007e-06,5.52133828e-07,0.00125956718,0.07634110499999999,3.1114196300000007e-06,5.52133828e-07,2.4551469326019286
355,1695061800,1.60121362e-05,1.6012140799999998e-05,-0.00574525992,-0.01368369962,0.0161796216,0.00319536655,0.0065634460399999995,0.00512361464,1.1137251600000002e-06,9.991436e-06,3.1835665100000003,10.9,1.19711998e-06,1.34642678e-06,7.824644440000001e-07,5.61820215e-07,4.2524921199999997e-07,3.58670975e-07,3.1182157500000004e-07,2.5498837e-07,5.803032269999999e-07,1.3810572600000002e-07,2.0490785500000003e-06,85.07346620000001,45.822794900000005,2.82506537e-10,9.19687185,0.0012525092000000002,0.0765502101,3.2332398400000003e-06,5.18482592e-07,0.00125121826,0.07627511439999998,3.2332398400000003e-06,5.18482592e-07,0.0008874409199999999,0.0392360025,3.2332398400000003e-06,5.18482592e-07,0.00125246795,0.0755722503,3.2332398400000003e-06,5.18482592e-07,2.4551446199417115
355,1695062400,1.6207116600000003e-05,1.62071202e-05,-0.013727298815999999,-0.00029667317999999864,0.01643854265,0.00321531875,0.00660542511,0.005149110869999999,1.22044949e-06,1.13373336e-05,3.2255245300000004,12.6,1.20668323e-06,1.4113767199999998e-06,8.21310768e-07,5.59928845e-07,4.29673114e-07,3.5256816000000004e-07,3.08524893e-07,2.5962478200000003e-07,5.75063866e-07,1.35558133e-07,2.04322641e-06,84.84348200000001,45.230008000000005,2.8841070200000005e-10,9.1936527,0.0012647924600000002,0.07725582940000002,2.64454277e-06,5.11617501e-07,0.0012773652599999998,0.0785898599,2.64454277e-06,5.11617501e-07,0.000900859228,0.040096742000000005,2.64454277e-06,5.11617501e-07,0.0012586457500000001,0.07793691109999999,2.64454277e-06,5.11617501e-07,2.455135679244995
355,1695063000,1.5993101799999997e-05,1.5993105599999998e-05,0.0026529706699999983,-0.003689443999999999,0.01621396025,0.00319197763,0.00658564845,0.00512639698,1.1712672199999998e-06,1.0806545e-05,3.07342664,10.1,1.12339548e-06,1.4040274800000002e-06,7.97173138e-07,5.537782570000001e-07,4.2933009299999996e-07,3.5966592099999996e-07,2.99815648e-07,2.593143679999999e-07,5.84227022e-07,1.4132917000000002e-07,2.0444463e-06,85.13485299999999,45.925476499999995,2.81552145e-10,9.1976087,0.0012566025599999998,0.07665635599999998,2.3604833600000003e-06,4.44354967e-07,0.00127324533,0.0778214085,2.3604833600000003e-06,4.44354967e-07,0.000876445235,0.037039244400000004,2.3604833600000003e-06,4.44354967e-07,0.0012504517499999997,0.07552563190000001,2.3604833600000003e-06,4.44354967e-07,2.45510880947113
355,1695063600,1.6052814399999998e-05,1.6052820900000002e-05,-0.006750649856,-0.01816510633,0.0162687742,0.00319821739,0.006589614610000001,0.005145344049999999,1.21969646e-06,1.0946093200000001e-05,3.1765734799999996,10.8,1.17566512e-06,1.39893787e-06,8.022842200000001e-07,5.606210049999999e-07,4.30680932e-07,3.45213524e-07,3.0097351e-07,2.53315741e-07,5.801736400000001e-07,1.38927785e-07,2.0395730600000005e-06,85.085856,45.656618699999996,2.83968779e-10,9.1965134,0.00126104666,0.07693413959999999,2.69138322e-06,4.92550413e-07,0.00125865043,0.0768128028,2.69138322e-06,4.92550413e-07,0.0008942155930000001,0.0393383462,2.69138322e-06,4.92550413e-07,0.0012493027699999998,0.0770838437,2.69138322e-06,4.92550413e-07,2.455136251449585
355,1695064200,1.62204792e-05,1.6220480699999998e-05,-0.0060160225500000015,0.0041903344,0.016154167049999998,0.0032128420300000004,0.0066223670299999995,0.005162165020000001,1.13510591e-06,1.0303934699999999e-05,3.2272727599999995,11.2,1.1924346299999998e-06,1.4228800000000003e-06,7.92974649e-07,5.654225220000001e-07,4.39389442e-07,3.7031893200000004e-07,3.0322622900000003e-07,2.65760614e-07,5.693342640000001e-07,1.38625925e-07,2.0498368899999996e-06,84.8516875,45.3535669,2.87943845e-10,9.19394275,0.0012661480600000001,0.078015931,2.8627847599999997e-06,4.8979727e-07,0.00127171087,0.07821101020000001,2.8627847599999997e-06,4.8979727e-07,0.000896970546,0.03957951550000001,2.8627847599999997e-06,4.8979727e-07,0.00126016001,0.0773080451,2.8627847599999997e-06,4.8979727e-07,2.455130124092102
355,1695064800,1.5967968000000003e-05,1.5967973e-05,-0.00231385686,0.0238491918,0.016753899099999997,0.0031843026899999994,0.00656503162,0.00511201108,1.2281912400000001e-06,1.0833879550000001e-05,3.1555944600000005,11.1,1.1834735400000001e-06,1.37415669e-06,8.04225799e-07,5.4343331e-07,4.35952897e-07,3.44349574e-07,2.9502959600000003e-07,2.6067532299999995e-07,5.659207580000001e-07,1.38915341e-07,2.0378307e-06,85.1410455,45.6978107,2.82624501e-10,9.19609155,0.00124979037,0.0758509121,2.8321886399999996e-06,5.02755365e-07,0.00125113156,0.0760153391,2.8321886399999996e-06,5.02755365e-07,0.0008890066930000001,0.0391124072,2.8321886399999996e-06,5.02755365e-07,0.0012611704199999999,0.0775697545,2.8321886399999996e-06,5.02755365e-07,2.455089068412781
355,1695065400,1.62499542e-05,1.62499582e-05,-0.0001373399500000006,-0.01004627976,0.0160921908,0.00321862435,0.00663580777,0.005169768279999999,1.21749454e-06,1.0395971499999999e-05,3.29020984,10.4,1.2920424900000003e-06,1.4007749e-06,7.585980709999999e-07,5.61137776e-07,4.37456346e-07,3.60551482e-07,3.01306015e-07,2.61826747e-07,5.75857698e-07,1.3632272399999997e-07,2.0390664e-06,84.8040691,45.07217429999999,2.9000408e-10,9.193577900000001,0.0012624344500000001,0.0774512384,3.3166424999999997e-06,5.58237924e-07,0.0012620123999999998,0.0773279891,3.3166424999999997e-06,5.58237924e-07,0.000919160474,0.041965322900000004,3.3166424999999997e-06,5.58237924e-07,0.00126975796,0.07826283549999999,3.3166424999999997e-06,5.58237924e-07,2.4551535844802856
355,1695066000,1.5993027300000003e-05,1.59930311e-05,0.0064672958500000014,-0.0119894656,0.0172100186,0.00319326689,0.00658661992,0.00512495126,1.128656624e-06,1.03188993e-05,3.1276224200000007,11.0,1.1321902e-06,1.39030336e-06,8.02165249e-07,5.61245299e-07,4.36700005e-07,3.51687645e-07,2.9759431599999994e-07,2.62597882e-07,5.741026350000001e-07,1.38859828e-07,2.04905353e-06,85.04541950000001,45.833929700000006,2.8195992000000003e-10,9.196964699999999,0.0012577648300000001,0.0769358099,2.91776617e-06,4.95244617e-07,0.00125950248,0.0772138671,2.91776617e-06,4.95244617e-07,0.000875721212,0.03790352,2.91776617e-06,4.95244617e-07,0.0012419331999999998,0.07524803299999999,2.91776617e-06,4.95244617e-07,2.455117702484131
355,1695066600,1.60873239e-05,1.6087325800000002e-05,0.007748871400000001,-0.0049919989900000005,0.0165651573,0.00320147405,0.00660582381,0.00514145187,1.1378316900000001e-06,1.0300750399999998e-05,3.0699301100000005,9.7,1.1616824399999999e-06,1.40760228e-06,7.927072190000001e-07,5.51458311e-07,4.43807673e-07,3.5167772500000004e-07,3.0202726100000003e-07,2.6123740099999997e-07,5.77359517e-07,1.39854034e-07,2.05421238e-06,85.0433065,45.7105148,2.84901565e-10,9.194927150000002,0.0012625315599999998,0.07755912159999999,3.4107786700000004e-06,5.1566246e-07,0.0012599563000000001,0.0770897909,3.4107786700000004e-06,5.1566246e-07,0.000884595141,0.0386755298,3.4107786700000004e-06,5.1566246e-07,0.0012561813200000001,0.0764656021,3.4107786700000004e-06,5.1566246e-07,2.4551109313964843
355,1695067200,1.6074924400000003e-05,1.60749291e-05,-0.015013819040000001,-0.0145316464,0.0163035875,0.0032005828399999997,0.006550757399999998,0.00511850106,1.22273181e-06,1.08756513e-05,3.19405598,12.8,1.19866965e-06,1.3744235200000001e-06,8.08173235e-07,5.55861929e-07,4.3612208500000006e-07,3.4766767700000003e-07,2.9788075999999997e-07,2.59741408e-07,5.876336579999999e-07,1.3979137e-07,2.03148619e-06,85.051944,45.5486282,2.84729469e-10,9.1966592,0.00125245238,0.07586910100000001,3.1306513800000006e-06,5.17921756e-07,0.00126110766,0.0766918625,3.1306513800000006e-06,5.17921756e-07,0.000904637713,0.0400417552,3.1306513800000006e-06,5.17921756e-07,0.00126144292,0.07772115560000001,3.1306513800000006e-06,5.17921756e-07,2.4551218509674073
355,1695067800,1.6188123e-05,1.61881306e-05,-0.004690990939999999,0.0005710079259999999,0.0161308484,0.0032092113999999997,0.0066134930300000005,0.005160126199999999,1.2280159900000001e-06,1.038904845e-05,3.1608392400000005,10.3,1.2156923199999997e-06,1.4227450000000001e-06,8.05682975e-07,5.471968620000001e-07,4.3562709200000003e-07,3.3756809900000006e-07,3.00971564e-07,2.59007204e-07,5.7192014e-07,1.3688467499999998e-07,2.06074661e-06,84.9119986,45.3322802,2.87950099e-10,9.1940745,0.00124103644,0.0751728384,3.00452e-06,5.381074640000001e-07,0.00127778297,0.0791608055,3.00452e-06,5.381074640000001e-07,0.0009077623409999999,0.0407569479,3.00452e-06,5.381074640000001e-07,0.00126493804,0.07783197909999999,3.00452e-06,5.381074640000001e-07,2.4551329135894777
355,1695068400,1.6020942299999997e-05,1.6020945e-05,-0.01504029913,-0.001327473969999999,0.0164679289,0.00319458372,0.006551168489999999,0.00512123554,1.1777067399999998e-06,1.06117008e-05,3.1363637100000004,11.7,1.10592566e-06,1.38201378e-06,8.07998331e-07,5.795554200000001e-07,4.49987111e-07,3.6078611e-07,3.00383385e-07,2.60530298e-07,5.855181610000001e-07,1.3933801799999999e-07,2.03838911e-06,84.86455299999999,45.8264534,2.8213165000000005e-10,9.195851950000002,0.00127249661,0.0782752773,2.78083079e-06,4.78318742e-07,0.00127309906,0.07839320699999999,2.78083079e-06,4.78318742e-07,0.000873689622,0.0372801667,2.78083079e-06,4.78318742e-07,0.00122930824,0.0740470228,2.78083079e-06,4.78318742e-07,2.4551112174987795
355,1695069000,1.60830225e-05,1.6083029e-05,0.0027357378499999986,-0.0031987617200000006,0.016281134699999998,0.0031998891,0.00659377788,0.00513965462,1.14263956e-06,1.036498075e-05,3.21328679,10.0,1.15209896e-06,1.39636195e-06,7.927195380000001e-07,5.885287469999999e-07,4.42040725e-07,3.52215124e-07,3.02688751e-07,2.6219007899999996e-07,5.80292052e-07,1.3785773599999998e-07,2.0344767700000004e-06,84.84383690000001,45.55681390000001,2.83888669e-10,9.19671065,0.00126781746,0.0781509581,2.9723221699999996e-06,4.87283757e-07,0.00126473482,0.0773711646,2.9723221699999996e-06,4.87283757e-07,0.0008885643960000002,0.0384415221,2.9723221699999996e-06,4.87283757e-07,0.0012633862699999998,0.07676208600000001,2.9723221699999996e-06,4.87283757e-07,2.4551284074783326
355,1695069600,1.60205323e-05,1.6020536000000002e-05,-0.00499303639,-0.022191031499999996,0.0164594551,0.00319763879,0.00656573654,0.00513281118,1.2163841e-06,1.0603684999999999e-05,3.06468533,12.7,1.1911185999999998e-06,1.36248894e-06,8.003755900000001e-07,5.608179980000001e-07,4.2284421199999997e-07,3.4390078300000004e-07,3.0865169100000005e-07,2.61054431e-07,5.8419237e-07,1.3903251700000002e-07,2.03576222e-06,85.01397080000001,45.6236241,2.8346982499999995e-10,9.1953195,0.00125443681,0.0762462829,2.84284207e-06,5.236165659999999e-07,0.0012592488399999998,0.0766383736,2.84284207e-06,5.236165659999999e-07,0.000897309199,0.0402542493,2.84284207e-06,5.236165659999999e-07,0.00124926475,0.07552690100000001,2.84284207e-06,5.236165659999999e-07,2.4551255226135256
355,1695070200,1.59435916e-05,1.59436005e-05,0.0003828794699999992,-0.0155548069,0.016313665999999998,0.00318801016,0.00657642626,0.00511914286,1.1588496599999998e-06,1.0569930700000002e-05,2.92657347,10.2,1.12782157e-06,1.39111324e-06,7.900371550000001e-07,5.56853444e-07,4.3155079500000005e-07,3.57725983e-07,3.0461811e-07,2.5774351099999995e-07,5.74321983e-07,1.4207221e-07,2.0379115e-06,85.061712,45.9026906,2.81022032e-10,9.1969121,0.00125308439,0.0765311501,2.60570371e-06,4.56284628e-07,0.0012668973299999999,0.0777243755,2.60570371e-06,4.56284628e-07,0.00087172716,0.037083688600000005,2.60570371e-06,4.56284628e-07,0.0012426124900000001,0.0753533864,2.60570371e-06,4.56284628e-07,2.4551342010498045
355,1695070800,1.6006119300000003e-05,1.6006120300000002e-05,0.000682762400000001,-0.0401161837,0.01572903225,0.0031996289499999996,0.006582930070000001,0.00513291215,1.1587711400000002e-06,1.03560843e-05,2.9108392199999997,10.0,1.09172276e-06,1.41669723e-06,8.13468446e-07,5.611686469999999e-07,4.444612680000001e-07,3.5561598199999993e-07,3.0362187300000003e-07,2.5492553299999996e-07,5.868175489999999e-07,1.38928611e-07,2.0356199000000002e-06,85.03369239999999,45.825661200000006,2.82493807e-10,9.1954088,0.0012698693199999999,0.07774423059999999,2.81979935e-06,4.66305138e-07,0.0012776549,0.0790697189,2.81979935e-06,4.66305138e-07,0.000865493493,0.036848607799999995,2.81979935e-06,4.66305138e-07,0.00124090631,0.074770897,2.81979935e-06,4.66305138e-07,2.4551270484924315
355,1695071400,1.6159028800000002e-05,1.6159031500000002e-05,-0.00435959756,0.00444097797,0.016022934799999996,0.00320743582,0.00658883344,0.0051433733,1.22082945e-06,1.08068412e-05,3.01223779,11.0,1.18808001e-06,1.37886004e-06,7.989408869999999e-07,5.77138347e-07,4.44638029e-07,3.63739493e-07,2.9598295000000004e-07,2.61310587e-07,5.87447987e-07,1.37753757e-07,2.04556418e-06,84.84862140000001,45.4574128,2.86527845e-10,9.1945054,0.00127484706,0.0787987422,2.84887461e-06,4.920436459999999e-07,0.0012629379599999999,0.07750956049999999,2.84887461e-06,4.920436459999999e-07,0.0008945671689999998,0.039210576999999996,2.84887461e-06,4.920436459999999e-07,0.0012500898900000001,0.0764594582,2.84887461e-06,4.920436459999999e-07,2.4551255226135256
355,1695072000,1.61462659e-05,1.6146272500000003e-05,0.0011377863160000005,-0.00656283821,0.016170898200000002,0.00320716103,0.00660884702,0.0051560068100000005,1.16001891e-06,1.00968893e-05,3.1293706899999996,10.4,1.19230897e-06,1.39845256e-06,8.07194813e-07,5.513901699999998e-07,4.30780013e-07,3.5654537899999997e-07,3.0308144400000003e-07,2.66579002e-07,5.85289982e-07,1.3789386299999998e-07,2.0435677200000004e-06,84.7865205,45.412493999999995,2.85790452e-10,9.1952788,0.00125379555,0.0762591225,2.83289608e-06,4.96283835e-07,0.001277833,0.07939366900000001,2.83289608e-06,4.96283835e-07,0.000887585662,0.0386496618,2.83289608e-06,4.96283835e-07,0.0012561621999999998,0.0769180219,2.83289608e-06,4.96283835e-07,2.455125665664673
355,1695072600,1.62456937e-05,1.62456959e-05,0.004570140069999999,0.010663551430000001,0.01623087905,0.0032152393099999996,0.0066290102299999985,0.00516991019,1.23335e-06,1.0709311499999999e-05,3.3531469,12.2,1.22020036e-06,1.40193982e-06,7.958954479999999e-07,5.631735149999999e-07,4.36100314e-07,3.55364592e-07,3.0183157000000003e-07,2.6715927e-07,5.935857440000001e-07,1.3873296899999997e-07,2.04883865e-06,84.85446749999998,45.353302,2.8813389899999997e-10,9.1944236,0.0012555961600000001,0.0765990685,3.1739979300000003e-06,5.24499297e-07,0.0012694078300000001,0.0783973135,3.1739979300000003e-06,5.24499297e-07,0.000903514319,0.04035074,3.1739979300000003e-06,5.24499297e-07,0.0012573011700000001,0.0780272605,3.1739979300000003e-06,5.24499297e-07,2.4551517009735107
355,1695073200,1.61739453e-05,1.61739501e-05,-1.4750269999999967e-05,0.0035688362700000004,0.016993622000000003,0.00320774828,0.00661071729,0.0051389782600000005,1.16007262e-06,1.021863905e-05,3.2062937399999996,12.0,1.1719127299999998e-06,1.42223044e-06,8.323536810000001e-07,5.49652209e-07,4.35319282e-07,3.71892363e-07,2.90847413e-07,2.5890497599999997e-07,5.77025795e-07,1.39792663e-07,2.0370302100000003e-06,84.82246260000001,45.2939054,2.87811274e-10,9.1927471,0.0012599348400000002,0.0769615835,3.0124418200000002e-06,5.16430951e-07,0.00127761305,0.0797399651,3.0124418200000002e-06,5.16430951e-07,0.0009018088820000001,0.040360339700000004,3.0124418200000002e-06,5.16430951e-07,0.00125627925,0.0760728648,3.0124418200000002e-06,5.16430951e-07,2.4551424026489257
355,1695073800,1.61766918e-05,1.61766979e-05,-0.0007848383500000001,-0.012573590400000001,0.015985001999999998,0.003207823,0.0066261615999999995,0.005153455689999999,1.1667464000000002e-06,1.007585405e-05,3.2709790400000003,11.1,1.2264497399999998e-06,1.40467878e-06,7.793994740000001e-07,5.71591292e-07,4.48752568e-07,3.5774833e-07,2.9274928199999996e-07,2.51196354e-07,5.840076290000001e-07,1.3792530600000004e-07,2.0337846099999998e-06,84.8703736,45.2336145,2.87657196e-10,9.194236100000001,0.0012615265400000002,0.0772308365,2.92037494e-06,5.353228270000001e-07,0.00126265136,0.0772141047,2.92037494e-06,5.353228270000001e-07,0.0009305694390000001,0.042342363599999995,2.92037494e-06,5.353228270000001e-07,0.00125151557,0.0763670517,2.92037494e-06,5.353228270000001e-07,2.455138611793518
355,1695074400,1.61704624e-05,1.6170465900000003e-05,-0.001245034343,-0.01004311367,0.0162119057,0.00321107479,0.006590380800000001,0.005144742339999999,1.1373805700000001e-06,9.9921351e-06,3.1678322,10.5,1.19610793e-06,1.4001564100000002e-06,7.942216380000001e-07,5.678086000000001e-07,4.4344293400000006e-07,3.611356989999999e-07,2.9639707899999997e-07,2.6460501899999997e-07,5.74624702e-07,1.3972001200000003e-07,2.0470006500000005e-06,84.84501,45.4078111,2.86861607e-10,9.194163200000002,0.0012541765399999999,0.07668520899999999,2.67938083e-06,4.933987140000001e-07,0.00127044397,0.0783393012,2.67938083e-06,4.933987140000001e-07,0.0008802722059999999,0.038245274600000004,2.67938083e-06,4.933987140000001e-07,0.00128162141,0.0790833943,2.67938083e-06,4.933987140000001e-07,2.4550943851470945
355,1695075000,1.59806673e-05,1.5980671699999996e-05,-0.0013569430299999997,-0.02052386209,0.016646237,0.0031908991800000002,0.00658145763,0.00513666604,1.16413787e-06,1.02359211e-05,3.0227273200000004,10.1,1.16170849e-06,1.34991046e-06,8.03228053e-07,5.623243310000001e-07,4.48224014e-07,3.52692747e-07,2.92837127e-07,2.66081448e-07,5.7141656e-07,1.3878422900000002e-07,2.0430960899999996e-06,85.07259239999999,45.8425637,2.81827752e-10,9.1966986,0.00126610315,0.07770491360000001,2.72588647e-06,4.912216300000001e-07,0.0012531427900000002,0.076451757,2.72588647e-06,4.912216300000001e-07,0.000885895804,0.0387370212,2.72588647e-06,4.912216300000001e-07,0.00123560211,0.07499754389999999,2.72588647e-06,4.912216300000001e-07,2.455102872848511
355,1695075600,1.62354952e-05,1.62354979e-05,-0.009015907649999998,0.0008859652100000014,0.016216685,0.0032155525399999996,0.00661148822,0.0051584625,1.1593827400000001e-06,1.0593459100000002e-05,3.46153853,13.4,1.2057638e-06,1.39060939e-06,8.176604449999999e-07,5.737332150000001e-07,4.34186593e-07,3.6437661600000004e-07,3.07344796e-07,2.5683120400000003e-07,5.789559929999999e-07,1.3974875900000002e-07,2.0485026800000004e-06,84.7917215,45.29311489999999,2.88702962e-10,9.1930942,0.0012716197900000002,0.078125692,3.0680311799999993e-06,5.278848030000001e-07,0.0012759095500000002,0.07878510759999999,3.0680311799999993e-06,5.278848030000001e-07,0.0009189996799999999,0.0412995647,3.0680311799999993e-06,5.278848030000001e-07,0.00125336688,0.07588566199999999,3.0680311799999993e-06,5.278848030000001e-07,2.4551339387893676
355,1695076200,1.61040332e-05,1.6104036899999997e-05,-0.00482586081616,0.01702267176,0.0169153615,0.00319916912,0.00657882147,0.00514072019,1.20094683e-06,1.081341365e-05,3.25000007,11.4,1.17276064e-06,1.3864413800000002e-06,7.90458749e-07,5.7565875e-07,4.4259391799999997e-07,3.5576996300000004e-07,2.96920633e-07,2.6325181600000005e-07,5.8189428e-07,1.38493538e-07,2.0477339600000003e-06,84.998955,45.6146935,2.84747784e-10,9.197038599999999,0.0012671056599999999,0.0777429493,2.4698523200000005e-06,4.6775139399999996e-07,0.00126320135,0.0779919661,2.4698523200000005e-06,4.6775139399999996e-07,0.0008880105519999999,0.0384437919,2.4698523200000005e-06,4.6775139399999996e-07,0.0012405129000000001,0.07598543590000001,2.4698523200000005e-06,4.6775139399999996e-07,2.455081844329834
355,1695076800,1.6112722700000004e-05,1.61127272e-05,0.0004915235499999995,0.005690801530000001,0.016266162100000002,0.00320158197,0.00659321739,0.005147858700000001,1.1846720000000001e-06,1.067345355e-05,3.2447553300000003,10.2,1.1722516200000002e-06,1.41344174e-06,7.87741121e-07,5.642563889999999e-07,4.41928413e-07,3.46595774e-07,3.0154815099999996e-07,2.67202173e-07,5.79258103e-07,1.38009329e-07,2.0441119600000002e-06,84.9672724,45.5943491,2.8487121e-10,9.1963488,0.00126259504,0.0776202814,2.74076312e-06,4.786246e-07,0.0012592357100000002,0.0768983452,2.74076312e-06,4.786246e-07,0.0008804441189999999,0.0377637547,2.74076312e-06,4.786246e-07,0.0012757829,0.07927022880000001,2.74076312e-06,4.786246e-07,2.455144476890564
355,1695077400,1.6168555199999996e-05,1.61685604e-05,0.00423989704,0.0042220008,0.016145946599999995,0.0032077499999999997,0.00663037197,0.00516285066,1.1989944400000002e-06,1.081778735e-05,3.40034965,13.0,1.26287796e-06,1.34150007e-06,7.73626482e-07,5.61011557e-07,4.3712864900000007e-07,3.58006097e-07,3.1379033100000004e-07,2.6106158699999997e-07,5.800947140000001e-07,1.39432421e-07,2.05572879e-06,85.03507300000001,45.609201600000006,2.8616461e-10,9.195849899999999,0.0012734886200000003,0.07859317,3.02181408e-06,5.418270640000001e-07,0.0012488952600000001,0.0756690184,3.02181408e-06,5.418270640000001e-07,0.0009152937629999998,0.0415855914,3.02181408e-06,5.418270640000001e-07,0.0012531291600000002,0.0767011238,3.02181408e-06,5.418270640000001e-07,2.455129051208496
355,1695078000,1.62795123e-05,1.62795166e-05,0.0034220624700000007,0.013578062600000001,0.016634941999999996,0.0032149074899999997,0.00665874645,0.005172270370000001,1.19779283e-06,1.043069045e-05,3.3881119699999998,12.1,1.20306984e-06,1.4312061e-06,7.685839550000001e-07,5.656744599999999e-07,4.40598268e-07,3.6085380800000005e-07,3.11242145e-07,2.623516250000001e-07,5.9541329e-07,1.3991876600000002e-07,2.06080579e-06,84.853851,45.465679,2.8873894e-10,9.1942318,0.0012760049000000002,0.0786306918,3.03732083e-06,5.310478249999999e-07,0.00125956386,0.0771607886,3.03732083e-06,5.310478249999999e-07,0.000903959842,0.0408404237,3.03732083e-06,5.310478249999999e-07,0.00125818189,0.077388869,3.03732083e-06,5.310478249999999e-07,2.45515558719635
355,1695078600,1.61526797e-05,1.6152681899999998e-05,-0.00929730851,-0.002795376519999999,0.0160145269,0.00320901829,0.006578708850000001,0.0051438483,1.2114712700000001e-06,1.05584545e-05,3.11013992,11.0,1.1634276100000002e-06,1.4137002699999998e-06,8.064627090000002e-07,5.579093509999999e-07,4.3411496199999996e-07,3.52788651e-07,3.07895352e-07,2.6338708399999994e-07,5.83210807e-07,1.3831103899999998e-07,2.0550727699999997e-06,84.91528600000001,45.5896998,2.85769624e-10,9.195141200000002,0.0012583819799999998,0.0767395031,2.9416064999999994e-06,5.201663179999999e-07,0.0012741434199999998,0.0789119535,2.9416064999999994e-06,5.201663179999999e-07,0.0008853986370000001,0.039105452299999996,2.9416064999999994e-06,5.201663179999999e-07,0.0012437932700000002,0.07601747290000001,2.9416064999999994e-06,5.201663179999999e-07,2.455097508430481
355,1695079200,1.6250418200000002e-05,1.6250422e-05,-0.00997203648,0.007796388469999999,0.0162848449,0.00321413278,0.006605132000000001,0.00515281119,1.22613185e-06,1.0681215850000002e-05,3.4108392299999997,11.0,1.2267923999999998e-06,1.4061912499999998e-06,8.13729096e-07,5.61439247e-07,4.22263434e-07,3.6374939300000003e-07,2.95625132e-07,2.6335046e-07,5.78669633e-07,1.4047428e-07,2.0528494199999998e-06,84.9004712,45.320871499999996,2.8923844500000003e-10,9.193322750000002,0.0012566561799999998,0.07627973440000001,3.1989271300000004e-06,5.584651529999999e-07,0.00128463747,0.07983650860000001,3.1989271300000004e-06,5.584651529999999e-07,0.0009204278099999999,0.0420268792,3.1989271300000004e-06,5.584651529999999e-07,0.00124955203,0.07577431250000001,3.1989271300000004e-06,5.584651529999999e-07,2.4551275968551636
355,1695079800,1.6053385100000002e-05,1.6053388300000003e-05,0.0029187877183999983,0.002678255840000001,0.0166276178,0.00319506484,0.006594742820000001,0.00512841083,1.1577010699999998e-06,1.0524662e-05,3.22552453,10.8,1.1340571e-06,1.4118921199999998e-06,7.642623119999999e-07,5.723822039999999e-07,4.4175584700000003e-07,3.62365668e-07,3.0083421800000003e-07,2.6948223199999995e-07,5.84196728e-07,1.39563555e-07,2.04589047e-06,84.99288329999999,45.8089141,2.8317956299999993e-10,9.19656785,0.00128176492,0.0790635179,2.5672521500000002e-06,4.60807997e-07,0.00127051588,0.0784592517,2.5672521500000002e-06,4.60807997e-07,0.000873562846,0.037203002299999996,2.5672521500000002e-06,4.60807997e-07,0.0012370798699999999,0.07397585999999999,2.5672521500000002e-06,4.60807997e-07,2.4551339626312254
355,1695080400,1.6166353888888887e-05,1.6166356444444443e-05,-0.0036608393500000003,0.02182742438888889,0.016934106666666667,0.003204161122222222,0.006597544111111111,0.005132449344444444,1.1854458111111112e-06,1.0149968000000002e-05,3.1993007555555555,11.333333333333334,1.1870285444444446e-06,1.396659677777778e-06,7.968841344444444e-07,5.695336055555556e-07,4.2693827888888885e-07,3.6842474444444445e-07,2.9925102e-07,2.6297009e-07,5.939882455555556e-07,1.3962208555555554e-07,2.0418565555555557e-06,84.77569222222222,45.46328844444444,2.858592877777778e-10,9.194702111111111,0.0012706808666666665,0.07812861888888889,3.025643011111111e-06,5.145025722222223e-07,0.001264583222222222,0.07770331944444446,3.025643011111111e-06,5.145025722222223e-07,0.00089714516,0.03917561422222223,3.025643011111111e-06,5.145025722222223e-07,0.0012611391111111113,0.07726435544444445,3.025643011111111e-06,5.145025722222223e-07,2.4551371733347573
355,1695081000,1.6251909900000002e-05,1.62519116e-05,-0.0014379030499999993,0.029105446299999997,0.0160228875,0.0032117758100000003,0.00663092094,0.00514940735,1.1982856700000001e-06,1.078129835e-05,3.5052448,10.7,1.2374400699999999e-06,1.37657614e-06,7.970290440000001e-07,5.657822550000001e-07,4.4834881100000004e-07,3.52410155e-07,3.12680215e-07,2.62203594e-07,5.818323869999999e-07,1.3937089200000002e-07,2.0522497599999997e-06,84.87109989999999,45.323717800000004,2.888425610000001e-10,9.1936864,0.00126512583,0.0774803044,3.0840346999999997e-06,5.3342583e-07,0.0012579525900000001,0.07687759889999998,3.0840346999999997e-06,5.3342583e-07,0.0009040369909999998,0.0403396507,3.0840346999999997e-06,5.3342583e-07,0.00127627644,0.0789005168,3.0840346999999997e-06,5.3342583e-07,2.4551275968551636
355,1695081600,1.6164342100000004e-05,1.61643508e-05,-0.0011513377700000018,0.0010560149849999998,0.0159324395,0.0032072363899999998,0.0066084918399999994,0.005137567149999999,1.1592626799999998e-06,1.03979568e-05,3.21153852,11.1,1.13901058e-06,1.38757525e-06,8.04938253e-07,5.59078187e-07,4.18676592e-07,3.52808252e-07,3.0580933900000005e-07,2.6405024e-07,6.420690230000001e-07,1.4110311700000002e-07,2.0670102100000003e-06,84.946141,46.002756899999994,2.84671409e-10,9.1974052,0.0012515453699999998,0.07580799519999999,2.65864948e-06,4.8995399e-07,0.0012608682299999998,0.0765399238,2.65864948e-06,4.8995399e-07,0.000875354614,0.03792428,2.65864948e-06,4.8995399e-07,0.00126691103,0.07684626219999999,2.65864948e-06,4.8995399e-07,2.455148768424988
355,1695082200,1.65071701e-05,1.65071751e-05,0.009211189980000001,-0.00682855413,0.0166077941,0.0032436612499999995,0.0066856814799999996,0.00521466538,1.19364773e-06,1.03590998e-05,3.25699307,10.9,1.18853637e-06,1.4196825900000003e-06,8.14000579e-07,5.674691450000001e-07,4.45077031e-07,3.55321399e-07,3.1065854700000003e-07,2.7058086999999996e-07,6.56291923e-07,1.3979001e-07,2.0861476999999996e-06,84.73349399999998,45.572887200000004,2.92587615e-10,9.1937503,0.00126757818,0.07795049899999999,3.1170383699999996e-06,5.136359340000001e-07,0.00128794282,0.0802783766,3.1170383699999996e-06,5.136359340000001e-07,0.0008892303720000001,0.0390285875,3.1170383699999996e-06,5.136359340000001e-07,0.0012643817200000001,0.0778129914,3.1170383699999996e-06,5.136359340000001e-07,2.4551487445831297
355,1695082800,1.63319503e-05,1.63319552e-05,0.013675037959999997,-0.0123077848,0.015922409749999998,0.0032269624599999998,0.00665801884,0.005194575579999999,1.1247019100000002e-06,1.0101595049999999e-05,3.27797209,12.4,1.17054145e-06,1.40468803e-06,8.157957499999999e-07,5.454443890000001e-07,4.35361706e-07,3.5413154999999997e-07,3.02801359e-07,2.6467559400000007e-07,6.442019570000001e-07,1.3853229299999996e-07,2.08979218e-06,84.96302560000001,45.8110954,2.89290168e-10,9.19495015,0.00125950754,0.0769239939,3.0773821199999995e-06,5.201573490000001e-07,0.00128503019,0.0797841566,3.0773821199999995e-06,5.201573490000001e-07,0.0008869212689999999,0.0389411284,3.0773821199999995e-06,5.201573490000001e-07,0.00124004352,0.0750587076,3.0773821199999995e-06,5.201573490000001e-07,2.455149292945862
355,1695083400,1.63004919e-05,1.6300498e-05,0.01161795746,0.0218040081,0.0165528698,0.00321484742,0.006668791740000001,0.00517057443,1.2115761599999999e-06,1.0701976799999999e-05,3.50524483,14.4,1.1638100800000001e-06,1.4100455999999999e-06,8.047547560000001e-07,5.68881155e-07,4.3115603800000003e-07,3.5172996399999996e-07,3.0165418999999996e-07,2.6439021999999995e-07,6.35909307e-07,1.3896569000000002e-07,2.07894537e-06,84.91518289999999,45.8133239,2.8810414899999995e-10,9.1964386,0.0012673595799999999,0.0779747031,2.8904345699999997e-06,5.175878599999999e-07,0.0012661148099999996,0.0782851265,2.8904345699999997e-06,5.175878599999999e-07,0.0009032706550000002,0.040083315099999996,2.8904345699999997e-06,5.175878599999999e-07,0.00124101022,0.07498724120000001,2.8904345699999997e-06,5.175878599999999e-07,2.4551546573638916
355,1695084000,1.63913461e-05,1.6391350699999998e-05,0.011929650391999998,-0.009087745369999999,0.0159404307,0.0032306711700000003,0.00666640825,0.00519163203,1.1633149500000002e-06,1.0306136249999999e-05,3.3811189299999995,12.3,1.2096230300000001e-06,1.42172372e-06,8.02724606e-07,5.65869669e-07,4.2126956499999997e-07,3.5980143899999996e-07,3.00780504e-07,2.6072331600000003e-07,6.2666672e-07,1.42314738e-07,2.08414441e-06,85.05602060000001,45.7185668,2.90370383e-10,9.1960094,0.0012566358699999999,0.0767038594,3.0830602500000006e-06,4.96669643e-07,0.00127639856,0.07894918799999999,3.0830602500000006e-06,4.96669643e-07,0.0008931750339999999,0.0392297596,3.0830602500000006e-06,4.96669643e-07,0.0012833276800000002,0.0801655009,3.0830602500000006e-06,4.96669643e-07,2.4551320314407348
355,1695084600,1.6148763e-05,1.6148768800000002e-05,0.010464306619999999,-0.01643113259,0.0160250913,0.00320963282,0.00663373248,0.005163973849999999,1.1456257099999998e-06,1.00750506e-05,3.1678322299999997,11.0,1.17472607e-06,1.34239999e-06,8.00467552e-07,5.731681529999999e-07,4.3252229199999996e-07,3.6497761999999997e-07,2.9321395699999997e-07,2.55248172e-07,6.31736089e-07,1.39932373e-07,2.0659524199999996e-06,85.05343350000001,45.996175199999996,2.8489778200000004e-10,9.196237100000001,0.0012579731600000001,0.0767030698,2.48203725e-06,4.80355184e-07,0.00126364075,0.0777069427,2.48203725e-06,4.80355184e-07,0.0008999584389999999,0.0400833078,2.48203725e-06,4.80355184e-07,0.00123204343,0.07337400540000001,2.48203725e-06,4.80355184e-07,2.4551273822784423
355,1695085200,1.63483812e-05,1.6348383700000002e-05,0.01001759105,-0.02841554759,0.0164936175,0.0032284808,0.00667945588,0.00520314293,1.1914462900000001e-06,1.054427185e-05,3.1346154,11.7,1.2187159599999997e-06,1.3601465799999999e-06,8.0204361e-07,5.7426147e-07,4.362449910000001e-07,3.63369541e-07,3.0926911400000003e-07,2.59373433e-07,6.287525530000001e-07,1.42491661e-07,2.07948959e-06,84.919404,45.694207999999996,2.8988734699999997e-10,9.194447399999998,0.00126562409,0.07782520400000001,2.9603969899999995e-06,5.0385921e-07,0.00128125019,0.0792903187,2.9603969899999995e-06,5.0385921e-07,0.0008831924920000001,0.0385042708,2.9603969899999995e-06,5.0385921e-07,0.00126383695,0.07760544529999999,2.9603969899999995e-06,5.0385921e-07,2.4551167249679566
355,1695085800,1.6251833399999996e-05,1.6251837699999998e-05,-0.0033816486399999997,0.01996814908,0.016411365399999996,0.0032120933099999997,0.00662998286,0.00516077312,1.1571795599999999e-06,1.014928105e-05,3.40209793,10.8,1.179992e-06,1.3547949099999999e-06,7.9412381e-07,5.699260039999999e-07,4.34975341e-07,3.58916002e-07,3.0783502300000003e-07,2.681143750000001e-07,6.46565051e-07,1.39874803e-07,2.07075346e-06,84.97817,45.90960500000001,2.87651796e-10,9.19517335,0.00126558198,0.0777482875,2.69154866e-06,4.969780079999999e-07,0.0012693341600000002,0.07784084599999999,2.69154866e-06,4.969780079999999e-07,0.000893500507,0.03928552899999999,2.69154866e-06,4.969780079999999e-07,0.001235964,0.0741597701,2.69154866e-06,4.969780079999999e-07,2.455135464668274
355,1695086400,1.6650776199999997e-05,1.6650780099999997e-05,-0.002253789677,0.008368917100000001,0.016771361899999997,0.0032565373200000003,0.00669783327,0.00522820679,1.22954097e-06,1.089408005e-05,3.54020986,13.9,1.20122102e-06,1.4683908100000001e-06,7.934582580000001e-07,5.597361449999998e-07,4.3687436800000004e-07,3.6816158900000003e-07,3.08953027e-07,2.66407731e-07,6.655840960000001e-07,1.4295175e-07,2.1135603599999998e-06,84.918462,45.691346800000005,2.9560243300000005e-10,9.1938549,0.0012675154499999998,0.0778608265,3.05423189e-06,5.53257703e-07,0.00126669177,0.07835003780000001,3.05423189e-06,5.53257703e-07,0.0009124622380000001,0.041158768899999996,3.05423189e-06,5.53257703e-07,0.00127926434,0.07912252550000001,3.05423189e-06,5.53257703e-07,2.455137825012207
355,1695087000,1.6621541800000002e-05,1.6621545100000005e-05,-0.00021828009699999962,0.01226241687,0.017596657,0.0032526743900000003,0.00670584154,0.00521967443,1.25378249e-06,1.11817613e-05,3.5891609000000004,11.2,1.21557547e-06,1.4157154e-06,8.03860337e-07,5.80392659e-07,4.35004391e-07,3.5775810999999997e-07,3.1520745299999995e-07,2.6941597799999996e-07,6.66607788e-07,1.42485274e-07,2.10870854e-06,84.72665140000001,45.6065921,2.9509863800000005e-10,9.1937866,0.00126406826,0.07748501589999998,2.7809372299999997e-06,5.12289874e-07,0.00127747586,0.0793620531,2.7809372299999997e-06,5.12289874e-07,0.000920870114,0.0415410511,2.7809372299999997e-06,5.12289874e-07,0.0012601236,0.07695296539999999,2.7809372299999997e-06,5.12289874e-07,2.4551663637161254
355,1695087600,1.6645249600000005e-05,1.6645251500000002e-05,-0.00254401222,-0.0036764401,0.016875105799999998,0.0032570992199999994,0.006711234450000001,0.0052300657100000005,1.2209701999999997e-06,1.05361638e-05,3.673076950000001,13.1,1.2522696000000001e-06,1.46717384e-06,7.858745989999999e-07,5.5725658e-07,4.3702539399999996e-07,3.7144847300000003e-07,2.97630245e-07,2.6203175400000003e-07,6.51639025e-07,1.4005666500000002e-07,2.1001997e-06,84.7830816,45.28511110000001,2.9751230699999996e-10,9.19140065,0.0012574501699999998,0.0768734625,2.7486665599999994e-06,4.94770732e-07,0.0012751950999999998,0.07867904309999998,2.7486665599999994e-06,4.94770732e-07,0.0009114571759999999,0.0406897605,2.7486665599999994e-06,4.94770732e-07,0.00129883703,0.0816067396,2.7486665599999994e-06,4.94770732e-07,2.455120873451233
355,1695088200,1.63819311e-05,1.63819379e-05,-0.006052203150000001,0.000809412059999999,0.0166832107,0.00322844069,0.00666116456,0.0051968315000000005,1.1642645800000003e-06,1.0603009950000002e-05,3.3706294100000003,11.5,1.1539036300000001e-06,1.40837087e-06,7.999663860000001e-07,5.63598303e-07,4.5905986700000003e-07,3.61101449e-07,3.0984660699999996e-07,2.5926901300000004e-07,6.473520830000001e-07,1.40876557e-07,2.0876035400000003e-06,84.92176610000001,45.911041600000004,2.89665457e-10,9.195122249999999,0.0012668711299999998,0.07791392429999999,2.86460132e-06,5.090048560000001e-07,0.00126933315,0.07769725199999998,2.86460132e-06,5.090048560000001e-07,0.0008904826060000001,0.0390321706,2.86460132e-06,5.090048560000001e-07,0.00124222862,0.07595986400000002,2.86460132e-06,5.090048560000001e-07,2.455175995826721
355,1695088800,1.6488038899999997e-05,1.64880426e-05,0.0004703796960000006,0.01608959785,0.0169684211,0.0032378402,0.006677272989999999,0.00519813872,1.1943973299999998e-06,1.0696218700000002e-05,3.4702797500000004,12.5,1.17374807e-06,1.47378143e-06,8.047046239999999e-07,5.71331542e-07,4.33835419e-07,3.56182215e-07,3.2166229900000006e-07,2.62826455e-07,6.48546406e-07,1.38985507e-07,2.0583447200000003e-06,84.7350035,45.287286699999996,2.94012219e-10,9.1929611,0.00127544072,0.0789272914,2.89869908e-06,5.257883670000001e-07,0.0012835342799999998,0.07998316400000001,2.89869908e-06,5.257883670000001e-07,0.0009109700240000001,0.0409536231,2.89869908e-06,5.257883670000001e-07,0.0012549685,0.07681670310000001,2.89869908e-06,5.257883670000001e-07,2.4551835298538207
355,1695089400,1.6372069e-05,1.63720723e-05,-0.0196790181,0.0329178573,0.016648254999999997,0.00322272455,0.0066202065799999986,0.00518371258,1.18658717e-06,1.0631121550000002e-05,3.5349651400000006,11.4,1.1752326100000001e-06,1.42471243e-06,8.06048457e-07,5.652798599999999e-07,4.2572772799999995e-07,3.56634881e-07,2.9985971799999997e-07,2.6658179200000004e-07,6.61141487e-07,1.4002176599999998e-07,2.0647685200000003e-06,84.9088956,45.580062999999996,2.9130051099999996e-10,9.19370535,0.0012618534799999999,0.0770379484,2.7056310899999995e-06,4.959940849999999e-07,0.00127133201,0.0789332186,2.7056310899999995e-06,4.959940849999999e-07,0.000897341461,0.039590096600000006,2.7056310899999995e-06,4.959940849999999e-07,0.0012623562299999998,0.076853727,2.7056310899999995e-06,4.959940849999999e-07,2.4551456212997436
355,1695090000,1.63722834e-05,1.6372286900000002e-05,0.01766000554,-0.003267203710000001,0.0165685379,0.00323098064,0.00665403133,0.005180287279999999,1.1649289799999997e-06,1.0416781100000001e-05,3.4230769700000003,10.9,1.18762241e-06,1.3867319499999999e-06,8.205799e-07,5.68222289e-07,4.3645383599999996e-07,3.61543892e-07,3.0799151500000004e-07,2.62669457e-07,6.519502959999999e-07,1.3887137399999998e-07,2.06348784e-06,84.74851699999999,45.515773800000005,2.90807923e-10,9.1942765,0.0012651068900000001,0.077713902,3.49496542e-06,5.068932919999999e-07,0.00128580967,0.080480418,3.49496542e-06,5.068932919999999e-07,0.0008820968320000001,0.0382998387,3.49496542e-06,5.068932919999999e-07,0.0012439669199999998,0.07557538189999999,3.49496542e-06,5.068932919999999e-07,2.4551482439041137
355,1695090600,1.6409015699999997e-05,1.6409020499999998e-05,0.005411288889999999,-0.019335779799999998,0.016306028300000004,0.0032339679500000005,0.006666065420000001,0.00518968841,1.17809213e-06,1.0129110200000002e-05,3.40209799,11.3,1.1809406100000001e-06,1.41382022e-06,7.989635430000001e-07,5.6282549e-07,4.4676260599999994e-07,3.4641188500000005e-07,3.123428e-07,2.6985983000000003e-07,6.588167300000001e-07,1.38122049e-07,2.07561531e-06,84.8900868,45.6786059,2.9148419e-10,9.19383775,0.0012553929300000001,0.0767434095,2.7667763399999996e-06,4.974504290000001e-07,0.00127686911,0.07864794850000001,2.7667763399999996e-06,4.974504290000001e-07,0.0008941299789999999,0.03937455349999999,2.7667763399999996e-06,4.974504290000001e-07,0.00126659331,0.0779564905,2.7667763399999996e-06,4.974504290000001e-07,2.4551494121551514
355,1695091200,1.6044751e-05,1.6044753800000004e-05,-0.005444933000000001,0.014666242549999996,0.015956856,0.0031934332399999993,0.006585458749999999,0.005127178490000001,1.1360259200000002e-06,1.012308805e-05,3.15384621,11.3,1.14306369e-06,1.3928808e-06,7.98690976e-07,5.443790070000001e-07,4.377920480000001e-07,3.54241305e-07,3.0554442700000004e-07,2.67461729e-07,5.98577784e-07,1.3768640899999998e-07,2.04203516e-06,84.897373,45.7283121,2.831911709999999e-10,9.1958368,0.0012542717499999998,0.0766344139,2.4312719600000003e-06,4.874116559999999e-07,0.00126130329,0.07736345809999999,2.4312719600000003e-06,4.874116559999999e-07,0.0008954306400000001,0.039236699800000004,2.4312719600000003e-06,4.874116559999999e-07,0.001241508,0.0745544945,2.4312719600000003e-06,4.874116559999999e-07,2.4551522016525267
355,1695091800,1.6124465300000004e-05,1.61244692e-05,-0.0001896913299999997,-0.023580508849999997,0.0164383708,0.0032060374199999997,0.006615589789999999,0.005152654830000001,1.15201313e-06,1.05311442e-05,3.08566438,10.8,1.16806682e-06,1.37644179e-06,8.070202709999999e-07,5.637455860000001e-07,4.42787507e-07,3.55914549e-07,3.08326309e-07,2.6404034600000006e-07,5.82281311e-07,1.39423833e-07,2.0541538500000003e-06,84.91251650000001,45.643239,2.8521453500000003e-10,9.1955019,0.00126029766,0.077096659,2.5512747200000002e-06,4.927936860000001e-07,0.0012632792300000001,0.0774556209,2.5512747200000002e-06,4.927936860000001e-07,0.0009077991659999999,0.0399194388,2.5512747200000002e-06,4.927936860000001e-07,0.00124802452,0.0755672663,2.5512747200000002e-06,4.927936860000001e-07,2.4551304817199706
355,1695092400,1.5975204499999998e-05,1.59752085e-05,-0.0098870716,0.010363510230000001,0.01605891675,0.00318920886,0.00655776629,0.00510993147,1.14577912e-06,1.0160616799999999e-05,3.16958046,11.6,1.18657288e-06,1.3252778500000002e-06,7.63150258e-07,5.678520820000001e-07,4.3993252999999996e-07,3.61054213e-07,3.0968194099999995e-07,2.64088498e-07,5.84481245e-07,1.3705694899999998e-07,2.04841206e-06,85.1123789,45.9243422,2.8158051e-10,9.1975819,0.00126038922,0.0770889946,2.6291309499999998e-06,4.7758348e-07,0.00125603896,0.0765792867,2.6291309499999998e-06,4.7758348e-07,0.0008788055470000001,0.037873749799999995,2.6291309499999998e-06,4.7758348e-07,0.0012368895499999999,0.074029677,2.6291309499999998e-06,4.7758348e-07,2.4551264524459837
355,1695093000,1.61597003e-05,1.61597052e-05,0.00637706871,0.02068032773,0.0161925238,0.0032044031800000003,0.006620491810000001,0.00515211076,1.21989542e-06,1.0614498100000001e-05,3.1311189399999995,11.6,1.1648534500000002e-06,1.3901205800000002e-06,7.991292559999999e-07,5.70974077e-07,4.4177109200000006e-07,3.6135193000000006e-07,3.06416877e-07,2.6203403599999995e-07,5.8931798e-07,1.43566711e-07,2.05029996e-06,84.86175750000001,45.63962840000001,2.85751716e-10,9.195017799999999,0.00126764647,0.077951704,2.92092313e-06,4.95315148e-07,0.00126589282,0.0772262456,2.92092313e-06,4.95315148e-07,0.0008942390100000001,0.03948937140000001,2.92092313e-06,4.95315148e-07,0.0012428499699999999,0.0751896228,2.92092313e-06,4.95315148e-07,2.4551268339157106
355,1695093600,1.63500897e-05,1.63500969e-05,-0.00892466629,0.00011346976329999967,0.01595465985,0.00322456464,0.00663528216,0.00517659411,1.20886787e-06,1.0513766500000001e-05,3.4108392000000003,11.4,1.248227e-06,1.40391996e-06,8.10254108e-07,5.76296272e-07,4.404950730000001e-07,3.58657691e-07,2.96308295e-07,2.67293386e-07,5.83434567e-07,1.39852449e-07,2.05028492e-06,84.6381075,45.086082999999995,2.90944944e-10,9.1932996,0.0012701693199999998,0.07829585219999999,2.8382553000000005e-06,5.286281e-07,0.00127322493,0.0784987519,2.8382553000000005e-06,5.286281e-07,0.000918180091,0.0414854283,2.8382553000000005e-06,5.286281e-07,0.0012665067100000001,0.0784144854,2.8382553000000005e-06,5.286281e-07,2.455149245262146
355,1695094200,1.62362938e-05,1.6236295000000002e-05,-0.00519016921,-0.013504531414000001,0.01678937865,0.0032164543100000006,0.006622387469999999,0.00517105702,1.14073588e-06,1.038217765e-05,3.24300706,11.9,1.20319604e-06,1.3980198599999998e-06,8.09716583e-07,5.59967179e-07,4.2201794900000004e-07,3.52278805e-07,3.1369259900000006e-07,2.6078649999999995e-07,5.75118425e-07,1.4158574299999998e-07,2.0817436600000003e-06,85.01800800000001,45.69022450000001,2.8765432200000004e-10,9.1948444,0.0012542993900000001,0.0766826336,3.11897261e-06,5.126472550000001e-07,0.00128007816,0.0794972286,3.11897261e-06,5.126472550000001e-07,0.000895691531,0.03924690460000001,3.11897261e-06,5.126472550000001e-07,0.00126118938,0.07695106900000001,3.11897261e-06,5.126472550000001e-07,2.4551103591918944
355,1695094800,1.6245069899999998e-05,1.62450738e-05,-0.004669239689999999,0.005198282950000001,0.016025064800000002,0.0032163748000000004,0.00664364261,0.00516748756,1.23645361e-06,1.1195474e-05,3.2552448400000005,11.4,1.1894646499999999e-06,1.4182986200000001e-06,8.02851466e-07,5.527819079999999e-07,4.32278597e-07,3.5862693800000004e-07,3.0608247399999997e-07,2.64442489e-07,5.91351254e-07,1.3857487900000002e-07,2.06775614e-06,84.9395025,45.6087424,2.87322541e-10,9.196072050000001,0.0012553401499999998,0.07609844499999999,3.6241031000000004e-06,5.54502482e-07,0.0012781515900000002,0.0792633472,3.6241031000000004e-06,5.54502482e-07,0.0008935764930000001,0.0400301749,3.6241031000000004e-06,5.54502482e-07,0.00125632379,0.0767764972,3.6241031000000004e-06,5.54502482e-07,2.4551541566848756
355,1695095400,1.62955985e-05,1.62956039e-05,0.0009520851299999993,-0.01220467956,0.0167914603,0.0032211864,0.006644089090000001,0.005172091300000001,1.2009040799999998e-06,1.0497107700000002e-05,3.2115385400000003,11.4,1.2245703000000001e-06,1.3994345600000001e-06,7.99425776e-07,5.424290340000001e-07,4.248857920000001e-07,3.6714177299999996e-07,3.12034607e-07,2.64799119e-07,5.965002069999999e-07,1.41035205e-07,2.0755154200000003e-06,84.883441,45.5945116,2.88376371e-10,9.195903699999999,0.00125461131,0.07646240010000001,3.08499184e-06,5.307645490000001e-07,0.0012639353999999998,0.07738618259999999,3.08499184e-06,5.307645490000001e-07,0.0009304793199999999,0.0425083552,3.08499184e-06,5.307645490000001e-07,0.00125387336,0.0757764331,3.08499184e-06,5.307645490000001e-07,2.4551374912261963
355,1695096000,1.6421500599999998e-05,1.64215057e-05,-0.0017255045199999995,-0.01688279738,0.0160607294,0.00323581659,0.00665419889,0.005206970220000001,1.2488950100000001e-06,1.0789833850000002e-05,3.30944065,11.3,1.2074679100000001e-06,1.43855446e-06,7.99385331e-07,5.69388917e-07,4.5760290299999996e-07,3.6056771000000006e-07,3.02793135e-07,2.72481082e-07,5.81049349e-07,1.3956967199999997e-07,2.08185844e-06,84.6772536,45.3038903,2.9174449500000003e-10,9.193652599999998,0.0012829468799999998,0.0795626745,3.05873157e-06,5.00996135e-07,0.0012814625099999998,0.07930081289999999,3.05873157e-06,5.00996135e-07,0.000901997184,0.039754197899999996,3.05873157e-06,5.00996135e-07,0.00126711803,0.07815374659999999,3.05873157e-06,5.00996135e-07,2.455138373374939
355,1695096600,1.61680802e-05,1.61680897e-05,-0.002973049510000001,-0.02082400295,0.0161986964,0.00321206135,0.006615480350000001,0.00515957068,1.12916981e-06,1.0666218499999999e-05,3.04720282,9.8,1.1534516199999999e-06,1.3970943000000002e-06,8.28883644e-07,5.79865594e-07,4.3731089400000006e-07,3.57210985e-07,3.03464092e-07,2.67085635e-07,5.74900756e-07,1.37873968e-07,2.0468834999999997e-06,84.8119865,45.527299,2.85533646e-10,9.19624545,0.00127125854,0.0781085437,2.56252276e-06,4.727911339999999e-07,0.00128643442,0.0801299241,2.56252276e-06,4.727911339999999e-07,0.0008746411349999999,0.0378320028,2.56252276e-06,4.727911339999999e-07,0.00125832441,0.07638647109999999,2.56252276e-06,4.727911339999999e-07,2.4551231145858763
355,1695097200,1.60797472e-05,1.60797506e-05,0.0107857546,0.009109751,0.017388611100000003,0.00319903889,0.0065946849,0.00514310588,1.1218068200000002e-06,9.9464124e-06,3.25524482,11.0,1.1465797000000002e-06,1.4014263e-06,7.9210686e-07,5.605784390000001e-07,4.30341574e-07,3.597151e-07,3.02357623e-07,2.6600459e-07,5.836280360000001e-07,1.4049183400000002e-07,2.05661349e-06,84.9957295,45.8384014,2.8321712199999996e-10,9.197058899999998,0.00125695852,0.0768458693,2.6946037700000003e-06,4.906120130000001e-07,0.0012606498300000001,0.0772627532,2.6946037700000003e-06,4.906120130000001e-07,0.0008953011089999999,0.0391039831,2.6946037700000003e-06,4.906120130000001e-07,0.0012428346100000001,0.075116389,2.6946037700000003e-06,4.906120130000001e-07,2.4551613330841064
355,1695097800,1.63541628e-05,1.6354171700000002e-05,0.0016070151600000005,-0.0025424635000000006,0.016116739900000003,0.00322561856,0.006672607630000001,0.005190375519999999,1.1829573659999999e-06,1.0507954150000002e-05,3.2482518399999996,11.3,1.19738913e-06,1.4262323700000001e-06,8.179545519999999e-07,5.68856898e-07,4.42344517e-07,3.5561911700000003e-07,3.0119485700000006e-07,2.7001637200000005e-07,5.89349959e-07,1.4159227200000002e-07,2.0665072300000002e-06,84.70694590000001,45.3421175,2.90506295e-10,9.1931727,0.00125785444,0.0772929399,3.23931769e-06,5.178909129999999e-07,0.0012781968300000003,0.0790056676,3.23931769e-06,5.178909129999999e-07,0.000912438156,0.040637484099999996,3.23931769e-06,5.178909129999999e-07,0.00127753628,0.0787286095,3.23931769e-06,5.178909129999999e-07,2.4551545858383177
355,1695098400,1.60641399e-05,1.60641441e-05,-0.0073915573,-0.0238255734,0.01582871,0.0032010448300000003,0.00656718471,0.005150711739999999,1.1661621100000001e-06,1.0303917750000002e-05,3.0349650900000005,10.5,1.116857203e-06,1.3903839100000001e-06,7.94806621e-07,5.80417785e-07,4.537746909999999e-07,3.5337149199999995e-07,3.0039219600000003e-07,2.60334132e-07,5.869622459999999e-07,1.38715586e-07,2.0559825500000003e-06,84.94853699999999,45.8866326,2.82146639e-10,9.1979283,0.00126919167,0.078002902,2.61687746e-06,4.66782743e-07,0.00127504759,0.07879565590000001,2.61687746e-06,4.66782743e-07,0.0008794029110000001,0.03788879840000001,2.61687746e-06,4.66782743e-07,0.0012254496,0.0733168925,2.61687746e-06,4.66782743e-07,2.4551587104797363
355,1695099000,1.60240528e-05,1.6024055199999998e-05,0.00598052608,0.02679106993,0.01624923655,0.0031893143300000004,0.0065967466,0.0051230183499999995,1.13475816e-06,1.000798195e-05,3.1923077600000003,11.4,1.15308744e-06,1.37609848e-06,8.05807348e-07,5.62043289e-07,4.20378684e-07,3.5053314799999993e-07,2.9658177599999996e-07,2.6056982899999997e-07,5.84418713e-07,1.42912959e-07,2.05955589e-06,85.10858469999998,45.9315039,2.82425817e-10,9.1963607,0.0012609229699999999,0.0767886249,2.6471688400000003e-06,4.74878249e-07,0.0012612071200000003,0.077189351,2.6471688400000003e-06,4.74878249e-07,0.0008950085049999999,0.0390726795,2.6471688400000003e-06,4.74878249e-07,0.00123914941,0.0752932153,2.6471688400000003e-06,4.74878249e-07,2.455154466629028
355,1695099600,1.61773169e-05,1.61773211e-05,-0.0032732673600000006,0.00018036369999999968,0.016113541899999997,0.00320894698,0.0066156066599999995,0.00515089715,1.1175101e-06,9.80524495e-06,3.2307693,10.7,1.21718462e-06,1.3864263100000001e-06,7.97696622e-07,5.56557222e-07,4.2816179799999995e-07,3.67974049e-07,3.0463605300000004e-07,2.6508523800000004e-07,5.826915960000001e-07,1.3657959300000003e-07,2.0456240100000004e-06,84.967885,45.453606,2.86444246e-10,9.1965141,0.0012593276299999998,0.0771607174,2.5594280500000003e-06,5.02302295e-07,0.00128106045,0.0796236295,2.5594280500000003e-06,5.02302295e-07,0.000913511325,0.0410474939,2.5594280500000003e-06,5.02302295e-07,0.0012388083,0.07455624500000001,2.5594280500000003e-06,5.02302295e-07,2.455207419395447
355,1695100200,1.6362187199999998e-05,1.63621893e-05,-0.01202250005,-0.004652741020000001,0.016190105899999998,0.00322819201,0.00663750084,0.005179723440000001,1.1949659e-06,1.0937069899999997e-05,3.4388112399999997,11.8,1.22332362e-06,1.39670451e-06,8.2871528e-07,5.832563820000001e-07,4.48156414e-07,3.58084941e-07,3.05110212e-07,2.63535142e-07,5.93489906e-07,1.39435398e-07,2.0412451100000004e-06,84.630909,45.0415819,2.91711453e-10,9.192443700000002,0.00127284741,0.0787812804,2.9249395900000004e-06,5.19833781e-07,0.0012906988200000003,0.08083607550000001,2.9249395900000004e-06,5.19833781e-07,0.0009003406279999999,0.0403195968,2.9249395900000004e-06,5.19833781e-07,0.0012657842400000002,0.0779487775,2.9249395900000004e-06,5.19833781e-07,2.455148148536682
355,1695100800,1.618381e-05,1.61838127e-05,-0.0032672474869999994,-0.0006825909670000009,0.01596941775,0.0032084980700000003,0.00662360794,0.0051718713,1.14147471e-06,1.0040268250000001e-05,3.244755310000001,11.1,1.17559801e-06,1.40999913e-06,7.913483360000001e-07,5.728486880000001e-07,4.3233216300000007e-07,3.6086429700000004e-07,2.98086656e-07,2.65788424e-07,5.926268540000001e-07,1.3905801699999998e-07,2.05327125e-06,84.8310866,45.4646386,2.86891432e-10,9.194146550000001,0.00126271995,0.0772824606,2.80181493e-06,4.95458282e-07,0.0012755760400000003,0.07893852559999999,2.80181493e-06,4.95458282e-07,0.000905171485,0.03972810510000001,2.80181493e-06,4.95458282e-07,0.0012536795400000002,0.0757002456,2.80181493e-06,4.95458282e-07,2.4551568269729613
355,1695101400,1.60558118e-05,1.60558135e-05,-0.0021803143699999994,0.0056906614300000005,0.01602814705,0.0031952441,0.006583110340000001,0.0051424440099999994,1.14418626e-06,1.018842895e-05,3.2220280000000003,10.5,1.13632907e-06,1.38002458e-06,8.26493723e-07,5.73179257e-07,4.389121180000001e-07,3.53656742e-07,2.93222797e-07,2.58354222e-07,5.7896278e-07,1.39397223e-07,2.04934764e-06,84.9861554,45.7059468,2.83919505e-10,9.1950092,0.00126403421,0.07741387629999999,2.63962952e-06,4.6812590200000006e-07,0.0012873189099999998,0.07978970760000001,2.63962952e-06,4.6812590200000006e-07,0.0008909474570000001,0.038635283699999995,2.63962952e-06,4.6812590200000006e-07,0.00122784033,0.07308586,2.63962952e-06,4.6812590200000006e-07,2.4551904916763307
355,1695102000,1.6280053500000003e-05,1.62800545e-05,-0.0003644800399999989,-0.0037836284499999985,0.015686991299999998,0.00321955026,0.0066209062,0.00515805901,1.2414723799999999e-06,1.102875105e-05,3.3531469199999995,14.4,1.1955921699999998e-06,1.43766707e-06,7.997053049999999e-07,5.714799759999999e-07,4.41640705e-07,3.57967517e-07,2.9993213299999997e-07,2.7592484100000004e-07,5.844021490000001e-07,1.39041763e-07,2.0366345099999997e-06,84.791034,45.17125070000001,2.90022695e-10,9.1923287,0.00126288121,0.07719026340000001,3.1078762e-06,5.220190770000001e-07,0.0012846973,0.0801453402,3.1078762e-06,5.220190770000001e-07,0.0008879655620000001,0.039391013600000004,3.1078762e-06,5.220190770000001e-07,0.0012674381799999998,0.07876659329999999,3.1078762e-06,5.220190770000001e-07,2.4551311492919923
355,1695102600,1.61939335e-05,1.6193943099999997e-05,-0.014947446199999997,-0.012926427899999999,0.0161670075,0.00321135194,0.006619636700000001,0.005161982759999999,1.16797697e-06,9.845279999999999e-06,3.0961539099999995,10.9,1.20177627e-06,1.4011607299999999e-06,7.946891250000001e-07,5.78486113e-07,4.4161672600000004e-07,3.62832311e-07,2.9229066899999997e-07,2.5610623e-07,5.832310820000001e-07,1.38557277e-07,2.04620576e-06,84.758048,45.297796999999996,2.8807965999999993e-10,9.1935507,0.00127013171,0.0782870755,2.9405152e-06,5.137096910000001e-07,0.00125479469,0.07717020109999999,2.9405152e-06,5.137096910000001e-07,0.0008949745750000002,0.039614023000000005,2.9405152e-06,5.137096910000001e-07,0.00126638529,0.0779730765,2.9405152e-06,5.137096910000001e-07,2.4551659345626833
355,1695103200,1.6208335300000003e-05,1.6208341500000002e-05,0.003764094780000001,0.020036630899999998,0.0162982682,0.00320842452,0.006616446619999999,0.0051455669400000004,1.2134855199999999e-06,1.0831376699999998e-05,3.41433576,12.3,1.2077498199999998e-06,1.3618794599999999e-06,8.116156420000001e-07,5.60614422e-07,4.30904904e-07,3.5702581399999997e-07,3.04172484e-07,2.64542962e-07,5.93652519e-07,1.39703221e-07,2.0722772599999997e-06,84.9249945,45.7284359,2.8565103800000003e-10,9.1970759,0.00125415174,0.07599583950000001,3.09226143e-06,5.530374999999999e-07,0.0012607253,0.0775488404,3.09226143e-06,5.530374999999999e-07,0.0009144002059999999,0.04177914,3.09226143e-06,5.530374999999999e-07,0.0012437033700000001,0.075365741,3.09226143e-06,5.530374999999999e-07,2.455154228210449
355,1695103800,1.61676924e-05,1.6167698000000002e-05,-0.007206532834999999,-0.0098273774,0.01620568455,0.0032097305300000005,0.006606950929999999,0.005157677790000001,1.1976173400000002e-06,1.05105856e-05,3.1748252399999997,10.7,1.1955160800000001e-06,1.3909292600000001e-06,7.652956490000001e-07,5.696480149999999e-07,4.4521294200000003e-07,3.6817381200000006e-07,3.08303615e-07,2.58343575e-07,5.817902180000002e-07,1.38024565e-07,2.06255049e-06,85.0498595,45.706263199999995,2.8594564300000003e-10,9.19602315,0.00126319538,0.077469444,2.65804445e-06,4.926591779999999e-07,0.0012551711400000001,0.0768035976,2.65804445e-06,4.926591779999999e-07,0.0008971564769999999,0.0394048971,2.65804445e-06,4.926591779999999e-07,0.0012597148699999999,0.077084877,2.65804445e-06,4.926591779999999e-07,2.4551031827926635
355,1695104400,1.6086312999999998e-05,1.6086315699999998e-05,-0.0031203959999999984,0.0005632290289999994,0.0164043574,0.0032005606300000004,0.00659588344,0.0051340914299999995,1.19292801e-06,1.07919582e-05,3.09615393,10.7,1.13733531e-06,1.39445564e-06,7.910965729999999e-07,5.53169016e-07,4.42375972e-07,3.58643837e-07,3.092736359999999e-07,2.65468311e-07,5.865867470000001e-07,1.3936699299999995e-07,2.06534611e-06,85.04734739999999,45.9865985,2.82878124e-10,9.1973512,0.0012706631800000001,0.07764252889999998,2.5636731e-06,4.7587863700000003e-07,0.00127225079,0.07847779290000001,2.5636731e-06,4.7587863700000003e-07,0.000872637237,0.0372596764,2.5636731e-06,4.7587863700000003e-07,0.00124368379,0.0751703979,2.5636731e-06,4.7587863700000003e-07,2.455142545700073
355,1695105000,1.60587992e-05,1.60588053e-05,-0.00402833275,0.00929625845,0.0162965549,0.0031945106100000004,0.006603318290000002,0.00514022589,1.18100769e-06,1.021087495e-05,3.1468531900000003,11.5,1.19480075e-06,1.4091983e-06,7.7448717e-07,5.5183312e-07,4.2574415e-07,3.49151793e-07,3.0072452899999997e-07,2.60375504e-07,5.76755464e-07,1.3928572900000002e-07,2.04702047e-06,85.0058999,45.5533402,2.8426377099999994e-10,9.19652285,0.00125166622,0.075789564,3.27298697e-06,5.373541749999999e-07,0.0012517835200000001,0.076087359,3.27298697e-06,5.373541749999999e-07,0.000900265062,0.040167046,3.27298697e-06,5.373541749999999e-07,0.0012554211099999998,0.07726523140000001,3.27298697e-06,5.373541749999999e-07,2.4551711082458496
355,1695105600,1.61729716e-05,1.6172974399999998e-05,-0.002515532320000001,0.015334319009999996,0.0169092652,0.0032077413999999998,0.006593792650000001,0.0051464063599999995,1.2376543299999997e-06,1.039625975e-05,3.1765734799999996,11.7,1.23048373e-06,1.38230748e-06,7.758764630000001e-07,5.58758262e-07,4.2866081199999996e-07,3.5482595899999996e-07,3.0626436200000004e-07,2.5460620699999993e-07,5.826390709999999e-07,1.40142293e-07,2.07188001e-06,85.0465329,45.69449970000001,2.85844977e-10,9.195911,0.0012588495,0.0768229825,3.0871580700000004e-06,5.26870629e-07,0.0012526884000000002,0.0762308865,3.0871580700000004e-06,5.26870629e-07,0.0009090327550000001,0.0407250263,3.0871580700000004e-06,5.26870629e-07,0.00126431363,0.07715224439999999,3.0871580700000004e-06,5.26870629e-07,2.455165457725525
355,1695106200,1.6196693900000002e-05,1.6196700300000002e-05,-0.013084091209999999,0.005037083200000002,0.0163088865,0.0032102078300000002,0.00660742552,0.005138252879999999,1.1915482e-06,1.0173021099999998e-05,3.24125879,11.4,1.19292491e-06,1.39384188e-06,7.907747390000001e-07,5.81325862e-07,4.29823725e-07,3.5852091300000004e-07,2.94536909e-07,2.728199389999999e-07,5.899691029999999e-07,1.3907866099999999e-07,2.0546894999999996e-06,84.77425200000002,45.5195081,2.8670860799999996e-10,9.19537425,0.0012694885799999999,0.07783737090000001,2.87722475e-06,5.239361469999999e-07,0.00126843856,0.07774029,2.87722475e-06,5.239361469999999e-07,0.0008891927859999999,0.0394658618,2.87722475e-06,5.239361469999999e-07,0.00125128884,0.0764759755,2.87722475e-06,5.239361469999999e-07,2.4551605224609374
355,1695106800,1.6121207699999998e-05,1.61212138e-05,0.0095430955,0.006479936680000001,0.016859409750000002,0.0032046869900000004,0.006572525040000001,0.0051374794299999995,1.1560169999999999e-06,9.986432950000001e-06,3.17657347,10.1,1.15832115e-06,1.40936708e-06,7.899979910000001e-07,5.637256320000001e-07,4.3610253500000003e-07,3.54096902e-07,3.1447967299999997e-07,2.72195825e-07,5.76121923e-07,1.39235106e-07,2.0469197999999997e-06,84.958787,45.6259364,2.85236621e-10,9.19528625,0.0012696681200000002,0.0779559684,2.7616596799999996e-06,4.79727267e-07,0.0012598908299999998,0.07674491349999998,2.7616596799999996e-06,4.79727267e-07,0.000892867892,0.039067743800000006,2.7616596799999996e-06,4.79727267e-07,0.00125306918,0.0764758234,2.7616596799999996e-06,4.79727267e-07,2.4551774740219114
355,1695107400,1.6150111699999998e-05,1.61501127e-05,0.006883105185,-0.005372539669999999,0.0163219284,0.00320683122,0.0066258278,0.00515984865,1.21109821e-06,1.0698236350000001e-05,3.1800699900000002,11.0,1.14164068e-06,1.43182648e-06,8.017835640000001e-07,5.62926641e-07,4.2452576000000003e-07,3.64567847e-07,3.04111933e-07,2.5868172499999994e-07,5.86805114e-07,1.39749943e-07,2.05841968e-06,85.05057000000002,45.71370699999999,2.85136637e-10,9.19773725,0.00125781748,0.07684875949999999,2.90776155e-06,5.008118189999999e-07,0.0012785178900000002,0.079286553,2.90776155e-06,5.008118189999999e-07,0.000879788134,0.03813217570000001,2.90776155e-06,5.008118189999999e-07,0.0012547915900000001,0.0769725636,2.90776155e-06,5.008118189999999e-07,2.4551478147506716
355,1695108000,1.62512346e-05,1.62512367e-05,-0.012389133,0.0031559673999999997,0.016961709900000004,0.0032153936300000005,0.00662837332,0.005147815599999999,1.1513122700000001e-06,1.00603534e-05,3.2342657800000003,11.1,1.19688339e-06,1.4258879600000001e-06,7.839760669999999e-07,5.59236406e-07,4.60130696e-07,3.66076441e-07,3.0519873499999997e-07,2.54088571e-07,5.890954640000001e-07,1.38252845e-07,2.0467560699999997e-06,84.7737055,45.3198397,2.8842781899999997e-10,9.1946434,0.00126426527,0.07739018010000001,2.9858088199999997e-06,4.98929962e-07,0.0012641886599999998,0.0778923906,2.9858088199999997e-06,4.98929962e-07,0.000896229634,0.0393821681,2.9858088199999997e-06,4.98929962e-07,0.0012803181599999997,0.0796087167,2.9858088199999997e-06,4.98929962e-07,2.4551831483840942
355,1695108600,1.6186695399999998e-05,1.6186698099999998e-05,0.0021304328799999993,0.002758117410000001,0.016338458,0.00321084372,0.006615327829999999,0.00515119932,1.15612526e-06,9.797802e-06,3.21503501,10.2,1.1702060299999999e-06,1.3857776199999998e-06,8.546244899999999e-07,5.55292021e-07,4.4277451100000005e-07,3.5392012300000006e-07,3.0045654100000003e-07,2.6005891499999994e-07,5.69812143e-07,1.38409825e-07,2.0619684399999998e-06,85.01576299999999,45.5588101,2.8705391599999997e-10,9.19490395,0.0012702157899999998,0.07786448099999999,2.7421916600000004e-06,5.10000105e-07,0.0012751962400000003,0.0789631239,2.7421916600000004e-06,5.10000105e-07,0.00089015019,0.0396172962,2.7421916600000004e-06,5.10000105e-07,0.00125713441,0.0761423294,2.7421916600000004e-06,5.10000105e-07,2.455179214477539
355,1695109200,1.61325305e-05,1.6132534e-05,0.0029032102999999995,0.00789814639,0.0168545482,0.00320214905,0.006604744730000001,0.00516633991,1.188226274e-06,1.03539125e-05,3.2832168299999998,11.6,1.14270823e-06,1.4431083899999997e-06,7.80406931e-07,5.686921149999999e-07,4.35379694e-07,3.5076358799999994e-07,2.99886678e-07,2.65744356e-07,5.774893039999999e-07,1.3593652200000002e-07,2.06611495e-06,85.0034366,45.6640259,2.85377924e-10,9.1954427,0.00125381503,0.0761480226,2.72230904e-06,4.75977083e-07,0.00127726432,0.0790307335,2.72230904e-06,4.75977083e-07,0.0008693669460000001,0.037114483,2.72230904e-06,4.75977083e-07,0.00125972067,0.0779312715,2.72230904e-06,4.75977083e-07,2.4551185607910155
355,1695109800,1.63098171e-05,1.6309820099999997e-05,-0.00722193154,-0.01087102576,0.01642474115,0.0032241622100000005,0.006637427550000001,0.00517591848,1.18607866e-06,1.041717755e-05,3.2639861000000003,9.4,1.1921562900000003e-06,1.38968413e-06,8.20563917e-07,5.82885074e-07,4.335325570000001e-07,3.58387574e-07,3.14550942e-07,2.7192477099999996e-07,5.91721653e-07,1.4179296e-07,2.05767059e-06,84.86389310000001,45.4450582,2.89270634e-10,9.194321949999999,0.00126952029,0.0783011523,2.78344078e-06,4.96041807e-07,0.00127756893,0.0789231096,2.78344078e-06,4.96041807e-07,0.000884959177,0.038418398,2.78344078e-06,4.96041807e-07,0.0012684464399999999,0.07777732849999999,2.78344078e-06,4.96041807e-07,2.455150866508484
355,1695110400,1.6311885300000003e-05,1.63118899e-05,-0.014480004769999999,0.01781910115,0.0157415331,0.00322043521,0.006627246809999999,0.00516345826,1.2098778899999997e-06,1.033992085e-05,3.5681818299999994,11.8,1.17248097e-06,1.46597845e-06,8.09384982e-07,5.69402014e-07,4.3517217899999996e-07,3.56637231e-07,3.0097787400000006e-07,2.7268188400000004e-07,5.83871439e-07,1.36444393e-07,2.05287277e-06,84.7140695,45.1904697,2.9012396800000004e-10,9.1938281,0.00126630548,0.0777262375,2.4555175699999996e-06,4.79627136e-07,0.0012665808800000002,0.0778539731,2.4555175699999996e-06,4.79627136e-07,0.000916821269,0.0405927448,2.4555175699999996e-06,4.79627136e-07,0.00127476531,0.0788311486,2.4555175699999996e-06,4.79627136e-07,2.4551754236221313
355,1695111000,1.61819868e-05,1.61819943e-05,0.014880383458000001,-0.002208025030999999,0.016470631450000002,0.0032082168700000003,0.006642418180000001,0.00516975368,1.17220928e-06,1.02104913e-05,3.2447553,11.1,1.17294754e-06,1.3945551200000002e-06,7.97966952e-07,5.748278169999999e-07,4.2796460100000004e-07,3.6749302199999997e-07,3.0046114600000006e-07,2.6803194799999997e-07,5.828751360000001e-07,1.4090372800000002e-07,2.06294234e-06,84.9974505,45.7277938,2.85976767e-10,9.195191699999999,0.0012578278200000002,0.0768263009,2.82980012e-06,4.7207316599999996e-07,0.0012741199599999998,0.07908391399999999,2.82980012e-06,4.7207316599999996e-07,0.0008647011689999999,0.0368506766,2.82980012e-06,4.7207316599999996e-07,0.00125984542,0.07834093859999999,2.82980012e-06,4.7207316599999996e-07,2.4551545143127442
355,1695111600,1.6262515299999998e-05,1.62625199e-05,-0.005937011939999999,0.01897358247,0.016295070099999996,0.0032154754799999996,0.00665264502,0.00515268344,1.2160930600000001e-06,1.032116825e-05,3.31293712,12.3,1.19093902e-06,1.4193220700000001e-06,7.994852090000001e-07,5.63719467e-07,4.348130219999999e-07,3.6575876300000003e-07,3.0806643199999995e-07,2.60373219e-07,5.800701039999999e-07,1.388995e-07,2.0697694e-06,84.86494689999999,45.48651389999999,2.8823482799999997e-10,9.195177699999999,0.00126007317,0.0770558352,2.91607481e-06,5.15701168e-07,0.0012623121800000002,0.077436671,2.91607481e-06,5.15701168e-07,0.0009077584759999999,0.0406427293,2.91607481e-06,5.15701168e-07,0.0012648761599999999,0.0786399716,2.91607481e-06,5.15701168e-07,2.4551726579666138
355,1695112200,1.60443909e-05,1.60443962e-05,0.0028724157999999995,-0.0017915638000000004,0.0159775441,0.00319598583,0.0065970953099999995,0.005129886219999999,1.15222449e-06,1.002653275e-05,3.1171329500000002,12.0,1.1555023300000002e-06,1.39098148e-06,7.987278850000001e-07,5.682491249999999e-07,4.15046874e-07,3.5121487899999994e-07,3.0758899e-07,2.59417706e-07,5.885975730000001e-07,1.3950383e-07,2.04734786e-06,85.13918650000001,45.8562501,2.82671794e-10,9.198107250000001,0.0012518704500000001,0.07591233480000001,2.4087665699999998e-06,4.55459163e-07,0.00126139647,0.07759588650000002,2.4087665699999998e-06,4.55459163e-07,0.000904651523,0.0393314198,2.4087665699999998e-06,4.55459163e-07,0.0012476511900000001,0.07558142429999999,2.4087665699999998e-06,4.55459163e-07,2.455159139633179
355,1695112800,1.62240945e-05,1.62240991e-05,-0.0016824947980000004,0.0006450502499999996,0.016054510200000004,0.00321161841,0.006611846489999999,0.0051711967,1.1454957e-06,1.0425843600000002e-05,3.3426574200000005,12.1,1.21796439e-06,1.38044004e-06,7.90303877e-07,5.650048039999999e-07,4.41644557e-07,3.67009404e-07,2.94637376e-07,2.63623118e-07,5.90353566e-07,1.40443217e-07,2.0606115600000002e-06,84.908776,45.589232100000004,2.8687891400000003e-10,9.1958576,0.00126452374,0.0776658056,3.1002574200000007e-06,5.124297369999999e-07,0.0012477868500000002,0.07602260339999999,3.1002574200000007e-06,5.124297369999999e-07,0.0009135440460000001,0.0406066374,3.1002574200000007e-06,5.124297369999999e-07,0.00126797651,0.0777207359,3.1002574200000007e-06,5.124297369999999e-07,2.4551591873168945
355,1695113400,1.62012546e-05,1.6201259899999996e-05,0.01045546448,0.01304683413,0.016644049199999997,0.0032099786899999995,0.0066372765799999995,0.00515291534,1.16061049e-06,9.8944924e-06,3.1416084800000004,11.5,1.1943881099999998e-06,1.39290765e-06,7.89726459e-07,5.72558709e-07,4.4254212000000006e-07,3.49751682e-07,3.00237424e-07,2.6321951800000005e-07,5.828510409999999e-07,1.4015544e-07,2.07223747e-06,85.0019818,45.6882447,2.86469227e-10,9.196206199999999,0.00126306797,0.0775769982,2.7693243599999997e-06,5.08870685e-07,0.0012684466,0.0779170176,2.7693243599999997e-06,5.08870685e-07,0.00089949773,0.039851648200000006,2.7693243599999997e-06,5.08870685e-07,0.00125202411,0.07654089750000001,2.7693243599999997e-06,5.08870685e-07,2.4551553249359133
355,1695114000,1.6148782799999997e-05,1.6148787399999998e-05,0.010549739800000003,-0.02072292096,0.0162822544,0.0032103725800000002,0.0066105867,0.00516054289,1.17564116e-06,1.02609864e-05,3.02097905,10.2,1.14818073e-06,1.41662861e-06,8.18378339e-07,5.65437045e-07,4.34233233e-07,3.5786700800000007e-07,3.0208514600000005e-07,2.68838619e-07,5.82994738e-07,1.4084158e-07,2.03885138e-06,84.8400114,45.5224321,2.85774423e-10,9.1945382,0.0012528559300000002,0.0763050335,3.03506015e-06,5.09045954e-07,0.0012867106600000001,0.08001469639999999,3.03506015e-06,5.09045954e-07,0.0008945592440000001,0.039278003299999996,3.03506015e-06,5.09045954e-07,0.00125418936,0.07572328869999999,3.03506015e-06,5.09045954e-07,2.455166959762573
355,1695114600,1.6018157500000002e-05,1.6018160499999997e-05,-0.0062028449300000005,-0.023553634159999996,0.0162251469,0.00319862272,0.00657258879,0.00513471056,1.1580648700000002e-06,9.985305749999998e-06,2.9178321899999995,11.0,1.1502156800000001e-06,1.3652531000000002e-06,7.869590389999999e-07,5.67005619e-07,4.3059057399999996e-07,3.57933445e-07,3.0311301699999995e-07,2.66231524e-07,5.86649756e-07,1.3751270000000002e-07,2.05754815e-06,85.1635779,45.9811544,2.82274683e-10,9.1973407,0.00125357343,0.0760624086,2.8129749800000003e-06,4.93974276e-07,0.00126409381,0.0777697254,2.8129749800000003e-06,4.93974276e-07,0.0008719282349999999,0.0377382403,2.8129749800000003e-06,4.93974276e-07,0.0012410619799999999,0.0750992462,2.8129749800000003e-06,4.93974276e-07,2.455174517631531
355,1695115200,1.6283607600000003e-05,1.6283610900000003e-05,-0.0006020941400000007,1.7611189999999777e-05,0.016032526,0.0032198196500000005,0.006625298260000001,0.00517735174,1.19246698e-06,1.0552309050000001e-05,3.3111888699999996,11.6,1.2040650600000004e-06,1.4231887700000001e-06,8.207444859999999e-07,5.59968432e-07,4.4483924899999993e-07,3.56784797e-07,3.01705649e-07,2.6152220799999994e-07,5.80070217e-07,1.4046549699999998e-07,2.04843108e-06,84.76669820000001,45.273321499999994,2.89396678e-10,9.1933018,0.00127248158,0.07817512600000001,2.74621928e-06,5.123374099999999e-07,0.0012789178099999999,0.07963504059999998,2.74621928e-06,5.123374099999999e-07,0.000910722479,0.0408391126,2.74621928e-06,5.123374099999999e-07,0.0012487640099999998,0.0762543771,2.74621928e-06,5.123374099999999e-07,2.455184268951416
355,1695115800,1.62770535e-05,1.62770573e-05,0.006301899799999999,-0.007147852199999999,0.0165670583,0.0032201287000000003,0.00664194815,0.00517465744,1.1436709e-06,1.0109562e-05,3.32867137,11.5,1.18432061e-06,1.4071126099999998e-06,8.085028499999999e-07,5.974307240000002e-07,4.3628326999999994e-07,3.61215042e-07,3.0089539e-07,2.60824869e-07,5.828479370000001e-07,1.3895686100000002e-07,2.06009904e-06,84.9127051,45.448077,2.88742333e-10,9.1948434,0.00127413576,0.0788928449,2.86517694e-06,5.011134600000001e-07,0.00126523271,0.07809387120000001,2.86517694e-06,5.011134600000001e-07,0.000900195711,0.0398207787,2.86517694e-06,5.011134600000001e-07,0.0012706127100000002,0.07746451099999999,2.86517694e-06,5.011134600000001e-07,2.4551331996917725
355,1695116400,1.61713403e-05,1.61713476e-05,-0.011908717599999999,0.015234371179999998,0.015953405900000002,0.00320806255,0.006593832209999999,0.00513552687,1.20414936e-06,1.05423769e-05,3.2674826,11.0,1.18624654e-06,1.39467953e-06,7.88829286e-07,5.79071189e-07,4.36475448e-07,3.4781835900000003e-07,3.0934535500000004e-07,2.697268649999999e-07,5.87218668e-07,1.38732073e-07,2.0475089699999996e-06,84.7952608,45.546022,2.85793147e-10,9.195738899999998,0.00127338943,0.0787702518,2.8183034800000005e-06,5.08462741e-07,0.0012746087100000002,0.07842269510000001,2.8183034800000005e-06,5.08462741e-07,0.0008945579930000001,0.0396819246,2.8183034800000005e-06,5.08462741e-07,0.0012372777700000001,0.07522728939999998,2.8183034800000005e-06,5.08462741e-07,2.455172967910767
355,1695117000,1.6324438599999996e-05,1.63244423e-05,0.011176475440999999,0.003416560367000001,0.01621019735,0.003224083,0.00666968462,0.00517651831,1.23486275e-06,1.0820527499999998e-05,3.27797212,12.3,1.20177823e-06,1.4458702099999997e-06,7.832349080000001e-07,5.59904174e-07,4.39504205e-07,3.53817974e-07,3.090563460000001e-07,2.68254643e-07,5.93594061e-07,1.4132288299999997e-07,2.0658607699999998e-06,84.7568886,45.396133999999996,2.8959185700000006e-10,9.194258450000001,0.00126178413,0.07733861919999999,2.85607953e-06,4.93847436e-07,0.00126831214,0.077892293,2.85607953e-06,4.93847436e-07,0.0009106980019999999,0.0404000534,2.85607953e-06,4.93847436e-07,0.00126620634,0.07842790699999999,2.85607953e-06,4.93847436e-07,2.4551231622695924
355,1695117600,1.63401716e-05,1.6340179e-05,-0.0015929974700000008,0.009101704779999999,0.0167607669,0.0032249802699999995,0.00662456632,0.005188067669999999,1.17893572e-06,1.0381394599999998e-05,3.38461547,10.5,1.2141119800000002e-06,1.44514954e-06,8.039120590000001e-07,5.79088283e-07,4.45149749e-07,3.5682828200000007e-07,3.09753328e-07,2.60241157e-07,5.754939839999999e-07,1.3998291299999997e-07,2.04033298e-06,84.7671605,45.0198907,2.91406691e-10,9.19347695,0.0012686420199999999,0.07775270139999998,2.89748316e-06,5.11372047e-07,0.00127769298,0.0792427042,2.89748316e-06,5.11372047e-07,0.0008955261569999999,0.0397338411,2.89748316e-06,5.11372047e-07,0.0012884683199999999,0.0805042193,2.89748316e-06,5.11372047e-07,2.4551368951797485
355,1695118200,1.61620325e-05,1.61620365e-05,-0.01246831025,0.001353068400000003,0.01585141645,0.00320635394,0.00660090118,0.0051519479,1.17305073e-06,1.025073265e-05,3.08216789,10.2,1.15232672e-06,1.4152877599999999e-06,8.043874989999999e-07,5.426791440000001e-07,4.4489180700000005e-07,3.68367118e-07,3.0948399e-07,2.58680184e-07,5.86885553e-07,1.42554297e-07,2.0554312800000002e-06,84.9586069,45.6706493,2.86344239e-10,9.1947464,0.0012627278899999999,0.0768112349,2.39412148e-06,4.735348190000001e-07,0.0012596333300000002,0.07707878110000001,2.39412148e-06,4.735348190000001e-07,0.000875820549,0.0382276635,2.39412148e-06,4.735348190000001e-07,0.00127282692,0.07871371249999999,2.39412148e-06,4.735348190000001e-07,2.455095076560974
355,1695118800,1.62767056e-05,1.6276710699999998e-05,0.0010575903799999997,-0.01683096245,0.0163331336,0.00321948545,0.00664654831,0.00518683083,1.16569365e-06,1.040187785e-05,3.3006993799999997,10.5,1.199047e-06,1.39915877e-06,7.97741647e-07,5.626386270000001e-07,4.403727900000001e-07,3.6085665899999997e-07,3.1244900599999996e-07,2.6752226399999996e-07,5.910157299999999e-07,1.40335479e-07,2.06715444e-06,84.925328,45.554030499999996,2.88435026e-10,9.195535549999999,0.00127177929,0.0784239436,2.76189398e-06,5.004059909999999e-07,0.0012610187499999999,0.07676554659999998,2.76189398e-06,5.004059909999999e-07,0.000909710782,0.040643700299999995,2.76189398e-06,5.004059909999999e-07,0.0012595974,0.077361719,2.76189398e-06,5.004059909999999e-07,2.4551661729812624
355,1695119400,1.6193558999999998e-05,1.6193565199999998e-05,0.01025940868,-0.011758747150000002,0.016409418400000004,0.00320868629,0.00664327805,0.00517989686,1.17923169e-06,1.047675765e-05,3.14335671,10.6,1.1290883e-06,1.4235774e-06,8.28025719e-07,5.59010647e-07,4.2975334999999997e-07,3.5886708e-07,3.0712103499999996e-07,2.6281750400000007e-07,5.91884352e-07,1.38151785e-07,2.0684079999999998e-06,84.81674910000001,45.6635607,2.86299277e-10,9.1946741,0.0012618840699999997,0.077085421,2.61863662e-06,4.6050767200000006e-07,0.0012855422699999998,0.07993644409999999,2.61863662e-06,4.6050767200000006e-07,0.0008800006629999999,0.0377580496,2.61863662e-06,4.6050767200000006e-07,0.00124949605,0.0763697435,2.61863662e-06,4.6050767200000006e-07,2.4551666259765623
355,1695120000,1.62113778e-05,1.62113825e-05,0.00824919213,-0.0010404463399999995,0.01646714325,0.00321405765,0.00663595386,0.00516263076,1.1796274299999999e-06,1.01947464e-05,3.3006993799999997,10.9,1.20578277e-06,1.4130000000000003e-06,7.83313965e-07,5.641894659999999e-07,4.36374562e-07,3.48119756e-07,2.9846866399999997e-07,2.6706789299999995e-07,5.80424294e-07,1.36969486e-07,2.0719434099999997e-06,84.8232134,45.48654119999999,2.8736750900000004e-10,9.194126350000001,0.0012542178599999998,0.07618926909999998,2.7822967e-06,5.51737504e-07,0.00125426371,0.0766305031,2.7822967e-06,5.51737504e-07,0.0009083158929999999,0.0411566076,2.7822967e-06,5.51737504e-07,0.0012745939199999999,0.07802470000000002,2.7822967e-06,5.51737504e-07,2.4551639795303344
355,1695120600,1.61975108e-05,1.61975128e-05,-0.0024172451619999995,0.0089295397,0.016379792900000002,0.00320880067,0.00662125637,0.00513763951,1.19985331e-06,1.0390484749999998e-05,3.26573432,12.2,1.1648302700000002e-06,1.41875501e-06,8.02903311e-07,5.72291975e-07,4.50783289e-07,3.67944619e-07,2.99708639e-07,2.57852038e-07,5.79687623e-07,1.39700734e-07,2.0442612600000006e-06,84.8573135,45.4238821,2.8705977900000005e-10,9.1944779,0.00126545928,0.0777036001,2.8227653099999996e-06,4.970187120000001e-07,0.00127255702,0.07878098149999999,2.8227653099999996e-06,4.970187120000001e-07,0.0009007134169999999,0.0395009489,2.8227653099999996e-06,4.970187120000001e-07,0.00126555006,0.0770308789,2.8227653099999996e-06,4.970187120000001e-07,2.4551778078079223
355,1695121200,1.6299353699999998e-05,1.62993619e-05,0.009992020030000002,0.01250142659,0.0166165115,0.00322022331,0.006663864680000001,0.00517595935,1.2202880740000001e-06,1.06846531e-05,3.27972034,12.3,1.1841357000000001e-06,1.4033092100000001e-06,8.194900069999999e-07,5.84734765e-07,4.3479930700000003e-07,3.4878157600000003e-07,3.1202058099999995e-07,2.67517375e-07,5.895011349999999e-07,1.41476033e-07,2.0638882599999996e-06,84.68410200000001,45.3935503,2.8915439399999997e-10,9.194142099999999,0.0012699039,0.07805229179999999,2.6961215e-06,4.838758889999999e-07,0.0012871026399999999,0.0803346758,2.6961215e-06,4.838758889999999e-07,0.0008982137539999999,0.0393152279,2.6961215e-06,4.838758889999999e-07,0.00124945355,0.0762040955,2.6961215e-06,4.838758889999999e-07,2.4551309823989866
355,1695121800,1.65209871e-05,1.6520992100000003e-05,-0.0034747715,0.006061957353000001,0.0171895196,0.0032417287000000004,0.00666812426,0.005210833180000001,1.2666080100000001e-06,1.121756675e-05,3.4580420000000003,12.2,1.2305707900000003e-06,1.42783747e-06,8.14751658e-07,5.658540590000001e-07,4.4562382500000005e-07,3.50119052e-07,2.9999086999999995e-07,2.6527516400000004e-07,6.059620989999999e-07,1.42199585e-07,2.1122554400000002e-06,84.8635152,45.5390581,2.92562364e-10,9.194716500000002,0.00126363302,0.07755445949999999,2.87532165e-06,5.330284210000001e-07,0.00128042003,0.08006263690000001,2.87532165e-06,5.330284210000001e-07,0.000897770568,0.0403116483,2.87532165e-06,5.330284210000001e-07,0.00127888261,0.07946972799999999,2.87532165e-06,5.330284210000001e-07,2.4551778078079223
355,1695122400,1.61969576e-05,1.61969601e-05,-0.002317091739999999,-0.01937423213,0.0167550251,0.0032132301500000003,0.00661709687,0.00517258253,1.1463226299999999e-06,1.0467051000000001e-05,3.2255245500000003,10.7,1.1674988999999999e-06,1.3667433500000003e-06,8.174837870000002e-07,5.716855999999999e-07,4.4916189499999997e-07,3.48819128e-07,3.1465145300000006e-07,2.68517371e-07,5.88613671e-07,1.4032007299999998e-07,2.06495353e-06,84.976042,45.7665296,2.86090285e-10,9.1957816,0.00126212074,0.07736605020000001,3.0631582899999994e-06,5.164602419999999e-07,0.0012823323199999998,0.07912278510000001,3.0631582899999994e-06,5.164602419999999e-07,0.0008805363760000002,0.038637753,3.0631582899999994e-06,5.164602419999999e-07,0.0012388867600000002,0.07465709830000002,3.0631582899999994e-06,5.164602419999999e-07,2.455175018310547
355,1695123000,1.62005021e-05,1.6200506299999996e-05,0.00426317186,-0.004866717499999999,0.0160036671,0.00321172936,0.006634541540000001,0.00515476392,1.20502281e-06,1.049300115e-05,3.20104902,10.6,1.13967572e-06,1.39345008e-06,8.15220663e-07,5.64232793e-07,4.4801523099999997e-07,3.44355185e-07,3.04665049e-07,2.66005463e-07,5.81879462e-07,1.3996567100000002e-07,2.1027524499999997e-06,85.158583,46.089083,2.8526720899999997e-10,9.19667765,0.00126249153,0.0771902441,2.6172465499999998e-06,4.747158979999999e-07,0.0012767759300000001,0.07865933680000001,2.6172465499999998e-06,4.747158979999999e-07,0.0008693066479999999,0.0378859847,2.6172465499999998e-06,4.747158979999999e-07,0.0012583763700000001,0.07603095280000001,2.6172465499999998e-06,4.747158979999999e-07,2.4551502466201782
355,1695123600,1.62840944e-05,1.6284095e-05,0.0005007255999999995,0.009976216935,0.015969532,0.0032183094500000003,0.006637634540000001,0.00516923403,1.17889779e-06,1.05933536e-05,3.3513987100000002,11.6,1.16010656e-06,1.41590476e-06,8.0028683e-07,5.73944852e-07,4.423071520000001e-07,3.677659460000001e-07,3.0187536299999996e-07,2.72782402e-07,5.98014427e-07,1.3948097799999998e-07,2.0695340099999998e-06,84.8072994,45.6215252,2.87936142e-10,9.194094799999998,0.00127069334,0.07821647400000001,3.1008113599999997e-06,5.05853941e-07,0.0012785268100000001,0.0794204985,3.1008113599999997e-06,5.05853941e-07,0.0008894524629999999,0.038970793999999996,3.1008113599999997e-06,5.05853941e-07,0.00124700311,0.07557746289999999,3.1008113599999997e-06,5.05853941e-07,2.455179476737976
355,1695124200,1.6290391199999998e-05,1.6290395500000003e-05,-0.01508271391,0.002556770500000001,0.016524299099999997,0.0032190217799999998,0.006611597669999999,0.005154525469999999,1.1829836199999998e-06,1.061094065e-05,3.1940560000000002,10.3,1.20444504e-06,1.3884331e-06,8.06234531e-07,5.62098278e-07,4.4033093800000004e-07,3.71325314e-07,3.07969196e-07,2.72025391e-07,5.84859431e-07,1.40334526e-07,2.06710033e-06,84.87477780000002,45.5125584,2.88612114e-10,9.194757,0.0012684601,0.07782407,2.65127625e-06,4.89629058e-07,0.00126818182,0.0783780937,2.65127625e-06,4.89629058e-07,0.0008979917030000001,0.0394076267,2.65127625e-06,4.89629058e-07,0.00125667188,0.07701902590000001,2.65127625e-06,4.89629058e-07,2.455157208442688
355,1695124800,1.63841454e-05,1.6384151300000002e-05,-0.01456944387,0.009917090270000001,0.0169052377,0.00323264389,0.006640260269999999,0.00517691805,1.2194335199999998e-06,1.107734185e-05,3.4597902499999997,11.7,1.2163709799999999e-06,1.41283046e-06,8.10100471e-07,5.75715201e-07,4.42904369e-07,3.5491097099999997e-07,3.03878083e-07,2.6654865899999997e-07,5.84125276e-07,1.39426928e-07,2.0852292800000003e-06,84.6600235,45.339064900000004,2.91019484e-10,9.193280499999998,0.00126191632,0.077378685,3.2692676300000003e-06,5.34000457e-07,0.0012795991200000001,0.079687584,3.2692676300000003e-06,5.34000457e-07,0.0009231647479999999,0.0416348352,3.2692676300000003e-06,5.34000457e-07,0.0012643727700000003,0.0768608368,3.2692676300000003e-06,5.34000457e-07,2.4551748991012574
355,1695125400,1.6255132300000002e-05,1.6255136100000003e-05,-0.019577841030000005,0.0164413367,0.016164671100000003,0.0032160203399999995,0.00660310373,0.005147924789999999,1.2099179e-06,1.0464599799999998e-05,3.21328679,11.2,1.26759958e-06,1.37932315e-06,7.917379390000001e-07,5.653239280000001e-07,4.33798492e-07,3.56526533e-07,2.97606085e-07,2.66716517e-07,5.778870229999998e-07,1.38606746e-07,2.05239962e-06,84.87474069999999,45.3062444,2.89020541e-10,9.19382085,0.0012624470500000001,0.07717679279999999,2.7147037199999995e-06,5.179191949999999e-07,0.00126308438,0.0775489605,2.7147037199999995e-06,5.179191949999999e-07,0.0009280988280000001,0.042239969100000004,2.7147037199999995e-06,5.179191949999999e-07,0.0012695722599999999,0.07772999809999999,2.7147037199999995e-06,5.179191949999999e-07,2.4551604270935057
355,1695126000,1.6173217000000003e-05,1.61732226e-05,-0.0010231259300000006,-0.0030276286399999993,0.0162595461,0.00320887866,0.006607194799999999,0.00515171467,1.15179837e-06,1.014381605e-05,3.27272729,10.4,1.1647124700000002e-06,1.4044932699999998e-06,8.024267540000001e-07,5.906052589999999e-07,4.3476379799999997e-07,3.604419720000001e-07,2.9747055999999994e-07,2.6398327400000003e-07,5.8086417e-07,1.3892084e-07,2.04790069e-06,84.9295786,45.5720425,2.86454169e-10,9.19458925,0.0012759225399999999,0.078384139,2.6582657400000003e-06,4.7404611399999997e-07,0.00126675095,0.0777527251,2.6582657400000003e-06,4.7404611399999997e-07,0.000877216945,0.0376728937,2.6582657400000003e-06,4.7404611399999997e-07,0.00127232828,0.07801207639999999,2.6582657400000003e-06,4.7404611399999997e-07,2.4551359891891478
355,1695126600,1.6311017600000003e-05,1.6311024800000002e-05,-0.010523190174,0.0036347727200000007,0.016546169,0.0032225957900000003,0.00662059748,0.005168230479999999,1.1691763400000001e-06,1.0723167850000001e-05,3.3216783800000003,10.7,1.12762826e-06,1.4639213399999998e-06,8.29956171e-07,5.824701429999999e-07,4.4514368599999995e-07,3.44690238e-07,3.08689181e-07,2.6433237899999993e-07,5.91662968e-07,1.40379222e-07,2.05661201e-06,84.67013850000001,45.3270673,2.8978763900000003e-10,9.192243600000001,0.00127079482,0.0785870015,2.8442370300000005e-06,4.6987824399999995e-07,0.00129449176,0.0813192576,2.8442370300000005e-06,4.6987824399999995e-07,0.0008714530759999998,0.0371375319,2.8442370300000005e-06,4.6987824399999995e-07,0.0012728047800000001,0.0787429733,2.8442370300000005e-06,4.6987824399999995e-07,2.4551626205444337
355,1695127200,1.63238556e-05,1.63238613e-05,-0.004758198240000001,0.008517764511,0.016680264500000003,0.0032217274000000003,0.00663346466,0.00517567933,1.1813901999999998e-06,1.0397404149999998e-05,3.38461541,11.4,1.2026825000000002e-06,1.45178923e-06,8.03785016e-07,5.673855860000001e-07,4.42788756e-07,3.6212425199999993e-07,2.99978834e-07,2.59513804e-07,5.84103495e-07,1.36935868e-07,2.0508274900000003e-06,84.75613150000001,45.128186799999995,2.9087832e-10,9.1932802,0.0012637988800000004,0.07774353569999999,3.42656188e-06,5.421784060000001e-07,0.00127697964,0.07940820289999999,3.42656188e-06,5.421784060000001e-07,0.000917656192,0.0414682607,3.42656188e-06,5.421784060000001e-07,0.0012672027200000002,0.07738802680000001,3.42656188e-06,5.421784060000001e-07,2.45516722202301
355,1695127800,1.61110837e-05,1.61110872e-05,0.00610248101,-0.008683300400000002,0.0172220081,0.00320545874,0.006593981469999999,0.00514041894,1.19151829e-06,1.051862815e-05,3.0839161299999995,11.3,1.18232688e-06,1.3931347500000001e-06,8.049119460000001e-07,5.525971540000001e-07,4.40117661e-07,3.5332256299999997e-07,2.9886054e-07,2.6489408299999997e-07,5.78623071e-07,1.4056108799999999e-07,2.04614354e-06,84.9011321,45.558097700000005,2.85104589e-10,9.195218500000001,0.0012611843400000002,0.07740295950000001,2.8635843900000003e-06,5.17296288e-07,0.00127128721,0.0781049085,2.8635843900000003e-06,5.17296288e-07,0.0008908698700000002,0.0392840173,2.8635843900000003e-06,5.17296288e-07,0.00125190837,0.0758856308,2.8635843900000003e-06,5.17296288e-07,2.455145335197449
355,1695128400,1.61726646e-05,1.61726677e-05,-0.00997469633,-0.0008385088800000002,0.0161412444,0.0032090717399999996,0.006600200420000001,0.00515091563,1.2140763100000002e-06,1.0902083849999999e-05,3.15209797,10.9,1.16571399e-06,1.45047475e-06,7.946078330000001e-07,5.438382160000001e-07,4.46688733e-07,3.54138295e-07,3.07631527e-07,2.53325984e-07,5.87464365e-07,1.3949943800000002e-07,2.04293218e-06,84.9673174,45.4218071,2.87318982e-10,9.193859900000001,0.00125858281,0.0767176786,3.21501184e-06,5.405291370000001e-07,0.0012681926,0.0781910734,3.21501184e-06,5.405291370000001e-07,0.000896801493,0.039926473000000004,3.21501184e-06,5.405291370000001e-07,0.0012643786300000001,0.07759450749999999,3.21501184e-06,5.405291370000001e-07,2.4551423311233522
355,1695129000,1.60541454e-05,1.60541491e-05,0.002098721320000001,-0.016717745500000002,0.01611868225,0.00319922241,0.00659272071,0.005146707489999999,1.11468254e-06,9.935073749999999e-06,3.1293706899999996,10.3,1.15912759e-06,1.39575391e-06,7.753634800000001e-07,5.63470721e-07,4.36668697e-07,3.6040328500000003e-07,3.08654472e-07,2.6624995500000004e-07,5.82149113e-07,1.3950901000000002e-07,2.03971191e-06,85.01008440000001,45.6997446,2.83599968e-10,9.1965296,0.00126571611,0.0775560171,2.7415283899999998e-06,4.79050637e-07,0.00125964266,0.07674552239999999,2.7415283899999998e-06,4.79050637e-07,0.0008893135429999999,0.038575884299999995,2.7415283899999998e-06,4.79050637e-07,0.00125388548,0.075645731,2.7415283899999998e-06,4.79050637e-07,2.4551615953445434
355,1695129600,1.61298617e-05,1.61298652e-05,-0.004616839385,0.0007613075599999998,0.0164888926,0.00320413621,0.00657536676,0.005133171610000001,1.18693977e-06,1.022799665e-05,3.1398602,10.9,1.17005649e-06,1.41942619e-06,7.71817519e-07,5.573372729999999e-07,4.53075081e-07,3.59708041e-07,3.04709134e-07,2.68927301e-07,5.68985694e-07,1.3853221099999998e-07,2.05228241e-06,85.009795,45.600304799999996,2.8519238000000003e-10,9.196254549999999,0.0012695846700000002,0.0780677034,2.91565558e-06,4.99648802e-07,0.0012612018700000002,0.07708241600000001,2.91565558e-06,4.99648802e-07,0.0009065995800000001,0.0404982231,2.91565558e-06,4.99648802e-07,0.0012494046399999998,0.07563119650000001,2.91565558e-06,4.99648802e-07,2.4551805019378663
355,1695130200,1.62989826e-05,1.62989901e-05,0.0025560642000000008,-0.039035224,0.016320472199999998,0.00322655532,0.0066330238,0.0051818942,1.1806145e-06,1.0365385650000002e-05,3.2482518,10.2,1.18959401e-06,1.42187223e-06,8.38680835e-07,5.740160569999999e-07,4.355079390000001e-07,3.54475496e-07,3.0403728699999997e-07,2.61244922e-07,5.797236100000001e-07,1.38221259e-07,2.0521103500000003e-06,84.8440373,45.25583759999999,2.90241404e-10,9.1927331,0.0012674571400000001,0.0779173931,2.92557752e-06,5.086344710000001e-07,0.00129678464,0.08159691349999999,2.92557752e-06,5.086344710000001e-07,0.000896124657,0.03947331429999999,2.92557752e-06,5.086344710000001e-07,0.00126002433,0.07728252,2.92557752e-06,5.086344710000001e-07,2.455180859565735
355,1695130800,1.6267948700000003e-05,1.62679528e-05,-0.005393831899999999,-0.0019281131599999993,0.016942582400000003,0.00321883797,0.00660606317,0.005158338,1.18824429e-06,1.07917137e-05,3.34965037,12.1,1.1818814500000001e-06,1.39447738e-06,8.22579778e-07,5.7079214e-07,4.4191087799999997e-07,3.66259438e-07,3.08567591e-07,2.68247618e-07,5.906326039999999e-07,1.39013607e-07,2.0495787199999997e-06,84.81447,45.399718500000006,2.88542189e-10,9.194666849999999,0.0012742227,0.07844393689999998,3.0012476499999996e-06,5.045546620000001e-07,0.00127805455,0.0790228766,3.0012476499999996e-06,5.045546620000001e-07,0.0008936017289999998,0.039098180499999996,3.0012476499999996e-06,5.045546620000001e-07,0.00125604757,0.0770164596,3.0012476499999996e-06,5.045546620000001e-07,2.455168271064758
355,1695131400,1.6217802e-05,1.6217805900000004e-05,-0.00931463041,-0.007669575350000001,0.015973314099999997,0.00321574588,0.00659815124,0.00516350761,1.1596859099999998e-06,1.02852731e-05,3.22727278,10.7,1.16924149e-06,1.4363551800000002e-06,7.94531718e-07,5.63265637e-07,4.28360841e-07,3.5945311e-07,2.9773519599999996e-07,2.67321759e-07,5.93328814e-07,1.38487774e-07,2.06075657e-06,84.8362549,45.500144500000005,2.8728924800000003e-10,9.1953902,0.0012661785500000002,0.0776827283,2.8163041799999995e-06,4.71266277e-07,0.00126006595,0.07641703009999999,2.8163041799999995e-06,4.71266277e-07,0.000892492227,0.038692083700000005,2.8163041799999995e-06,4.71266277e-07,0.00128435425,0.0798371481,2.8163041799999995e-06,4.71266277e-07,2.4551937103271486
355,1695132000,1.6227876599999998e-05,1.62278814e-05,0.014147532499999999,0.0204215906,0.0185530647,0.0032122382400000004,0.0066290661,0.00516982721,1.1698939100000002e-06,1.0368412299999998e-05,3.37412595,11.3,1.18328358e-06,1.41464013e-06,7.98646755e-07,5.65617306e-07,4.4062495000000005e-07,3.6382004799999995e-07,3.01069369e-07,2.6868583200000003e-07,5.912931749999999e-07,1.4032928899999998e-07,2.04590116e-06,84.8428459,45.434282599999996,2.87792036e-10,9.1943501,0.0012658594399999998,0.07785105449999999,2.37933077e-06,4.67756598e-07,0.00127218783,0.0787238056,2.37933077e-06,4.67756598e-07,0.000901514136,0.0396605551,2.37933077e-06,4.67756598e-07,0.00126108877,0.0771565475,2.37933077e-06,4.67756598e-07,2.4551499605178835
355,1695132600,1.6656781399999997e-05,1.66567846e-05,-0.003768116060000001,0.002466151700000002,0.0167704245,0.00325432452,0.00669513746,0.00522323585,1.22707944e-06,1.130493625e-05,3.63286715,12.5,1.17098867e-06,1.42823512e-06,7.91702707e-07,5.67724824e-07,4.4075813100000003e-07,3.65306648e-07,2.9844802699999997e-07,2.6053791500000004e-07,5.88986451e-07,1.55201618e-07,2.26047207e-06,87.2895006,48.31993279999999,2.85761333e-10,9.212241,0.00126131191,0.077299564,3.25444217e-06,5.2170419e-07,0.00127217668,0.0787083451,3.25444217e-06,5.2170419e-07,0.0008866546859999999,0.039138139100000004,3.25444217e-06,5.2170419e-07,0.00126107064,0.07726815189999998,3.25444217e-06,5.2170419e-07,2.4551902770996095
355,1695133200,1.7087877800000003e-05,1.708788e-05,0.0005031978400000002,0.031389511970000006,0.0170551479,0.00329341483,0.00681289972,0.00528967835,1.17863833e-06,1.061787e-05,3.9003497200000012,12.2,1.1167138499999999e-06,1.47767705e-06,8.122943740000002e-07,5.74510506e-07,4.3022586400000004e-07,3.5105902099999996e-07,2.9951340399999997e-07,2.71112263e-07,5.96954367e-07,1.71211684e-07,2.4426228e-06,89.7519566,51.2954965,2.8294640999999997e-10,9.22937155,0.00126341443,0.0774521309,2.4178819899999994e-06,4.5131226799999995e-07,0.00128695021,0.08022842859999998,2.4178819899999994e-06,4.5131226799999995e-07,0.000867268096,0.036888397100000005,2.4178819899999994e-06,4.5131226799999995e-07,0.0012705237799999999,0.0788895579,2.4178819899999994e-06,4.5131226799999995e-07,2.4551594972610475
355,1695133800,1.6281743599999998e-05,1.6281749499999996e-05,0.0071776789,0.01873826083,0.016798754,0.00321712454,0.00663938211,0.005171404450000001,1.2417296e-06,1.1160352749999998e-05,3.3426573900000003,12.8,1.19970444e-06,1.41484083e-06,7.957609109999999e-07,5.60906981e-07,4.35211797e-07,3.59533239e-07,3.0030159900000004e-07,2.73747176e-07,5.854442669999999e-07,1.42789199e-07,2.0726076899999996e-06,85.3426175,45.8818414,2.87405854e-10,9.198131149999998,0.00126008396,0.0770373879,2.84894199e-06,5.143729910000001e-07,0.00126369964,0.0774090235,2.84894199e-06,5.143729910000001e-07,0.0009050360360000002,0.040663504499999996,2.84894199e-06,5.143729910000001e-07,0.0012656577000000001,0.07844874230000001,2.84894199e-06,5.143729910000001e-07,2.4551937580108643
355,1695134400,1.6096515399999998e-05,1.60965241e-05,0.01044295736,0.013083931499999998,0.016796929500000002,0.0032004388600000004,0.006596297920000001,0.00515663392,1.20117194e-06,9.761679000000001e-06,3.2045454500000004,11.1,1.1445301700000002e-06,1.37621359e-06,7.990367089999999e-07,5.68147934e-07,4.4093482500000005e-07,3.58771339e-07,3.0988849000000006e-07,2.5683255699999996e-07,5.83843662e-07,1.4212102800000003e-07,2.06790899e-06,85.0761791,45.9766009,2.83258948e-10,9.1975043,0.00126442487,0.0778301294,2.8488604500000003e-06,4.88085922e-07,0.00127159392,0.0789593482,2.8488604500000003e-06,4.88085922e-07,0.0008963866290000001,0.039056058299999995,2.8488604500000003e-06,4.88085922e-07,0.0012140577300000003,0.0724084359,2.8488604500000003e-06,4.88085922e-07,2.4551390171051026
355,1695135000,1.60971484e-05,1.60971524e-05,0.006586966933600001,-0.02462187984,0.0160883046,0.0032043288999999997,0.00660258143,0.00515573092,1.13880528e-06,1.01910018e-05,3.0629371299999995,11.1,1.17911904e-06,1.39041462e-06,8.06072968e-07,5.56422358e-07,4.21985893e-07,3.604518669999999e-07,3.0425279e-07,2.61574006e-07,5.852825639999999e-07,1.3835023899999998e-07,2.0446390700000004e-06,84.87213539999999,45.564441,2.8477337e-10,9.19496935,0.0012536396700000001,0.0760510364,2.89605862e-06,4.97672187e-07,0.0012763644,0.0786204915,2.89605862e-06,4.97672187e-07,0.000887129664,0.038714939899999995,2.89605862e-06,4.97672187e-07,0.00125804038,0.0761122245,2.89605862e-06,4.97672187e-07,2.4551623106002807
355,1695135600,1.6233960399999998e-05,1.62339667e-05,-0.010045612531300003,0.013556608860000003,0.0167755525,0.00321227689,0.00662656043,0.00514195321,1.20043389e-06,1.04760309e-05,3.26048955,11.6,1.1659329800000001e-06,1.43329103e-06,8.325788239999999e-07,5.598898549999999e-07,4.42402192e-07,3.4568302800000003e-07,3.02768262e-07,2.63959939e-07,5.791004889999999e-07,1.3812558900000002e-07,2.05322728e-06,84.80289939999999,45.3567197,2.8817899800000004e-10,9.1938216,0.00126328702,0.0771747804,2.8995834400000002e-06,5.13125779e-07,0.00128485986,0.0807025344,2.8995834400000002e-06,5.13125779e-07,0.000895629591,0.0394663417,2.8995834400000002e-06,5.13125779e-07,0.0012530006400000003,0.076204935,2.8995834400000002e-06,5.13125779e-07,2.4551597118377684
355,1695136200,1.6225501000000002e-05,1.62255056e-05,-0.008581623040000002,0.014643029339999999,0.01616248885,0.0032131474299999995,0.00661487054,0.00513842134,1.22549948e-06,1.045847225e-05,3.2797203600000002,11.3,1.1593250399999998e-06,1.4247553199999998e-06,8.235711080000001e-07,5.62701786e-07,4.33209832e-07,3.57597507e-07,3.0235421e-07,2.6402029e-07,5.88210698e-07,1.38042642e-07,2.05892565e-06,84.88599689999998,45.5096724,2.87380784e-10,9.1950615,0.00125578112,0.0764205882,2.41950536e-06,4.78468172e-07,0.00127982655,0.0796749681,2.41950536e-06,4.78468172e-07,0.0008792872869999999,0.038282763000000004,2.41950536e-06,4.78468172e-07,0.00126325402,0.07796308390000001,2.41950536e-06,4.78468172e-07,2.4551421403884888
355,1695136800,1.6274396800000003e-05,1.6274399200000002e-05,0.014635108340000003,0.002720421179999999,0.016355104199999998,0.00321984887,0.006663439859999999,0.005167566429999999,1.21954172e-06,1.091897825e-05,3.44930072,12.1,1.24568047e-06,1.3963884600000002e-06,7.994154399999999e-07,5.52706327e-07,4.3487689e-07,3.71543322e-07,3.01057063e-07,2.68368333e-07,5.71576357e-07,1.39176839e-07,2.0563645299999998e-06,84.9274049,45.3078715,2.8987565e-10,9.192541199999997,0.0012515213500000001,0.07612060689999998,3.0301584200000006e-06,5.1626371e-07,0.0012670401199999998,0.0784793722,3.0301584200000006e-06,5.1626371e-07,0.0009081747500000001,0.04028891070000001,3.0301584200000006e-06,5.1626371e-07,0.00128494824,0.08023488499999999,3.0301584200000006e-06,5.1626371e-07,2.4551854372024535
355,1695137400,1.6280861200000002e-05,1.62808664e-05,-0.00302985121,-0.007873599700000001,0.017475390299999997,0.00322108542,0.0066224082500000005,0.005180322579999999,1.18919516e-06,1.02790577e-05,3.1643357,10.5,1.2004815000000002e-06,1.41897798e-06,8.09137416e-07,5.60970423e-07,4.41856845e-07,3.49752766e-07,3.09423342e-07,2.66592479e-07,5.853360280000001e-07,1.37218397e-07,2.0606459299999998e-06,84.8976068,45.425392599999995,2.8872194899999997e-10,9.1951216,0.0012618114600000002,0.07746387699999999,2.7320318699999996e-06,4.98582021e-07,0.0012685481700000002,0.07821510100000001,2.7320318699999996e-06,4.98582021e-07,0.00088331391,0.03849205709999999,2.7320318699999996e-06,4.98582021e-07,0.0012753529,0.0792555849,2.7320318699999996e-06,4.98582021e-07,2.4551910161972046
355,1695138000,1.62653726e-05,1.62653794e-05,0.005310275860000001,0.012948963604,0.0174608602,0.0032175685700000004,0.006603470209999999,0.0051634713899999995,1.22584475e-06,1.060163075e-05,3.29720286,11.8,1.18838239e-06,1.3975608899999998e-06,8.117564819999999e-07,5.798430390000001e-07,4.24198793e-07,3.6549460899999996e-07,3.0830260799999996e-07,2.6716204e-07,5.87676973e-07,1.38968718e-07,2.0633163100000003e-06,84.98970310000001,45.578656,2.8798122499999995e-10,9.195525100000001,0.00126367151,0.0771565339,3.33715385e-06,5.454103949999999e-07,0.0012619791,0.07723892190000001,3.33715385e-06,5.454103949999999e-07,0.000901920621,0.0401953992,3.33715385e-06,5.454103949999999e-07,0.00126774961,0.0780883131,3.33715385e-06,5.454103949999999e-07,2.4551220655441286
355,1695138600,1.6180534599999998e-05,1.6180539799999998e-05,0.0016262896400000009,0.0061449648499999985,0.0162630267,0.00320776831,0.00662049683,0.0051415932800000005,1.17398345e-06,1.042333715e-05,3.43531476,11.3,1.15997721e-06,1.38647009e-06,8.17710935e-07,5.74554743e-07,4.31873629e-07,3.50705435e-07,3.11947995e-07,2.72058157e-07,5.88392243e-07,1.39804634e-07,2.05672796e-06,84.87158400000001,45.684499800000005,2.85440785e-10,9.196707700000001,0.00126545305,0.0774978147,2.6918402300000002e-06,4.82320049e-07,0.0012637849900000002,0.0774399595,2.6918402300000002e-06,4.82320049e-07,0.0008929289139999999,0.03920077030000001,2.6918402300000002e-06,4.82320049e-07,0.00126089016,0.0766366192,2.6918402300000002e-06,4.82320049e-07,2.455186057090759
355,1695139200,1.63267441e-05,1.6326746200000003e-05,-0.0017326308039999998,-0.007665415300000001,0.0165622173,0.0032242614800000007,0.0066354809700000005,0.00517454254,1.19972343e-06,1.0506603649999999e-05,3.3636364400000005,11.4,1.20056906e-06,1.4132066400000002e-06,8.14773321e-07,5.753542599999999e-07,4.5002376e-07,3.73470177e-07,3.05106848e-07,2.6231304499999995e-07,5.76460868e-07,1.41503848e-07,2.05055035e-06,84.6797515,45.2130494,2.90297414e-10,9.1921846,0.00128882219,0.0804828136,3.2679384399999993e-06,5.341506680000001e-07,0.0012757745499999999,0.0786855046,3.2679384399999993e-06,5.341506680000001e-07,0.0009133078689999999,0.040862222,3.2679384399999993e-06,5.341506680000001e-07,0.0012573330999999998,0.07638160260000001,3.2679384399999993e-06,5.341506680000001e-07,2.4551562786102297
355,1695139800,1.6119838800000005e-05,1.6119842800000002e-05,0.00642040288,0.011869771579999999,0.016145789199999996,0.00320001284,0.00663556863,0.005152637149999999,1.2008117599999999e-06,1.078950705e-05,3.27797208,11.0,1.190778904e-06,1.42034915e-06,7.760459290000001e-07,5.484229379999999e-07,4.45306562e-07,3.59368004e-07,3.01358485e-07,2.5322791499999995e-07,5.75275368e-07,1.39303817e-07,2.0504437100000003e-06,85.05337399999999,45.512571300000005,2.8608503400000006e-10,9.19568865,0.00126137344,0.0772218858,2.3641841600000003e-06,4.59909963e-07,0.00124723321,0.0758788116,2.3641841600000003e-06,4.59909963e-07,0.000873056461,0.0377002809,2.3641841600000003e-06,4.59909963e-07,0.00128837453,0.0807853688,2.3641841600000003e-06,4.59909963e-07,2.4551527976989744
355,1695140400,1.60504328e-05,1.6050440299999996e-05,0.006047260010000001,-0.01743650938,0.01641712805,0.0031998978999999996,0.0065962281,0.0051313839100000005,1.1376998300000002e-06,9.76314855e-06,3.20454553,10.9,1.1809600799999998e-06,1.35686236e-06,7.96739697e-07,5.511790729999999e-07,4.4203887200000004e-07,3.55925114e-07,3.13128228e-07,2.6344550000000003e-07,5.718764339999999e-07,1.42506798e-07,2.0505019999999997e-06,85.1889679,45.9123198,2.83020994e-10,9.197603050000001,0.00125790273,0.0764672706,2.8883710600000002e-06,4.969255720000001e-07,0.00126125516,0.0774670005,2.8883710600000002e-06,4.969255720000001e-07,0.000901490906,0.0395953701,2.8883710600000002e-06,4.969255720000001e-07,0.0012394954500000001,0.07452842999999999,2.8883710600000002e-06,4.969255720000001e-07,2.455168890953064
355,1695141000,1.6099811599999998e-05,1.6099816299999996e-05,0.00387558383,-0.009140867909999998,0.0158241143,0.0032019933300000006,0.006596578360000001,0.00513540622,1.1601264000000002e-06,1.07649644e-05,3.22027977,11.1,1.17286546e-06,1.37533571e-06,7.89045926e-07,5.593788099999999e-07,4.4153361700000005e-07,3.6343383699999996e-07,3.07412359e-07,2.70176224e-07,5.86892784e-07,1.40259331e-07,2.04354194e-06,85.0427774,45.791378200000004,2.8415461199999994e-10,9.196148,0.0012682073100000002,0.07782684339999998,2.6383962300000005e-06,4.786016569999999e-07,0.0012491282499999998,0.0759081644,2.6383962300000005e-06,4.786016569999999e-07,0.000902873492,0.039640924699999996,2.6383962300000005e-06,4.786016569999999e-07,0.00125071696,0.07583828740000001,2.6383962300000005e-06,4.786016569999999e-07,2.4551788806915282
355,1695141600,1.63248491e-05,1.63248524e-05,-0.00461644933,-0.012326154160000002,0.0159936164,0.00322454306,0.0066470982400000005,0.0051826300399999995,1.17039852e-06,1.02642806e-05,3.1888112100000003,10.8,1.20725192e-06,1.42748307e-06,7.909796179999999e-07,5.75091815e-07,4.3559874399999995e-07,3.62393711e-07,3.06302646e-07,2.63376227e-07,5.903300199999999e-07,1.43458514e-07,2.06011763e-06,84.9295751,45.4362573,2.8996980899999997e-10,9.193056700000001,0.0012598932300000002,0.07687572250000001,2.9832360799999997e-06,5.18448506e-07,0.00127613845,0.078648509,2.9832360799999997e-06,5.18448506e-07,0.0009187025450000001,0.0413697098,2.9832360799999997e-06,5.18448506e-07,0.00126624413,0.07754384460000001,2.9832360799999997e-06,5.18448506e-07,2.455139970779419
355,1695142200,1.6194303800000003e-05,1.6194306099999996e-05,-0.0010521292599999996,-0.0273033403,0.017791944799999997,0.00321547559,0.0066214078299999994,0.00514748107,1.17699519e-06,1.0080461599999999e-05,3.2919581199999994,11.1,1.2328672400000003e-06,1.39787764e-06,7.99787398e-07,5.56857551e-07,4.28015363e-07,3.6041786999999994e-07,3.0058183999999996e-07,2.61265061e-07,5.746991750000001e-07,1.3748602e-07,2.04724919e-06,84.959933,45.34439340000001,2.88068215e-10,9.193443550000001,0.00125039901,0.07591918299999999,3.13719944e-06,5.16869134e-07,0.00126364668,0.0775303778,3.13719944e-06,5.16869134e-07,0.0009159040759999999,0.0409349929,3.13719944e-06,5.16869134e-07,0.0012737936100000002,0.07888244349999998,3.13719944e-06,5.16869134e-07,2.455136013031006
355,1695142800,1.6273480599999998e-05,1.6273482699999998e-05,-0.0038736125300000007,-0.00578420954,0.0164494207,0.00322186468,0.00662311121,0.005164552679999999,1.20431329e-06,1.02070775e-05,3.2989510800000006,11.1,1.1907092900000001e-06,1.4348671899999998e-06,8.12252799e-07,5.67955582e-07,4.32333089e-07,3.62821994e-07,3.0087437000000004e-07,2.51882839e-07,5.86879507e-07,1.3984399200000002e-07,2.0562966100000003e-06,84.855738,45.2779171,2.8964600900000004e-10,9.192867600000001,0.00126776874,0.07757968069999999,3.1520365300000002e-06,5.17765081e-07,0.00127568992,0.07922077899999999,3.1520365300000002e-06,5.17765081e-07,0.000894975884,0.0396015548,3.1520365300000002e-06,5.17765081e-07,0.0012644299300000003,0.0784323359,3.1520365300000002e-06,5.17765081e-07,2.4551612377166747
355,1695143400,1.62696489e-05,1.6269650900000002e-05,0.008896609146,-0.020716131739999998,0.0168624584,0.0032224038499999996,0.00662314861,0.00517916813,1.15672589e-06,1.0273799749999999e-05,3.08741265,11.0,1.1778503200000002e-06,1.42513095e-06,8.1683344e-07,5.68251524e-07,4.46342003e-07,3.5281628399999997e-07,3.0345786399999997e-07,2.68320011e-07,5.787138100000001e-07,1.43362019e-07,2.0536796800000003e-06,84.994534,45.497009000000006,2.88454539e-10,9.194898100000001,0.00126427295,0.0778130618,2.5987388399999996e-06,4.86472503e-07,0.00128911572,0.0805588596,2.5987388399999996e-06,4.86472503e-07,0.0008949744689999998,0.0390346093,2.5987388399999996e-06,4.86472503e-07,0.00125641885,0.07628629499999999,2.5987388399999996e-06,4.86472503e-07,2.4551434755325316
355,1695144000,1.63064159e-05,1.63064193e-05,0.01623657942,-0.0301461622,0.0162474515,0.00322655863,0.00667564722,0.005192690190000001,1.160678193e-06,1.0486822400000001e-05,3.0629371,11.1,1.18034127e-06,1.3831802e-06,8.28903669e-07,5.755756390000001e-07,4.2307330299999995e-07,3.57646061e-07,3.08822053e-07,2.6457098099999995e-07,5.92390421e-07,1.42699217e-07,2.09599553e-06,85.57704659999999,46.30415,2.85832452e-10,9.2007036,0.0012680204100000002,0.0779952772,2.7158576800000003e-06,4.86948728e-07,0.0012740221200000003,0.07876139360000001,2.7158576800000003e-06,4.86948728e-07,0.000869545482,0.037554103500000005,2.7158576800000003e-06,4.86948728e-07,0.00126859641,0.07815266089999999,2.7158576800000003e-06,4.86948728e-07,2.4551607847213743
355,1695144600,1.6213801099999998e-05,1.6213802600000002e-05,-0.0006749291770000003,-0.00584543301,0.015728030399999995,0.0032135365699999994,0.00663821218,0.00515687782,1.1664703900000001e-06,1.006974885e-05,3.18006999,10.2,1.18305019e-06,1.36339191e-06,7.934865639999999e-07,5.593755839999999e-07,4.36206619e-07,3.67619545e-07,3.01833015e-07,2.65430131e-07,5.885550760000001e-07,1.48389093e-07,2.09953362e-06,86.0057915,46.779320199999994,2.82533191e-10,9.2044848,0.0012628391200000001,0.07751993620000001,2.58557057e-06,4.7580752800000006e-07,0.00127651837,0.078359638,2.58557057e-06,4.7580752800000006e-07,0.0008782668859999999,0.0378782427,2.58557057e-06,4.7580752800000006e-07,0.00125145361,0.0751777846,2.58557057e-06,4.7580752800000006e-07,2.4551481008529663
355,1695145200,1.64751012e-05,1.6475109800000002e-05,-0.0021846562999999998,0.0014553177500000003,0.016997245700000004,0.0032381801600000005,0.006681449840000001,0.00520139002,1.18133e-06,1.04155587e-05,3.50874132,11.5,1.20546272e-06,1.4035049e-06,8.065837169999999e-07,5.752176889999999e-07,4.2763964599999997e-07,3.70415794e-07,2.9470913e-07,2.57166502e-07,5.79631546e-07,1.5349932200000002e-07,2.16369129e-06,86.5605491,47.2120779,2.85874174e-10,9.20815,0.00125987797,0.0772638302,2.77257151e-06,5.08263378e-07,0.0012699402200000002,0.078311163,2.77257151e-06,5.08263378e-07,0.0009011050730000001,0.0396653563,2.77257151e-06,5.08263378e-07,0.00126852138,0.07805937360000001,2.77257151e-06,5.08263378e-07,2.455161929130554
355,1695145800,1.63892577e-05,1.63892602e-05,0.00035733441000000124,-0.01782245398,0.0167267236,0.0032327771700000002,0.006652853960000001,0.0052039090499999986,1.16372373e-06,1.0427098949999999e-05,3.4143356799999998,12.6,1.1671775500000001e-06,1.4469042900000002e-06,8.166404409999999e-07,5.84681368e-07,4.41706595e-07,3.3854145500000005e-07,2.95831089e-07,2.6297299e-07,5.890243469999999e-07,1.42021577e-07,2.10909738e-06,85.358485,45.9983066,2.8883427900000007e-10,9.19787015,0.00126304391,0.07747492339999999,2.452148e-06,4.75288517e-07,0.0012939099499999999,0.08179380580000001,2.452148e-06,4.75288517e-07,0.0008990772730000001,0.0391283162,2.452148e-06,4.75288517e-07,0.0012518218,0.0761422757,2.452148e-06,4.75288517e-07,2.4551967859268187
355,1695146400,1.63846527e-05,1.63846609e-05,-0.011092552800000002,-0.021893613580000002,0.016375993600000003,0.00323425658,0.006638020630000001,0.005184202760000001,1.1646381800000003e-06,1.000809015e-05,3.2884616,10.6,1.1642059900000001e-06,1.40468447e-06,8.344694139999999e-07,5.496678289999999e-07,4.62239954e-07,3.66595465e-07,3.10187622e-07,2.6368868699999995e-07,5.90118898e-07,1.42320944e-07,2.1041114600000004e-06,85.54534050000001,46.2314041,2.8785249299999995e-10,9.200179349999999,0.00127617735,0.0786992085,2.29344108e-06,4.5512588600000003e-07,0.00127895309,0.07905911480000001,2.29344108e-06,4.5512588600000003e-07,0.0008701993179999999,0.0372552716,2.29344108e-06,4.5512588600000003e-07,0.0012706556499999999,0.0784988744,2.29344108e-06,4.5512588600000003e-07,2.45516459941864
355,1695147000,1.64858935e-05,1.6485898799999998e-05,0.01635481432,0.39553924382000005,0.020441736800000002,0.00323404879,0.006654917219999999,0.0051959122499999994,1.50037188e-06,1.42868777e-05,3.2849651399999997,12.7,1.1615274700000001e-06,1.3981840600000002e-06,8.430029070000001e-07,5.7142899e-07,4.43169833e-07,3.56839962e-07,3.0002855800000003e-07,2.6497598100000007e-07,6.187264559999999e-07,1.4656500399999998e-07,2.1384893100000003e-06,85.3400104,46.34654629999999,2.89383262e-10,9.199391949999997,0.00126477548,0.07760964940000001,2.6685156700000002e-06,4.95961382e-07,0.00128208286,0.079752086,2.6685156700000002e-06,4.95961382e-07,0.000903472569,0.0401046619,2.6685156700000002e-06,4.95961382e-07,0.0012456746200000001,0.075409582,2.6685156700000002e-06,4.95961382e-07,2.455153393745422
355,1695147600,1.68621493e-05,1.6862154100000002e-05,-0.025855262940000002,0.5448133758999999,0.0217594876,0.0032646940199999993,0.00671483373,0.00523883663,1.5650375499999999e-06,1.5745029750000002e-05,3.7010489799999995,13.7,1.15902213e-06,1.40183382e-06,7.954872069999999e-07,5.96790933e-07,4.39999639e-07,3.7398039100000006e-07,3.07351559e-07,2.67880105e-07,7.53411726e-07,1.4736931699999999e-07,2.18792579e-06,85.74270999999999,46.9951956,2.95829603e-10,9.2025936,0.0012723135599999997,0.0783601839,2.6636813500000003e-06,4.70172132e-07,0.00126939804,0.0783701225,2.6636813500000003e-06,4.70172132e-07,0.0008912676119999999,0.0388061544,2.6636813500000003e-06,4.70172132e-07,0.0012563643100000001,0.0773111322,2.6636813500000003e-06,4.70172132e-07,2.455170178413391
355,1695148200,1.6451405200000003e-05,1.64514102e-05,-0.001697847000000001,0.0026279039799999987,0.01665389605,0.0032375183799999998,0.00665907535,0.005205061049999999,1.14179728e-06,1.0613320050000001e-05,3.37062946,10.7,1.1510063400000002e-06,1.4053403899999999e-06,8.087638280000001e-07,5.781445640000001e-07,4.3820889299999996e-07,3.5876168400000004e-07,3.11228759e-07,2.6166617600000004e-07,7.049725480000001e-07,1.4239483000000002e-07,2.0651974e-06,85.21962800000001,45.9697374,2.9243558000000003e-10,9.1957113,0.00126463677,0.0774256315,2.4465905799999997e-06,4.652795349999999e-07,0.00127058191,0.078302903,2.4465905799999997e-06,4.652795349999999e-07,0.0008850865729999999,0.0380644757,2.4465905799999997e-06,4.652795349999999e-07,0.00126626288,0.07750134170000002,2.4465905799999997e-06,4.652795349999999e-07,2.455185294151306
355,1695148800,1.64021299e-05,1.64021319e-05,-0.0059595837600000005,0.0132871047,0.016601307899999994,0.00322958314,0.006646227740000001,0.00518060274,1.21458988e-06,1.0572520899999998e-05,3.4650350000000003,11.8,1.1776107900000001e-06,1.37886245e-06,7.957734730000001e-07,5.66973607e-07,4.2748612800000006e-07,3.5807313e-07,2.9846607200000004e-07,2.64025361e-07,7.116038210000001e-07,1.4003588499999998e-07,2.0821203000000003e-06,85.325637,46.182915,2.91036601e-10,9.19728585,0.001257949,0.07697101699999999,2.68528811e-06,4.83019897e-07,0.00126836981,0.07807717490000002,2.68528811e-06,4.83019897e-07,0.000873156793,0.0377960322,2.68528811e-06,4.83019897e-07,0.00125632559,0.07676610350000002,2.68528811e-06,4.83019897e-07,2.4551581144332886
355,1695149400,1.66578886e-05,1.6657896700000002e-05,-0.00712828351,-0.0331887429,0.0159434505,0.0032599933400000005,0.00669218921,0.0052404856,1.18631367e-06,1.0573272899999999e-05,3.4178322300000006,10.5,1.2173110599999999e-06,1.4110778100000001e-06,7.84058458e-07,5.71593417e-07,4.5247186099999995e-07,3.7192458199999996e-07,3.05512839e-07,2.58486914e-07,7.30197135e-07,1.4258867400000002e-07,2.08369723e-06,85.0309122,45.77265559999999,2.9708482000000004e-10,9.19469545,0.00127805731,0.0790672774,2.6627726299999998e-06,4.877993379999999e-07,0.00126893213,0.0780632506,2.6627726299999998e-06,4.877993379999999e-07,0.000900426258,0.039845365300000005,2.6627726299999998e-06,4.877993379999999e-07,0.0012727069100000002,0.0789907346,2.6627726299999998e-06,4.877993379999999e-07,2.4551629066467284
355,1695150000,1.6615977000000002e-05,1.66159808e-05,-0.01503510077,0.0012215319000000002,0.0164418135,0.00325196844,0.006677967040000001,0.00520471577,1.17110952e-06,1.04196095e-05,3.51573432,10.7,1.1841044899999998e-06,1.4468373e-06,8.193331019999999e-07,5.7436621e-07,4.3972108799999995e-07,3.55102763e-07,3.02631817e-07,2.6517366200000003e-07,7.13920094e-07,1.39289083e-07,2.0674751300000003e-06,84.6626245,45.3509411,2.9792209e-10,9.1905465,0.00126898593,0.07827154880000001,3.23047121e-06,5.05671993e-07,0.00127992437,0.07957872260000001,3.23047121e-06,5.05671993e-07,0.000885381645,0.038855060899999995,3.23047121e-06,5.05671993e-07,0.00128458816,0.07964657050000001,3.23047121e-06,5.05671993e-07,2.455140995979309
355,1695150600,1.6517503799999997e-05,1.6517505e-05,-0.005573409250000001,0.01245980764,0.0168205809,0.0032400107300000003,0.00667777878,0.00520314053,1.1842317500000002e-06,1.058833845e-05,3.5944056399999993,13.6,1.1862382e-06,1.4313663900000002e-06,8.09019602e-07,5.7009822e-07,4.40839508e-07,3.61368448e-07,3.04101171e-07,2.63616084e-07,6.984883299999999e-07,1.3965862800000002e-07,2.05391723e-06,84.8070793,45.3957774,2.9622953e-10,9.191400400000001,0.0012711867,0.078283477,2.9107351499999997e-06,5.01861522e-07,0.0012746273099999998,0.078458666,2.9107351499999997e-06,5.01861522e-07,0.000882872306,0.0389032843,2.9107351499999997e-06,5.01861522e-07,0.0012828166099999997,0.0795923567,2.9107351499999997e-06,5.01861522e-07,2.4551599502563475
355,1695151200,1.63679733e-05,1.63679753e-05,-0.00234344246,0.0053262653600000005,0.0164836009,0.0032278778099999995,0.0066433700900000005,0.005188060079999999,1.1841409600000002e-06,1.0060244300000001e-05,3.33041963,10.8,1.17900353e-06,1.37708575e-06,8.180344270000001e-07,5.55260523e-07,4.44224972e-07,3.56732091e-07,3.0951114000000003e-07,2.5497952200000004e-07,7.011999570000001e-07,1.40046245e-07,2.0478648e-06,84.87060590000002,45.591774,2.9254097399999996e-10,9.19229235,0.001268522,0.07807246139999999,2.8185315800000004e-06,5.13849905e-07,0.0012694459499999998,0.0780718762,2.8185315800000004e-06,5.13849905e-07,0.000912559276,0.0407931039,2.8185315800000004e-06,5.13849905e-07,0.00123902739,0.0746660714,2.8185315800000004e-06,5.13849905e-07,2.4551383018493653
355,1695151800,1.64194935e-05,1.64194976e-05,0.00101368647,-0.00878541615,0.0166587246,0.00323661881,0.0066697488999999995,0.005199093930000001,1.1628194699999998e-06,1.0758758950000001e-05,3.41783224,11.2,1.21177126e-06,1.40362676e-06,8.078048890000001e-07,5.519147789999999e-07,4.3584342300000005e-07,3.58969702e-07,2.9773694000000003e-07,2.5815393700000006e-07,6.97672154e-07,1.3934116499999997e-07,2.04689608e-06,84.75028110000001,45.368533400000004,2.94008939e-10,9.192754050000001,0.00126027084,0.077008815,2.92327653e-06,5.18813447e-07,0.0012722993000000003,0.07835344759999999,2.92327653e-06,5.18813447e-07,0.00092074624,0.0414691428,2.92327653e-06,5.18813447e-07,0.00125413206,0.0763072621,2.92327653e-06,5.18813447e-07,2.4551404476165772
355,1695152400,1.63927202e-05,1.63927233e-05,-0.0007514136200000004,-0.0023288734999999993,0.0168770182,0.0032330966599999995,0.0066676689300000005,0.00517707554,1.1456941700000001e-06,1.0152524749999999e-05,3.3234266500000005,11.4,1.2039665699999999e-06,1.3603389e-06,7.837055030000002e-07,5.784521309999999e-07,4.5287201300000005e-07,3.62283519e-07,3.0640486e-07,2.73641347e-07,6.866267899999999e-07,1.35782203e-07,2.05225596e-06,84.70357489999999,45.5514745,2.92127942e-10,9.1928001,0.00127333776,0.07827695000000001,2.91805921e-06,5.15620767e-07,0.00126111858,0.0775837449,2.91805921e-06,5.15620767e-07,0.000889165974,0.0394312359,2.91805921e-06,5.15620767e-07,0.0012507837099999999,0.075680177,2.91805921e-06,5.15620767e-07,2.4551488876342775
355,1695153000,1.63688078e-05,1.6368812100000003e-05,0.00955913909,-0.010218742360000001,0.0164819566,0.00322819633,0.00666543573,0.0051818464100000005,1.1995601499999998e-06,1.07519622e-05,3.3374126700000004,11.1,1.1646838439999999e-06,1.4157300800000001e-06,7.83684511e-07,5.605317959999999e-07,4.4184415800000004e-07,3.50372511e-07,2.97749539e-07,2.57061534e-07,7.022094899999999e-07,1.4163323199999998e-07,2.06887943e-06,85.117806,45.889567899999996,2.9160921e-10,9.1949175,0.00126594932,0.0777121734,2.5745493e-06,4.90173298e-07,0.0012585178099999998,0.0771313975,2.5745493e-06,4.90173298e-07,0.0008856174519999999,0.0385815381,2.5745493e-06,4.90173298e-07,0.00126569036,0.0772474111,2.5745493e-06,4.90173298e-07,2.455191445350647
355,1695153600,1.63815798e-05,1.6381587400000003e-05,0.010461985810000001,-0.007514138100000002,0.016012843399999997,0.0032310566999999998,0.00667646551,0.00519551442,1.1578984100000001e-06,1.0324177799999998e-05,3.47027978,11.3,1.16609779e-06,1.3826665700000002e-06,7.975989510000001e-07,5.635213360000001e-07,4.41951207e-07,3.49536836e-07,3.0703678e-07,2.77280632e-07,6.947434419999999e-07,1.42328912e-07,2.06800046e-06,85.0232844,45.9623232,2.9092224700000003e-10,9.195222150000001,0.00125860567,0.07706671000000001,2.5881447200000003e-06,4.83109291e-07,0.0012718973100000002,0.07855962810000001,2.5881447200000003e-06,4.83109291e-07,0.000896293757,0.039190342499999996,2.5881447200000003e-06,4.83109291e-07,0.00124641001,0.0750353191,2.5881447200000003e-06,4.83109291e-07,2.4551485776901245
355,1695154200,1.6463761400000003e-05,1.6463766899999998e-05,-0.0014584546865999998,-0.0014525063499999998,0.0161846873,0.0032362352999999997,0.006662309529999999,0.0052105030900000005,1.15733848e-06,1.0212845549999998e-05,3.44055952,10.7,1.2267775799999998e-06,1.37638324e-06,8.060568380000001e-07,5.401359090000001e-07,4.4526024600000005e-07,3.5913620800000003e-07,3.06367597e-07,2.57271809e-07,6.953725929999999e-07,1.41730333e-07,2.0773568200000003e-06,84.85479350000001,45.66081870000001,2.94114655e-10,9.192866200000001,0.0012687983699999998,0.07796811209999999,2.7666384199999995e-06,5.22999967e-07,0.00126430407,0.07739520209999999,2.7666384199999995e-06,5.22999967e-07,0.000921063358,0.041614798200000004,2.7666384199999995e-06,5.22999967e-07,0.00125309166,0.07598629980000002,2.7666384199999995e-06,5.22999967e-07,2.455164337158203
355,1695154800,1.6509375199999996e-05,1.6509379799999997e-05,0.005999067674999999,0.00014029667999999955,0.01689612295,0.0032395069499999997,0.006694970489999999,0.005213317359999999,1.2003184799999999e-06,1.0488779300000001e-05,3.5979021200000005,12.0,1.18619934e-06,1.3973345300000003e-06,8.191698199999999e-07,5.90512021e-07,4.48589355e-07,3.6212383000000004e-07,2.97325434e-07,2.6065553099999994e-07,6.86193801e-07,1.3862168299999997e-07,2.06794441e-06,84.7607952,45.4269029,2.9527381799999997e-10,9.192601100000001,0.0012784042,0.0789927166,3.02546956e-06,5.18487303e-07,0.0012857563899999998,0.0802132992,3.02546956e-06,5.18487303e-07,0.000896707228,0.0398471268,3.02546956e-06,5.18487303e-07,0.0012531856,0.0761346036,3.02546956e-06,5.18487303e-07,2.4551884651184084
355,1695155400,1.6374830099999998e-05,1.63748369e-05,0.010714732668999999,-0.00326712849,0.01719757165,0.0032299854800000006,0.00665626116,0.0051926022,1.1766790100000002e-06,1.050827755e-05,3.36363645,11.8,1.1317652100000001e-06,1.3872301500000001e-06,8.253748889999999e-07,5.54699044e-07,4.4909158800000005e-07,3.7404351499999997e-07,3.01598754e-07,2.6220430499999995e-07,6.963890639999999e-07,1.37280578e-07,2.0677006e-06,84.83990209999999,45.83269249999999,2.9080801000000003e-10,9.195240499999999,0.001274356,0.07882435330000001,2.51742203e-06,4.5985519099999996e-07,0.00127176742,0.07857686800000001,2.51742203e-06,4.5985519099999996e-07,0.00087906983,0.0375706349,2.51742203e-06,4.5985519099999996e-07,0.0012393489899999999,0.07498789589999999,2.51742203e-06,4.5985519099999996e-07,2.455138635635376
355,1695156000,1.65069351e-05,1.65069376e-05,-0.0027964042500000013,0.0020893778099999993,0.016670908350000003,0.0032407512,0.00668399158,0.00519278768,1.1763128299999998e-06,1.03963372e-05,3.46853159,11.4,1.17855381e-06,1.44291325e-06,7.9520807e-07,5.621577519999999e-07,4.38326298e-07,3.7640979900000003e-07,3.0209711800000007e-07,2.6821380500000003e-07,6.89166028e-07,1.3920270099999998e-07,2.06121056e-06,84.8082345,45.4230519,2.9565481800000004e-10,9.19208995,0.0012753977299999998,0.0783556753,2.49985208e-06,4.867771329999999e-07,0.00126126776,0.077355129,2.49985208e-06,4.867771329999999e-07,0.0008946480590000001,0.0391470144,2.49985208e-06,4.867771329999999e-07,0.0012731874799999999,0.0789535404,2.49985208e-06,4.867771329999999e-07,2.4551658153533937
355,1695156600,1.64231747e-05,1.64231811e-05,0.00417876614,0.012578324290000002,0.016223185600000002,0.0032317185399999998,0.006677442780000001,0.005202462980000001,1.12461095e-06,1.004030055e-05,3.3479021499999995,10.9,1.1710197700000002e-06,1.4181987600000002e-06,8.01797095e-07,5.4975672e-07,4.42984705e-07,3.6098957200000004e-07,3.04415891e-07,2.5708734500000004e-07,6.946324929999999e-07,1.40183277e-07,2.0705045499999997e-06,84.8809258,45.67692530000001,2.9311351e-10,9.192593800000001,0.0012630527299999999,0.07712759029999999,2.5977863700000002e-06,4.82363985e-07,0.0012819973700000003,0.07920457830000001,2.5977863700000002e-06,4.82363985e-07,0.0009158554730000001,0.040545314400000004,2.5977863700000002e-06,4.82363985e-07,0.00124516911,0.07505790500000001,2.5977863700000002e-06,4.82363985e-07,2.4551452159881593
355,1695157200,1.64234044e-05,1.6423411499999997e-05,-0.00368893535,0.0005073326,0.0162775366,0.00323355097,0.006655688300000001,0.00518332196,1.19109645e-06,1.06994293e-05,3.44580427,11.5,1.1494646700000001e-06,1.41633548e-06,8.19389943e-07,5.61509664e-07,4.3409948800000005e-07,3.6494797300000005e-07,3.05888789e-07,2.5952991200000005e-07,7.037915220000001e-07,1.39017436e-07,2.0576552099999997e-06,84.861133,45.60922420000001,2.93446885e-10,9.193312299999999,0.00126380165,0.0776629626,2.8570424199999996e-06,5.028545389999999e-07,0.00126971674,0.078600744,2.8570424199999996e-06,5.028545389999999e-07,0.000893779486,0.038970974400000004,2.8570424199999996e-06,5.028545389999999e-07,0.00124851792,0.07594206810000001,2.8570424199999996e-06,5.028545389999999e-07,2.455135631561279
355,1695157800,1.64355984e-05,1.64356051e-05,-0.009209143524000001,-0.0024644449700000006,0.0161746395,0.00323435002,0.006650157629999999,0.005198739480000001,1.2372630900000001e-06,1.136952745e-05,3.43881132,12.7,1.17570588e-06,1.39115112e-06,7.99168988e-07,5.90400757e-07,4.2428244100000005e-07,3.54513544e-07,3.08829924e-07,2.7310743799999996e-07,7.01906966e-07,1.38254418e-07,2.06043572e-06,84.6456656,45.5464645,2.9344612e-10,9.191763750000002,0.0012773720799999998,0.07909617459999999,2.97596954e-06,5.17268261e-07,0.0012653107,0.0780538862,2.97596954e-06,5.17268261e-07,0.0008924648019999999,0.0397400451,2.97596954e-06,5.17268261e-07,0.0012414168,0.0751537048,2.97596954e-06,5.17268261e-07,2.4551671743392944
355,1695158400,1.64456472e-05,1.6445650599999997e-05,0.0027696451700000013,0.003403125,0.0171017793,0.00323705982,0.006670827800000001,0.00519012442,1.1870295299999998e-06,1.108730945e-05,3.41608397,11.7,1.1652330500000001e-06,1.43275517e-06,8.002056859999999e-07,5.71900695e-07,4.387488449999999e-07,3.4826477299999997e-07,3.0248894800000005e-07,2.5471356000000003e-07,7.036514859999999e-07,1.41222672e-07,2.0636084300000003e-06,84.8685121,45.5872999,2.94096536e-10,9.193113999999998,0.0012684472200000002,0.0777495936,2.95319814e-06,5.00613154e-07,0.00127717624,0.079515054,2.95319814e-06,5.00613154e-07,0.000906841899,0.0403458512,2.95319814e-06,5.00613154e-07,0.00124524072,0.0748610105,2.95319814e-06,5.00613154e-07,2.4551936388015747
355,1695159000,1.6353041e-05,1.63530425e-05,-0.007437076669999998,0.007605145439999998,0.0168805923,0.0032266375799999995,0.00662638106,0.0051690383299999995,1.17973462e-06,1.04422049e-05,3.3898601899999994,11.7,1.13893759e-06,1.41606244e-06,8.03982125e-07,5.630163600000001e-07,4.3454713599999997e-07,3.5852073099999996e-07,3.0113240200000003e-07,2.6946991199999994e-07,6.96060596e-07,1.38856027e-07,2.0559155599999998e-06,84.89452610000001,45.718633,2.91612968e-10,9.1927707,0.00125980561,0.07683133439999999,2.6681928500000002e-06,4.641238109999999e-07,0.0012810707999999999,0.0796522954,2.6681928500000002e-06,4.641238109999999e-07,0.000875477273,0.03732297450000001,2.6681928500000002e-06,4.641238109999999e-07,0.0012569098,0.07628935340000001,2.6681928500000002e-06,4.641238109999999e-07,2.4552412033081055
355,1695159600,1.63907473e-05,1.63907507e-05,-0.015032047830000003,-0.012616274450000001,0.016107396200000002,0.00323195404,0.006643814270000001,0.0051938318000000015,1.14148819e-06,1.02898923e-05,3.30769232,10.7,1.16784098e-06,1.39063003e-06,7.86962288e-07,5.708781779999999e-07,4.53622755e-07,3.4719311999999996e-07,3.0129465399999996e-07,2.6057029399999996e-07,7.06848225e-07,1.3739653200000002e-07,2.07210633e-06,84.9380415,45.802557,2.92210883e-10,9.19475365,0.00126933084,0.0779347385,2.55308224e-06,4.90087907e-07,0.00127496333,0.07867781619999999,2.55308224e-06,4.90087907e-07,0.0009046500119999999,0.040261261300000004,2.55308224e-06,4.90087907e-07,0.00122894644,0.0737062547,2.55308224e-06,4.90087907e-07,2.4551127433776854
355,1695160200,1.63336789e-05,1.63336818e-05,0.00019165815999999946,0.004994761800000002,0.0163780536,0.0032230784400000003,0.006649392379999999,0.0051729407600000004,1.156499675e-06,1.00458924e-05,3.20454553,10.7,1.1503703199999997e-06,1.39662279e-06,7.80835074e-07,5.65010755e-07,4.43356263e-07,3.6366392900000003e-07,3.08960851e-07,2.66279914e-07,7.007581340000001e-07,1.36761803e-07,2.05420296e-06,84.9458499,45.7890393,2.9127871499999996e-10,9.1927305,0.0012753660100000002,0.07873012300000001,2.71208273e-06,4.88876489e-07,0.00126406761,0.07703967310000001,2.71208273e-06,4.88876489e-07,0.0008675773189999999,0.0373221821,2.71208273e-06,4.88876489e-07,0.0012531387100000002,0.0763551436,2.71208273e-06,4.88876489e-07,2.4551613092422486
355,1695160800,1.63549167e-05,1.63549223e-05,0.0047983646,-0.021218598050000002,0.016182033000000002,0.00322960662,0.0066602319699999996,0.005194442919999999,1.1396941800000001e-06,1.043889635e-05,3.2080420099999998,10.5,1.16821132e-06,1.3857120599999998e-06,7.84786087e-07,5.74180036e-07,4.3547020499999997e-07,3.55507676e-07,3.02205477e-07,2.6508514e-07,7.0553471e-07,1.3709793900000002e-07,2.0636368699999997e-06,84.9441836,45.7536443,2.91733776e-10,9.193572600000001,0.00126558908,0.0774379316,3.13938785e-06,5.19807091e-07,0.0012574405,0.0763082156,3.13938785e-06,5.19807091e-07,0.0008739530470000002,0.038135537700000006,3.13938785e-06,5.19807091e-07,0.0012699373299999998,0.07823904100000001,3.13938785e-06,5.19807091e-07,2.455163669586182
355,1695161400,1.64258005e-05,1.64258057e-05,9.158286000000119e-05,0.006921458570000001,0.016014731499999997,0.0032320032,0.00667542982,0.00519182246,1.20046218e-06,1.04119647e-05,3.48426578,12.7,1.1630697299999998e-06,1.42017705e-06,7.846816509999999e-07,5.622805310000001e-07,4.38189611e-07,3.5571063000000006e-07,3.03369311e-07,2.62137242e-07,7.11798012e-07,1.40342031e-07,2.07112975e-06,84.8525316,45.7116155,2.9312499500000004e-10,9.193269400000002,0.00125532883,0.076569046,2.81134422e-06,4.804770770000001e-07,0.00125985577,0.0771022278,2.81134422e-06,4.804770770000001e-07,0.000902192963,0.0393968221,2.81134422e-06,4.804770770000001e-07,0.0012631605300000002,0.076622426,2.81134422e-06,4.804770770000001e-07,2.455177879333496
355,1695162000,1.63189897e-05,1.6318994399999997e-05,-0.011157733602000001,-0.006761828449999998,0.0155241514,0.00322300924,0.006632446450000001,0.00517390472,1.126640677e-06,1.014748585e-05,3.3636364299999997,10.4,1.15148016e-06,1.3788285e-06,8.094793800000001e-07,5.46424995e-07,4.3781566700000004e-07,3.6713160699999993e-07,3.0408072899999995e-07,2.6808793300000003e-07,7.00421697e-07,1.3750146800000004e-07,2.05816489e-06,84.870073,45.8191497,2.90172381e-10,9.194599199999999,0.00125981879,0.07699754410000001,2.54160816e-06,4.70910331e-07,0.0012659155700000002,0.07738950850000001,2.54160816e-06,4.70910331e-07,0.0008781148350000001,0.037883157699999996,2.54160816e-06,4.70910331e-07,0.00125020806,0.0758165575,2.54160816e-06,4.70910331e-07,2.455181908607483
355,1695162600,1.65526284e-05,1.6552631400000003e-05,0.00758121593,-0.031579604090000005,0.01574650305,0.00325271436,0.00669339218,0.00521126535,1.17909877e-06,1.084744135e-05,3.50174824,12.0,1.18742962e-06,1.42588538e-06,8.246852010000001e-07,5.564485430000001e-07,4.4668425999999997e-07,3.6031388300000003e-07,3.0388009800000003e-07,2.65410243e-07,7.080380869999999e-07,1.36980089e-07,2.06052286e-06,84.6293369,45.3220415,2.96679472e-10,9.1915688,0.00126775636,0.0779348855,2.7179081e-06,4.895504109999999e-07,0.00128031485,0.0795145379,2.7179081e-06,4.895504109999999e-07,0.0008932156319999999,0.0391013301,2.7179081e-06,4.895504109999999e-07,0.00126576582,0.07787730509999999,2.7179081e-06,4.895504109999999e-07,2.4551735401153563
355,1695163200,1.6539165299999998e-05,1.65391698e-05,-0.015995771319999998,0.01211229893,0.016537247999999997,0.00324468234,0.006702328339999999,0.00519725538,1.24660867e-06,1.0690062099999999e-05,3.49650351,12.6,1.2230865299999998e-06,1.4088587e-06,7.83575606e-07,5.59152902e-07,4.5419733e-07,3.53448136e-07,3.06652396e-07,2.74878869e-07,7.075705240000001e-07,1.4059044500000002e-07,2.0575407800000003e-06,84.6199985,45.3470203,2.9583679699999996e-10,9.1913512,0.0012688824600000002,0.0785097605,2.98090753e-06,5.41574337e-07,0.00124362656,0.0750850569,2.98090753e-06,5.41574337e-07,0.000926313218,0.042016888,2.98090753e-06,5.41574337e-07,0.0012727861000000002,0.0787265214,2.98090753e-06,5.41574337e-07,2.455172872543335
355,1695163800,1.63943934e-05,1.6394396900000004e-05,-0.00291924164,0.010823715050000002,0.0164585742,0.0032274505100000003,0.00666218294,0.0051850557400000006,1.15062e-06,9.791357200000001e-06,3.4947552600000003,12.4,1.1592042399999998e-06,1.40716473e-06,7.97358328e-07,5.60912775e-07,4.5308396999999993e-07,3.5521443899999997e-07,3.03833761e-07,2.60910791e-07,7.040761489999999e-07,1.3941497899999998e-07,2.0560089100000002e-06,84.74908409999999,45.638736300000005,2.9201205399999997e-10,9.193062000000001,0.0012729946100000001,0.07866644040000001,2.8821050299999997e-06,5.024622559999999e-07,0.0012400132000000002,0.075393774,2.8821050299999997e-06,5.024622559999999e-07,0.0008890689650000001,0.038868645800000004,2.8821050299999997e-06,5.024622559999999e-07,0.00126557379,0.0780321601,2.8821050299999997e-06,5.024622559999999e-07,2.4551547527313233
355,1695164400,1.63826445e-05,1.6382658e-05,-0.023459086,0.074094695,0.018104079000000002,0.00322291105,0.0065972997,0.00516727145,1.2103255499999998e-06,1.23652325e-05,3.48776225,12.0,1.1380346e-06,1.4116549999999998e-06,7.764494749999999e-07,5.485472300000001e-07,4.3235943e-07,3.7696931e-07,3.1501473e-07,2.5396828499999996e-07,7.1366928e-07,1.35924825e-07,2.0886889e-06,84.8000175,45.946881000000005,2.89620425e-10,9.1958275,0.0012561164500000002,0.077379433,2.8128142e-06,4.8808287e-07,0.0012705931,0.07780194,2.8128142e-06,4.8808287e-07,0.0009137513400000001,0.039879067000000004,2.8128142e-06,4.8808287e-07,0.0012368353,0.07303020299999999,2.8128142e-06,4.8808287e-07,2.455149292945862
355,1695166200,1.6650151374999996e-05,1.6650152874999997e-05,0.0006425712499999996,0.0001598205375,0.016950279749999998,0.0032574387874999998,0.0066996585624999995,0.005228705275,1.21969285e-06,1.05034386875e-05,3.6429196374999995,11.75,1.1814586125e-06,1.4361621374999998e-06,7.857143075e-07,5.6305199625e-07,4.4268322374999996e-07,3.6038289375e-07,3.142999025e-07,2.703422025e-07,7.367237437499999e-07,1.4165007875e-07,2.0925596375000003e-06,84.828999375,45.748491375,2.9723675e-10,9.192532000000002,0.0012591758125,0.07692278687500001,2.6401280875000004e-06,4.805345687500001e-07,0.0012763289499999999,0.07887206025000001,2.6401280875000004e-06,4.805345687500001e-07,0.00090026549125,0.03905040025,2.6401280875000004e-06,4.805345687500001e-07,0.0012542219000000001,0.077827983,2.6401280875000004e-06,4.805345687500001e-07,2.459430694580078
355,1695166800,1.66196023e-05,1.6619605099999994e-05,-0.014668519959999998,-0.012626195500000001,0.0166788865,0.00325253582,0.00670163399,0.005237753310000001,1.2211570600000001e-06,1.07591754e-05,3.47027978,12.5,1.1937214799999999e-06,1.44959633e-06,7.924617760000001e-07,5.74513384e-07,4.5004400400000004e-07,3.6865419500000003e-07,2.93307461e-07,2.5784077400000004e-07,7.020689039999999e-07,1.39872978e-07,2.08769908e-06,84.8136178,45.5011691,2.97713515e-10,9.19077285,0.00126707559,0.07813882909999999,2.9210415099999997e-06,5.029989909999999e-07,0.00127711281,0.07916532759999999,2.9210415099999997e-06,5.029989909999999e-07,0.0008861120119999999,0.038679586599999996,2.9210415099999997e-06,5.029989909999999e-07,0.0012769537,0.0798220286,2.9210415099999997e-06,5.029989909999999e-07,2.465895414352417
355,1695167400,1.6729227800000002e-05,1.67292303e-05,0.0022538361300000003,-0.010774332350000002,0.0162546257,0.0032639783299999994,0.0067365038700000004,0.00524370941,1.2323268900000002e-06,1.0708138599999999e-05,3.61363645,11.5,1.2135396400000001e-06,1.44420533e-06,8.347560349999999e-07,5.848589739999999e-07,4.359438909999999e-07,3.61959839e-07,3.1179460999999996e-07,2.6320726599999997e-07,6.91325953e-07,1.37844757e-07,2.08515793e-06,84.63519649999999,45.2296014,2.99950322e-10,9.1900658,0.0012772618400000001,0.0792763358,3.00693512e-06,5.427135880000001e-07,0.00128259521,0.08041169990000001,3.00693512e-06,5.427135880000001e-07,0.000910291733,0.040924124,3.00693512e-06,5.427135880000001e-07,0.0012766728300000001,0.0788355527,3.00693512e-06,5.427135880000001e-07,2.4590954780578613
355,1695168000,1.65251479e-05,1.65251514e-05,-0.013180414199999999,0.0035708994399999985,0.01653295025,0.00324417453,0.0066618953,0.005190591950000001,1.2085320299999999e-06,1.046263345e-05,3.53671333,13.5,1.19563473e-06,1.44285862e-06,7.841867630000001e-07,5.71436978e-07,4.46716241e-07,3.56362635e-07,3.03237602e-07,2.5851500899999996e-07,6.854718309999999e-07,1.4181314599999997e-07,2.0763155799999997e-06,85.0098002,45.634764100000005,2.9498564599999996e-10,9.1939512,0.0012643355,0.07734092470000001,3.1853296600000003e-06,5.16509974e-07,0.00127663395,0.07889631059999999,3.1853296600000003e-06,5.16509974e-07,0.0008796861660000001,0.0383638704,3.1853296600000003e-06,5.16509974e-07,0.00128306757,0.08012713899999999,3.1853296600000003e-06,5.16509974e-07,2.456870913505554
355,1695168600,1.6537263700000002e-05,1.6537270899999997e-05,-0.009902831150000001,0.0015828595000000015,0.0164616477,0.0032452899800000006,0.00667267591,0.00520258396,1.2113184899999999e-06,1.078161695e-05,3.39160847,13.2,1.1869171300000001e-06,1.40722528e-06,8.18832856e-07,5.63096816e-07,4.40655146e-07,3.58903607e-07,2.97375779e-07,2.68499441e-07,7.022496300000001e-07,1.40074882e-07,2.08478919e-06,84.8669344,45.713215399999996,2.9458656e-10,9.194318100000002,0.00126866017,0.0780107931,3.16752397e-06,5.26867924e-07,0.0012707294,0.0782918665,3.16752397e-06,5.26867924e-07,0.000889696574,0.0396866423,3.16752397e-06,5.26867924e-07,0.0012626637499999998,0.07805145100000001,3.16752397e-06,5.26867924e-07,2.4560181856155396
355,1695169200,1.65380401e-05,1.6538043299999996e-05,-0.005380760430000001,0.01923561333,0.0170512209,0.00324295025,0.00668190607,0.0051985960300000005,1.15829146e-06,1.05408182e-05,3.5699301300000004,12.8,1.18846347e-06,1.42931703e-06,8.074812279999999e-07,5.6035996e-07,4.3275164999999996e-07,3.6634625599999997e-07,3.07744213e-07,2.6072809699999996e-07,6.92022558e-07,1.4299308900000002e-07,2.0807776299999996e-06,84.9327229,45.5973331,2.95432351e-10,9.192924000000001,0.00126334254,0.07750873309999999,2.72827902e-06,4.7518161600000004e-07,0.0012821601,0.07935319319999999,2.72827902e-06,4.7518161600000004e-07,0.000901561861,0.039392533300000004,2.72827902e-06,4.7518161600000004e-07,0.00126978196,0.07741449210000001,2.72827902e-06,4.7518161600000004e-07,2.455697751045227
355,1695169800,1.66890054e-05,1.6689008799999997e-05,-0.0051984246,0.008992247739999999,0.01625534235,0.0032575058499999996,0.0067098216000000006,0.005215419219999999,1.2156057500000002e-06,1.08035524e-05,3.6328672099999997,12.2,1.18970392e-06,1.4193750499999998e-06,8.24803341e-07,5.767238850000001e-07,4.53046361e-07,3.6453689e-07,3.1129271e-07,2.6223316e-07,7.139685119999999e-07,1.41350615e-07,2.0874539199999996e-06,84.64462499999999,45.4647754,2.98185981e-10,9.191192250000002,0.00128794308,0.08041933600000001,2.72539025e-06,5.00909986e-07,0.0012725636299999999,0.078544775,2.72539025e-06,5.00909986e-07,0.0008993178940000001,0.03954406370000001,2.72539025e-06,5.00909986e-07,0.0012684879200000002,0.0785542504,2.72539025e-06,5.00909986e-07,2.455520009994507
355,1695170400,1.6768568299999998e-05,1.67685723e-05,0.005173600325,0.015357091159999997,0.017217104700000003,0.00326240025,0.006749924629999999,0.00523467667,1.2789928e-06,1.110821255e-05,3.75349656,12.2,1.2745797500000003e-06,1.39678462e-06,8.05628063e-07,5.794232510000001e-07,4.38864913e-07,3.52163649e-07,3.02011603e-07,2.6478186500000006e-07,7.258201579999999e-07,1.4149174700000002e-07,2.10269187e-06,84.6084326,45.3759903,3.0036268199999997e-10,9.1913004,0.00126236358,0.0774723556,3.6074032999999997e-06,5.87003331e-07,0.0012780472400000002,0.07906820220000002,3.6074032999999997e-06,5.87003331e-07,0.000919259096,0.042527618100000004,3.6074032999999997e-06,5.87003331e-07,0.00126573217,0.0780688471,3.6074032999999997e-06,5.87003331e-07,2.455450105667114
355,1695171000,1.67146688e-05,1.6714673399999997e-05,0.004011723100000001,0.0187372684,0.0172011433,0.00325906211,0.006704798370000001,0.005228401999999999,1.22001035e-06,1.0508190650000002e-05,3.76398611,11.7,1.19408216e-06,1.4100011699999998e-06,8.26813508e-07,5.654607010000001e-07,4.5584853500000003e-07,3.5371614200000005e-07,3.01864913e-07,2.7629784e-07,7.174418669999999e-07,1.4041747399999998e-07,2.1153440500000002e-06,84.9127783,45.81215759999999,2.97216444e-10,9.19388935,0.0012736162700000002,0.078559286,3.17071443e-06,5.40450588e-07,0.0012723139,0.0787039812,3.17071443e-06,5.40450588e-07,0.000892108794,0.0396710914,3.17071443e-06,5.40450588e-07,0.0012648015700000002,0.077800425,3.17071443e-06,5.40450588e-07,2.4553662061691286
355,1695171600,1.6632626199999998e-05,1.66326305e-05,-0.0015051639199999997,0.0067643019,0.0164326366,0.0032540324599999995,0.006691439120000001,0.005218670769999999,1.2130110500000001e-06,1.0951292100000001e-05,3.5856644199999996,12.3,1.2045280199999999e-06,1.43327928e-06,7.99444917e-07,5.665374110000001e-07,4.41965217e-07,3.5328466400000003e-07,3.07991435e-07,2.60206117e-07,7.26467324e-07,1.4304805899999997e-07,2.0795203199999998e-06,84.78703399999999,45.492223300000006,2.97748267e-10,9.192977900000002,0.00126992378,0.0784200504,3.0218680999999997e-06,5.303724530000001e-07,0.0012680834100000002,0.07819806139999999,3.0218680999999997e-06,5.303724530000001e-07,0.000915801309,0.041805379200000006,3.0218680999999997e-06,5.303724530000001e-07,0.0012632219,0.0774587481,3.0218680999999997e-06,5.303724530000001e-07,2.4553208112716676
355,1695172200,1.6611781500000002e-05,1.6611788e-05,-0.00508362529,-0.00193956785,0.016794119599999997,0.00324992209,0.00671700784,0.0052164301699999995,1.20503302e-06,1.05977695e-05,3.5139860300000003,11.6,1.22682397e-06,1.4002078100000001e-06,8.11668215e-07,5.616472780000001e-07,4.3822575400000003e-07,3.5607383800000004e-07,2.9609305900000003e-07,2.62571162e-07,7.23736831e-07,1.39060855e-07,2.08975834e-06,84.749121,45.5504957,2.96941119e-10,9.192514,0.00125863418,0.0770265039,2.7906623299999997e-06,5.16865483e-07,0.0012820194,0.0791339898,2.7906623299999997e-06,5.16865483e-07,0.0009054916579999999,0.0403923788,2.7906623299999997e-06,5.16865483e-07,0.00126108638,0.0777120768,2.7906623299999997e-06,5.16865483e-07,2.45531747341156
355,1695172800,1.66570584e-05,1.66570602e-05,0.0028545965699999995,-0.008301638319999995,0.0169533419,0.0032580480699999997,0.0067110981,0.00523876117,1.20521218e-06,1.078364685e-05,3.5104895400000005,11.6,1.16297983e-06,1.46816541e-06,8.13724637e-07,5.70971896e-07,4.3743373600000007e-07,3.57453524e-07,2.9927204e-07,2.6360552199999997e-07,7.10119603e-07,1.3880115599999998e-07,2.10595795e-06,84.71870700000001,45.59389649999999,2.9719539599999997e-10,9.1919506,0.0012642039700000002,0.0779068563,2.60194027e-06,4.887009189999999e-07,0.00128315779,0.0806018691,2.60194027e-06,4.887009189999999e-07,0.0008949449460000002,0.03909015149999999,2.60194027e-06,4.887009189999999e-07,0.0012708531499999998,0.0777940574,2.60194027e-06,4.887009189999999e-07,2.4552891492843627
355,1695173400,1.6414403e-05,1.64144081e-05,0.002049523546,-0.009669980818,0.0162672654,0.00323436831,0.0066778411600000006,0.005195770089999999,1.19578004e-06,1.0569329299999998e-05,3.2744756,10.9,1.1948268e-06,1.42038953e-06,8.162927170000001e-07,5.53621201e-07,4.3346684099999995e-07,3.57937524e-07,3.08017253e-07,2.66192695e-07,6.27605654e-07,1.42858721e-07,2.0859718700000003e-06,84.8139096,45.616123599999995,2.9099467599999993e-10,9.194775,0.0012573711100000002,0.07673586190000001,2.94941038e-06,4.90269082e-07,0.0012826036200000001,0.0792574194,2.94941038e-06,4.90269082e-07,0.000888904957,0.0384820907,2.94941038e-06,4.90269082e-07,0.0012756262399999999,0.07882930440000001,2.94941038e-06,4.90269082e-07,2.4553255081176757
355,1695174000,1.6736550900000003e-05,1.67365551e-05,0.0007920599436999989,0.01454063458,0.016735613500000003,0.00326347679,0.006712833059999999,0.00524495801,1.21369291e-06,1.07285801e-05,3.8321679200000007,12.5,1.1622456600000001e-06,1.4510940799999999e-06,8.40604433e-07,5.76365035e-07,4.33310641e-07,3.59722042e-07,3.1586446099999995e-07,2.7148233599999994e-07,6.07682623e-07,1.47241427e-07,2.2026166700000004e-06,85.0621059,46.317175299999995,2.9346817299999997e-10,9.1987997,0.00126977041,0.07841256049999999,3.15007755e-06,5.13606199e-07,0.00130068512,0.0816322156,3.15007755e-06,5.13606199e-07,0.0008810633659999999,0.0383865889,3.15007755e-06,5.13606199e-07,0.00126413637,0.07795068340000001,3.15007755e-06,5.13606199e-07,2.455289673805237
355,1695174600,1.6316311100000003e-05,1.63163146e-05,-0.00417935567,0.003098036544000001,0.0166571305,0.003221795079999999,0.00663744181,0.00517453605,1.1319178969999997e-06,1.005609755e-05,3.31118886,10.5,1.19654562e-06,1.37446708e-06,8.201541690000001e-07,5.81664452e-07,4.30185444e-07,3.59351521e-07,3.07418127e-07,2.59240167e-07,5.901152180000001e-07,1.39362532e-07,2.09962231e-06,84.95169189999999,45.7666628,2.88335292e-10,9.195468199999999,0.00126306973,0.07707308229999998,2.88435627e-06,4.984756570000001e-07,0.0012665916,0.0777167366,2.88435627e-06,4.984756570000001e-07,0.00089216695,0.0389947643,2.88435627e-06,4.984756570000001e-07,0.00126641944,0.07836114579999999,2.88435627e-06,4.984756570000001e-07,2.455294156074524
355,1695175200,1.6399668100000002e-05,1.6399674400000004e-05,0.0046558714800000005,-0.0021189957200000004,0.016921354300000004,0.00323092609,0.00666385568,0.005204318269999999,1.1576199499999999e-06,1.06076522e-05,3.2919580900000005,11.4,1.117459105e-06,1.44809682e-06,8.372199970000001e-07,5.72232429e-07,4.40648509e-07,3.5740904200000004e-07,3.0454713e-07,2.6815338e-07,5.992907819999999e-07,1.41703755e-07,2.11303255e-06,84.952947,45.9078108,2.89033237e-10,9.1967963,0.00127326863,0.07887580849999999,2.90647768e-06,5.07012874e-07,0.00128956481,0.0805577566,2.90647768e-06,5.07012874e-07,0.000883877472,0.0388010335,2.90647768e-06,5.07012874e-07,0.00123993042,0.0751562625,2.90647768e-06,5.07012874e-07,2.455241012573242
355,1695175800,1.64311028e-05,1.64311067e-05,-0.014849543185999996,0.008561679669999999,0.0165897062,0.0032321503099999997,0.00664403056,0.005188453039999999,1.2312337400000002e-06,1.10126793e-05,3.486013989999999,12.1,1.18745813e-06,1.43300208e-06,8.180892930000001e-07,5.76097557e-07,4.3571219e-07,3.4783002300000004e-07,3.13113884e-07,2.69734747e-07,5.975143180000001e-07,1.42637135e-07,2.09433192e-06,84.8893309,45.611825499999995,2.9098640999999993e-10,9.19394745,0.00127296129,0.07866944610000001,2.85418341e-06,5.028187289999999e-07,0.0012645673100000001,0.07831795,2.85418341e-06,5.028187289999999e-07,0.0008931793450000002,0.0394291881,2.85418341e-06,5.028187289999999e-07,0.0012811135800000002,0.0791437255,2.85418341e-06,5.028187289999999e-07,2.4552592992782594
355,1695176400,1.6491276e-05,1.64912808e-05,0.0031749228645000004,0.0005595947999999997,0.01670950005,0.0032404379300000003,0.0066763956,0.0052144863299999995,1.2137177e-06,1.06579857e-05,3.4720280700000004,11.4,1.22068236e-06,1.41223843e-06,8.46137932e-07,5.884436499999999e-07,4.4322322000000005e-07,3.65915094e-07,3.04506343e-07,2.59206936e-07,5.84962181e-07,1.37595036e-07,2.0827165499999997e-06,84.703785,45.1971769,2.9343679300000003e-10,9.1925241,0.0012819925,0.07949152109999999,2.88522664e-06,4.91135445e-07,0.00129344037,0.0813027614,2.88522664e-06,4.91135445e-07,0.0009092078720000001,0.040029069400000006,2.88522664e-06,4.91135445e-07,0.00125998033,0.07731601660000001,2.88522664e-06,4.91135445e-07,2.455265665054321
355,1695177000,1.65061317e-05,1.65061367e-05,-0.0008717501999999999,0.009110418660000001,0.016602598599999997,0.00323950891,0.00668741254,0.005218832769999999,1.21992735e-06,1.0920586300000002e-05,3.4283216700000003,12.8,1.143494267e-06,1.48354482e-06,8.337369379999999e-07,5.61330937e-07,4.4830941399999996e-07,3.6710911900000004e-07,3.04787987e-07,2.6073331900000005e-07,5.808827310000001e-07,1.42698934e-07,2.12640097e-06,85.0714294,45.8084338,2.91332372e-10,9.1969011,0.0012765379,0.07884397600000001,3.28924886e-06,5.03760502e-07,0.00129007625,0.0803692305,3.28924886e-06,5.03760502e-07,0.0008523866599999999,0.0360652099,3.28924886e-06,5.03760502e-07,0.00129970417,0.0818697725,3.28924886e-06,5.03760502e-07,2.4552565574645997
355,1695177600,1.62977972e-05,1.62978006e-05,0.005530604730000001,-0.02055736284,0.01646244405,0.00322465784,0.00664809222,0.00518019982,1.11494275e-06,1.0411081799999999e-05,3.1171329300000004,9.2,1.14403291e-06,1.4408074400000001e-06,7.7994899e-07,5.69289e-07,4.6954820999999993e-07,3.6502287300000007e-07,2.99339702e-07,2.64460204e-07,5.992128479999999e-07,1.3917633300000002e-07,2.0780042999999998e-06,84.9346141,45.7613862,2.87957413e-10,9.1951093,0.00127643882,0.07895826720000002,2.7375761399999997e-06,4.7388246600000006e-07,0.00127429876,0.0781585639,2.7375761399999997e-06,4.7388246600000006e-07,0.000891848724,0.0387898235,2.7375761399999997e-06,4.7388246600000006e-07,0.00125210619,0.0766128958,2.7375761399999997e-06,4.7388246600000006e-07,2.4552517175674438
355,1695178200,1.65161105e-05,1.65161137e-05,-0.0035982744400000002,0.01727468237,0.017300193499999998,0.0032412920100000006,0.00666025328,0.00518894062,1.20424943e-06,1.0840409599999998e-05,3.4527972499999997,11.2,1.1849136900000002e-06,1.45117082e-06,8.2668668e-07,5.72034143e-07,4.4191987699999995e-07,3.6312689e-07,3.1175968500000006e-07,2.76149953e-07,5.913021509999999e-07,1.41204546e-07,2.0977484699999997e-06,84.78758810000001,45.45340899999999,2.9341941e-10,9.192334250000002,0.00127084719,0.0783313041,2.68030329e-06,4.84830293e-07,0.0012918738900000002,0.0811833885,2.68030329e-06,4.84830293e-07,0.0008873946120000001,0.03860140630000001,2.68030329e-06,4.84830293e-07,0.00127689936,0.0791099685,2.68030329e-06,4.84830293e-07,2.4552472829818726
355,1695178800,1.64652095e-05,1.64652139e-05,0.003501151069999999,0.025969394170000003,0.0167301895,0.00323392516,0.006671897259999999,0.0051783954500000005,1.22413154e-06,1.0518149499999999e-05,3.37237766,10.9,1.19509105e-06,1.4637856899999998e-06,8.232971910000001e-07,5.52536487e-07,4.4222770100000003e-07,3.51589951e-07,3.1081760599999997e-07,2.7567551800000004e-07,5.79720907e-07,1.4128092900000001e-07,2.09657038e-06,84.83107659999999,45.421741899999994,2.92332553e-10,9.1936958,0.0012551855,0.0764351434,3.22311704e-06,5.38020175e-07,0.0012957394900000002,0.08145010859999999,3.22311704e-06,5.38020175e-07,0.000904807453,0.0406431946,3.22311704e-06,5.38020175e-07,0.00127510551,0.0784584099,3.22311704e-06,5.38020175e-07,2.455224323272705
355,1695179400,1.64364732e-05,1.6436478900000002e-05,0.00588458148,0.0025760594999999996,0.01664750025,0.00323452,0.00668963601,0.00519545745,1.26641283e-06,1.083624795e-05,3.40209793,12.3,1.23343559e-06,1.4334305900000001e-06,7.9854198e-07,5.61436718e-07,4.28345182e-07,3.6394996199999994e-07,3.1367295999999997e-07,2.6757068799999996e-07,5.943584020000001e-07,1.39575863e-07,2.08390666e-06,84.80543850000001,45.3954796,2.9148405599999997e-10,9.1948519,0.0012611563400000002,0.077409425,3.0693554499999998e-06,5.39347477e-07,0.0012891085099999999,0.08060268749999999,3.0693554499999998e-06,5.39347477e-07,0.00091704995,0.041430960700000005,3.0693554499999998e-06,5.39347477e-07,0.00125236438,0.0767884139,3.0693554499999998e-06,5.39347477e-07,2.4552414894104
355,1695180000,1.62873551e-05,1.62873566e-05,0.0022353197000000006,-0.004335259460000001,0.0171030719,0.00322120908,0.00663775828,0.00519550645,1.19304044e-06,1.04183649e-05,3.43706302,11.3,1.1964922799999998e-06,1.3749170900000001e-06,8.052376209999998e-07,5.76881514e-07,4.3412262699999997e-07,3.5646428800000005e-07,3.0889172499999997e-07,2.70176898e-07,5.97784599e-07,1.4158386400000002e-07,2.08106473e-06,84.872252,45.7522264,2.87324077e-10,9.1958657,0.00126923993,0.0780370418,2.91624735e-06,5.114894479999999e-07,0.0012681094800000002,0.07780547200000001,2.91624735e-06,5.114894479999999e-07,0.000894481683,0.039569371400000004,2.91624735e-06,5.114894479999999e-07,0.0012652020100000002,0.07701693940000001,2.91624735e-06,5.114894479999999e-07,2.45520761013031
355,1695180600,1.64381174e-05,1.6438121599999998e-05,-0.00766106456,0.0075926586699999995,0.017088259700000004,0.00323473391,0.00665867186,0.0051904965,1.2699411e-06,1.138183825e-05,3.3951048900000003,13.8,1.2338760700000002e-06,1.42967879e-06,8.17801168e-07,5.61451151e-07,4.3583876600000004e-07,3.50421583e-07,3.06384214e-07,2.725579e-07,5.919963110000001e-07,1.41754173e-07,2.07727712e-06,84.7131888,45.2619782,2.92168991e-10,9.193520150000001,0.00126818334,0.07829003650000001,3.1729741400000006e-06,5.37219284e-07,0.00127510435,0.078629427,3.1729741400000006e-06,5.37219284e-07,0.0009010584590000001,0.040132020899999996,3.1729741400000006e-06,5.37219284e-07,0.0012786176200000002,0.07976594340000001,3.1729741400000006e-06,5.37219284e-07,2.4552082777023316
355,1695181200,1.62510725e-05,1.62510755e-05,-0.0011387748700000006,0.01533265124,0.0172685792,0.0032142941099999995,0.00661544218,0.005169571539999999,1.15342458e-06,1.042765485e-05,3.2569930899999995,11.8,1.19508624e-06,1.40687617e-06,7.989149739999999e-07,5.46333805e-07,4.3793184500000003e-07,3.73996816e-07,3.1053724700000005e-07,2.63127419e-07,5.87081706e-07,1.4095650000000002e-07,2.06467696e-06,85.0241538,45.648016600000005,2.87634641e-10,9.195396500000001,0.00126031566,0.07750764060000001,3.37238447e-06,5.3203951e-07,0.0012641579,0.0777687571,3.37238447e-06,5.3203951e-07,0.0009036046740000001,0.0403724419,3.37238447e-06,5.3203951e-07,0.00126139096,0.077348761,3.37238447e-06,5.3203951e-07,2.4552353620529175
355,1695181800,1.62310164e-05,1.62310204e-05,-0.0027015237099999997,-0.017635802499999995,0.015874256150000002,0.003217393,0.006608497660000001,0.00516663457,1.15268339e-06,1.043422165e-05,3.21678329,10.7,1.18840973e-06,1.3919905300000001e-06,8.108270490000001e-07,5.80627113e-07,4.3825128e-07,3.5780038e-07,3.02948415e-07,2.63509327e-07,5.78852467e-07,1.40602851e-07,2.0616364099999996e-06,84.92640999999999,45.5649387,2.87461985e-10,9.194512499999998,0.0012784066099999999,0.079127875,3.3689415799999997e-06,5.453885770000001e-07,0.0012783492400000001,0.0793947605,3.3689415799999997e-06,5.453885770000001e-07,0.0008872999660000001,0.039045661100000004,3.3689415799999997e-06,5.453885770000001e-07,0.0012494655099999999,0.075506857,3.3689415799999997e-06,5.453885770000001e-07,2.455243158340454
355,1695182400,1.63627868e-05,1.6362792699999998e-05,0.0011520820299999995,-0.01366349352,0.0165701177,0.00322888105,0.00664677645,0.00517388492,1.21253929e-06,1.09879277e-05,3.2814686,12.4,1.19137566e-06,1.4379700900000002e-06,7.94864299e-07,5.841465199999999e-07,4.47499247e-07,3.5847521700000003e-07,3.0893506999999997e-07,2.6551317900000004e-07,5.78325633e-07,1.39008507e-07,2.07525302e-06,84.7675526,45.3454367,2.90731836e-10,9.194136699999998,0.00127090414,0.07875855300000001,3.0714648399999997e-06,5.26605667e-07,0.0012786993,0.0796221971,3.0714648399999997e-06,5.26605667e-07,0.000909235913,0.0405255199,3.0714648399999997e-06,5.26605667e-07,0.0012540468699999998,0.07703173619999999,3.0714648399999997e-06,5.26605667e-07,2.4552519798278807
355,1695183000,1.65025028e-05,1.65025085e-05,0.00528269161,-0.0075253942399999985,0.0165265827,0.0032441472500000005,0.00668974405,0.00521765867,1.2435532900000002e-06,1.0535488299999998e-05,3.4825175300000004,12.6,1.2093987500000001e-06,1.46364927e-06,8.451182790000002e-07,5.57930959e-07,4.4170571600000003e-07,3.6714785999999997e-07,3.1383808000000003e-07,2.5950888000000004e-07,6.033337239999999e-07,1.3819474200000002e-07,2.05139402e-06,84.5470245,44.921645,2.9404874599999997e-10,9.191951450000001,0.0012786762199999998,0.07915414309999999,2.85886776e-06,5.056960510000001e-07,0.00128679867,0.0803589025,2.85886776e-06,5.056960510000001e-07,0.000895722803,0.03960689839999999,2.85886776e-06,5.056960510000001e-07,0.0012887054500000002,0.080783189,2.85886776e-06,5.056960510000001e-07,2.4552136421203614
355,1695183600,1.6190600700000002e-05,1.6190605399999997e-05,0.00020305598999999995,-0.00217382234,0.016576397300000004,0.0032127602399999997,0.0066234106,0.00516278885,1.20232088e-06,1.042740995e-05,3.31118891,11.7,1.2148682899999998e-06,1.4031301800000002e-06,7.835413180000001e-07,5.74100128e-07,4.38541436e-07,3.4783642199999996e-07,2.986657260000001e-07,2.63480469e-07,5.773193540000001e-07,1.3861697199999998e-07,2.05517086e-06,84.94080419999999,45.457133,2.87379962e-10,9.194382300000001,0.00125912356,0.0764367804,2.94922276e-06,5.32387993e-07,0.0012706875500000001,0.07883536449999999,2.94922276e-06,5.32387993e-07,0.000889299302,0.0399552953,2.94922276e-06,5.32387993e-07,0.0012594962100000002,0.07665175960000001,2.94922276e-06,5.32387993e-07,2.4552576780319213
355,1695184200,1.62685023e-05,1.62685044e-05,0.00224922757,-0.004282909999999999,0.016288034299999997,0.0032187051,0.006632604740000001,0.0051867662600000005,1.22028055e-06,1.0508219e-05,3.30594417,13.0,1.1622820500000002e-06,1.3990715800000001e-06,8.11011237e-07,5.83325489e-07,4.3091377200000006e-07,3.5921309200000004e-07,2.99846515e-07,2.6849446200000003e-07,5.880574779999999e-07,1.40568566e-07,2.0914273500000003e-06,84.9333231,45.8022191,2.8726303499999997e-10,9.1953605,0.0012675676300000001,0.0778577025,2.87292669e-06,5.196141010000001e-07,0.0012736297500000001,0.0783840036,2.87292669e-06,5.196141010000001e-07,0.000888174169,0.0395766351,2.87292669e-06,5.196141010000001e-07,0.0012461169500000001,0.075983192,2.87292669e-06,5.196141010000001e-07,2.455234718322754
355,1695184800,1.63185601e-05,1.63185642e-05,0.0002820883439999991,0.0025417284999999998,0.0161431625,0.0032222455299999995,0.006639189419999999,0.005182262490000001,1.1918301200000002e-06,9.96257665e-06,3.3251748599999997,10.3,1.1841368700000001e-06,1.4229428799999999e-06,8.362722309999999e-07,5.69743648e-07,4.4528245900000005e-07,3.48465627e-07,3.02065464e-07,2.64215764e-07,5.866023750000001e-07,1.4101380699999998e-07,2.0584912499999997e-06,84.87874409999999,45.42129799999999,2.8897340700000005e-10,9.195632100000001,0.00127035757,0.0780747124,2.97682823e-06,5.211064809999999e-07,0.0012790114700000001,0.07962906160000001,2.97682823e-06,5.211064809999999e-07,0.0009081304139999999,0.0406516034,2.97682823e-06,5.211064809999999e-07,0.0012619073500000002,0.0767221955,2.97682823e-06,5.211064809999999e-07,2.4552050828933716
355,1695185400,1.62746633e-05,1.6274665299999994e-05,0.005942036560000001,0.0039462544,0.0164962594,0.0032185611400000003,0.0066384717499999996,0.0051642450399999994,1.1997677700000001e-06,1.0408559849999999e-05,3.3251748999999995,10.9,1.1847614e-06,1.4034651500000002e-06,7.954388089999999e-07,5.66616893e-07,4.67975432e-07,3.6120651e-07,3.10731011e-07,2.5486175799999997e-07,5.89186321e-07,1.39875738e-07,2.06318245e-06,85.03791090000001,45.59611689999999,2.88493818e-10,9.195841199999998,0.0012793602099999998,0.0791268398,2.7883668699999997e-06,5.020491879999999e-07,0.0012718515,0.07847395840000002,2.7883668699999997e-06,5.020491879999999e-07,0.000884916176,0.038905346599999995,2.7883668699999997e-06,5.020491879999999e-07,0.00126021673,0.07688335850000001,2.7883668699999997e-06,5.020491879999999e-07,2.4552388191223145
355,1695186000,1.65863748e-05,1.6586379400000003e-05,-0.0013338264070000007,0.0046842871500000025,0.0165685321,0.00324886584,0.0066774458800000006,0.005211591199999999,1.22860608e-06,1.0460515449999999e-05,3.6433567300000007,11.8,1.26065621e-06,1.4822821e-06,7.96298311e-07,5.691461929999999e-07,4.4232072399999993e-07,3.65801866e-07,3.039862819999999e-07,2.64616487e-07,5.809968740000001e-07,1.4180094e-07,2.0852501200000005e-06,84.72206419999999,44.986150499999994,2.9635791799999995e-10,9.19221055,0.00126763496,0.078015079,3.00182281e-06,5.2226063e-07,0.00127568592,0.0793505626,3.00182281e-06,5.2226063e-07,0.000917845887,0.0415168576,3.00182281e-06,5.2226063e-07,0.00130912543,0.0829179001,3.00182281e-06,5.2226063e-07,2.455217480659485
355,1695186600,1.63972085e-05,1.63972142e-05,-0.012235133,0.0099340316,0.01645751405,0.0032280301900000003,0.006652806210000001,0.005181266110000001,1.1769234e-06,1.04558289e-05,3.3776224299999997,11.4,1.2106175399999998e-06,1.40673546e-06,8.228962550000001e-07,5.84783809e-07,4.3487680999999996e-07,3.51398408e-07,3.0755978100000004e-07,2.6292289700000005e-07,5.91069827e-07,1.40416088e-07,2.08530276e-06,84.81519390000001,45.480665099999996,2.90311441e-10,9.195512950000001,0.00127381934,0.0788929099,3.11183828e-06,5.17887231e-07,0.0012760737799999999,0.0795734966,3.11183828e-06,5.17887231e-07,0.0009128463809999999,0.04094075779999999,3.11183828e-06,5.17887231e-07,0.0012573411400000002,0.0768040291,3.11183828e-06,5.17887231e-07,2.455208587646484
355,1695187200,1.63418175e-05,1.63418254e-05,0.010227516752,0.022281208199999996,0.016605676299999997,0.00322217187,0.0066583489299999995,0.00518318979,1.2140200499999998e-06,1.103377365e-05,3.34265737,11.8,1.2086329499999998e-06,1.3973631299999998e-06,8.025853439999999e-07,5.768330340000001e-07,4.38054397e-07,3.63290571e-07,3.06410635e-07,2.69380405e-07,5.92730411e-07,1.3984410699999998e-07,2.0757694100000003e-06,84.84586650000001,45.5671422,2.8877378400000004e-10,9.196225199999999,0.00127333944,0.07869868199999999,2.68445575e-06,4.99656783e-07,0.00127009952,0.077711639,2.68445575e-06,4.99656783e-07,0.0009039371409999998,0.039844230300000005,2.68445575e-06,4.99656783e-07,0.0012579672,0.07793720779999999,2.68445575e-06,4.99656783e-07,2.4551934957504273
355,1695187800,1.6317557e-05,1.6317558900000004e-05,0.002344482439999998,0.0011608626600000016,0.0165733204,0.0032235420700000004,0.006648682069999999,0.00517577919,1.22259978e-06,1.07921433e-05,3.32342661,10.4,1.2136597200000001e-06,1.37475648e-06,7.979121730000001e-07,5.55462849e-07,4.4191987999999996e-07,3.5481018300000007e-07,2.9551927999999997e-07,2.70813608e-07,5.991382190000001e-07,1.4189423400000001e-07,2.11286663e-06,85.22422960000002,46.11662249999999,2.86530443e-10,9.199837200000001,0.0012589800199999997,0.0764958782,2.78155439e-06,5.15212171e-07,0.0012623460199999998,0.0771149071,2.78155439e-06,5.15212171e-07,0.0009064859170000002,0.0408112194,2.78155439e-06,5.15212171e-07,0.00125570564,0.07646999369999999,2.78155439e-06,5.15212171e-07,2.4552311420440676
355,1695188400,1.64350326e-05,1.64350379e-05,-0.01100899262,0.001914073180000001,0.0164368821,0.0032338359900000004,0.006660084579999999,0.0051918072400000004,1.2113295599999998e-06,1.03591388e-05,3.36013993,12.3,1.2170283600000001e-06,1.46239255e-06,7.863489080000001e-07,5.619969239999999e-07,4.4120712900000003e-07,3.52733306e-07,3.07079667e-07,2.6256665e-07,5.83187777e-07,1.4367259799999996e-07,2.0992683100000004e-06,85.01958210000001,45.5465547,2.92094909e-10,9.1944646,0.00126242955,0.0768768356,2.91331403e-06,4.987822569999999e-07,0.0012760654499999998,0.0791177809,2.91331403e-06,4.987822569999999e-07,0.0009054861520000001,0.0400063082,2.91331403e-06,4.987822569999999e-07,0.00128661372,0.0801483208,2.91331403e-06,4.987822569999999e-07,2.4552244901657105
355,1695189000,1.62640717e-05,1.62640772e-05,-0.0049173661600000005,0.00585096278,0.0164313377,0.0032154737499999995,0.006627180809999999,0.0051617637299999995,1.1608479400000002e-06,1.013253675e-05,3.24475527,11.1,1.14696228e-06,1.42557661e-06,8.068253830000001e-07,5.59694772e-07,4.383561200000001e-07,3.5394571400000003e-07,3.1692993200000004e-07,2.7479822999999993e-07,5.83833645e-07,1.39914224e-07,2.08516627e-06,84.9484462,45.76040429999999,2.8719839399999994e-10,9.1962977,0.00126166694,0.0772982261,2.64487212e-06,4.86274843e-07,0.00127643412,0.0788613826,2.64487212e-06,4.86274843e-07,0.000907763302,0.0402173177,2.64487212e-06,4.86274843e-07,0.00124347877,0.0750198271,2.64487212e-06,4.86274843e-07,2.4552554845809937
355,1695189600,1.6486005599999998e-05,1.6486009300000004e-05,-0.00014923396999999997,0.028538200045000007,0.016222150799999998,0.00323542011,0.006669028170000001,0.0051922502999999995,1.19722923e-06,1.0649065400000002e-05,3.50524479,11.8,1.19048974e-06,1.45546912e-06,8.14160579e-07,5.878448510000001e-07,4.43548069e-07,3.61738943e-07,3.0602957100000003e-07,2.6920025500000003e-07,5.924400429999999e-07,1.41216081e-07,2.0808299e-06,84.8145671,45.2888216,2.9317657600000006e-10,9.1932114,0.00127322003,0.07891268700000001,2.68049934e-06,4.7137741199999996e-07,0.00127965294,0.07988436880000001,2.68049934e-06,4.7137741199999996e-07,0.0009043560730000001,0.0394472363,2.68049934e-06,4.7137741199999996e-07,0.00128753939,0.0797506244,2.68049934e-06,4.7137741199999996e-07,2.4552234172821046
355,1695190200,1.62936841e-05,1.6293688499999998e-05,0.0016384743300000004,-0.01235221474,0.016833062700000002,0.0032228887999999995,0.006647703820000001,0.00517410944,1.17486543e-06,1.02647884e-05,3.2727273499999994,10.6,1.1297324899999999e-06,1.4683581999999998e-06,8.07919693e-07,5.79495171e-07,4.3323807899999995e-07,3.7333459799999997e-07,3.12850207e-07,2.5862624699999997e-07,5.865021089999999e-07,1.40312733e-07,2.05644457e-06,84.83159700000002,45.4714759,2.8850162899999996e-10,9.194598,0.0012712600000000002,0.0784783564,3.1446165600000003e-06,4.950351419999999e-07,0.0012922830200000001,0.08108578959999999,3.1446165600000003e-06,4.950351419999999e-07,0.0008760774550000001,0.037964183299999996,3.1446165600000003e-06,4.950351419999999e-07,0.00125617641,0.07678232199999999,3.1446165600000003e-06,4.950351419999999e-07,2.4552257776260378
355,1695190800,1.62352324e-05,1.6235237e-05,0.00025588961999999945,-0.016707499539999997,0.016540615,0.00321609743,0.00662721596,0.0051774779200000004,1.1513221300000001e-06,1.04045523e-05,3.2080419900000003,10.8,1.1619549800000002e-06,1.42322887e-06,7.93205414e-07,5.910911630000001e-07,4.3460076599999996e-07,3.53540384e-07,3.00087948e-07,2.55684908e-07,5.90052102e-07,1.4109121899999998e-07,2.0730537e-06,85.0674071,45.7434939,2.86977728e-10,9.1956611,0.0012603427800000002,0.0770819375,3.1273573499999996e-06,5.12650726e-07,0.0012889193200000002,0.079941097,3.1273573499999996e-06,5.12650726e-07,0.000892434143,0.039498657099999994,3.1273573499999996e-06,5.12650726e-07,0.00125712449,0.0760829844,3.1273573499999996e-06,5.12650726e-07,2.4552183389663695
355,1695191400,1.63951502e-05,1.63951545e-05,-0.006799393258,0.0046347172,0.016836113399999998,0.00323044698,0.00664674705,0.00518587383,1.23866149e-06,1.057505895e-05,3.4545455400000002,12.3,1.22691997e-06,1.43962021e-06,8.126518049999999e-07,5.46226137e-07,4.4959408900000005e-07,3.54701289e-07,3.0500488e-07,2.64937349e-07,5.856384099999999e-07,1.4103134e-07,2.07122252e-06,84.79841409999999,45.3104449,2.9088399e-10,9.194359799999999,0.00125792195,0.07721963379999999,2.94110184e-06,5.15698925e-07,0.00127527002,0.0785753132,2.94110184e-06,5.15698925e-07,0.0009028195379999999,0.0402723802,2.94110184e-06,5.15698925e-07,0.0012941474700000001,0.08112216409999999,2.94110184e-06,5.15698925e-07,2.455211853981018
355,1695192000,1.6272364799999998e-05,1.6272367600000003e-05,-0.00378220451,-0.009956499360000001,0.01632102,0.0032193048699999996,0.006638332429999999,0.0051668073099999995,1.1675873300000003e-06,1.07539593e-05,3.18531471,10.7,1.2154800100000002e-06,1.3784826099999998e-06,7.964903139999999e-07,5.57202154e-07,4.4768476599999997e-07,3.7314188500000003e-07,3.0094381900000003e-07,2.70383955e-07,5.9101414e-07,1.42831207e-07,2.06246619e-06,84.832371,45.5085425,2.88205157e-10,9.1946867,0.0012671777299999999,0.0779029222,2.9985807799999997e-06,5.08018035e-07,0.00127312727,0.07880194149999999,2.9985807799999997e-06,5.08018035e-07,0.000894225339,0.039259438,2.9985807799999997e-06,5.08018035e-07,0.00125530039,0.0767834781,2.9985807799999997e-06,5.08018035e-07,2.4552069187164305
355,1695192600,1.6365019799999998e-05,1.63650279e-05,-0.007640948899999998,-0.018602549040000003,0.0156291042,0.0032303410499999997,0.006631815439999999,0.005187191459999999,1.20486204e-06,1.0684694000000001e-05,3.2167832699999996,9.8,1.2519705400000001e-06,1.42022367e-06,7.90679943e-07,5.52046493e-07,4.3582032200000005e-07,3.59758475e-07,3.04405666e-07,2.63161047e-07,5.96352787e-07,1.3997019799999998e-07,2.0681018799999998e-06,84.73363080000001,45.265870099999994,2.90807956e-10,9.193343200000001,0.0012613989300000001,0.0772188792,2.8307144e-06,4.92398464e-07,0.0012612968699999999,0.0768870404,2.8307144e-06,4.92398464e-07,0.000906019304,0.0398685524,2.8307144e-06,4.92398464e-07,0.0012990947499999998,0.08135033480000001,2.8307144e-06,4.92398464e-07,2.4552201986312867
355,1695193200,1.62927534e-05,1.62927571e-05,0.005639586350000001,0.009578572779999999,0.0162402885,0.0032186566299999995,0.006658579499999999,0.00517330426,1.1961352100000001e-06,1.08227118e-05,3.40384623,11.8,1.1894066199999999e-06,1.41325999e-06,7.956365740000001e-07,5.711529440000001e-07,4.37864611e-07,3.62818353e-07,3.0814994700000004e-07,2.6607302199999995e-07,5.913632119999999e-07,1.40441907e-07,2.0701728300000004e-06,84.83594839999999,45.549811399999996,2.8828335399999997e-10,9.1953435,0.00126865749,0.07838362879999998,3.0416210700000002e-06,5.333785200000001e-07,0.0012757590399999998,0.0788167954,3.0416210700000002e-06,5.333785200000001e-07,0.0008968958360000001,0.04002972170000001,3.0416210700000002e-06,5.333785200000001e-07,0.00124547283,0.0759991629,3.0416210700000002e-06,5.333785200000001e-07,2.4552419424057006
355,1695193800,1.64550017e-05,1.64550048e-05,0.004785833194,0.008337934239999999,0.0167282328,0.00323398003,0.006677817880000001,0.00519818872,1.1847189499999998e-06,1.0511865699999999e-05,3.4632868,11.6,1.1823592499999997e-06,1.37957498e-06,8.056093400000002e-07,5.665731640000001e-07,4.5353810299999997e-07,3.6460533500000005e-07,3.1212375700000004e-07,2.7176112899999996e-07,6.03331392e-07,1.43124284e-07,2.1448839800000003e-06,85.03411549999998,46.1512998,2.8902779600000003e-10,9.19769445,0.00127050172,0.0781249324,3.0944364299999998e-06,5.33496014e-07,0.00126742358,0.0778026515,3.0944364299999998e-06,5.33496014e-07,0.000888992468,0.039236991400000004,3.0944364299999998e-06,5.33496014e-07,0.00125762876,0.076650189,3.0944364299999998e-06,5.33496014e-07,2.4552075386047365
355,1695194400,1.65566914e-05,1.65566937e-05,-0.0013751933399999989,0.0006272428000000024,0.0169504149,0.0032480352500000005,0.006695874580000001,0.00520698297,1.20230632e-06,1.07243896e-05,3.5314686199999996,11.9,1.19385611e-06,1.3920978700000003e-06,8.07517675e-07,5.746828290000001e-07,4.2728890700000007e-07,3.6326592700000004e-07,3.2022393e-07,2.6490763200000005e-07,6.137227400000001e-07,1.4661422e-07,2.17413721e-06,85.079183,46.3540378,2.9014006400000003e-10,9.198384999999998,0.0012617059600000002,0.0772567245,2.9096816399999997e-06,4.898450770000001e-07,0.00127171946,0.07850607300000001,2.9096816399999997e-06,4.898450770000001e-07,0.0008979083750000002,0.0397777294,2.9096816399999997e-06,4.898450770000001e-07,0.00126936897,0.077758447,2.9096816399999997e-06,4.898450770000001e-07,2.4552416801452637
355,1695195000,1.65416206e-05,1.6541624399999996e-05,0.00645302017,-0.0024854397199999996,0.016980072699999998,0.0032468874100000005,0.00668797168,0.00521269377,1.1781814700000001e-06,1.0148993e-05,3.5000000399999998,12.5,1.19405891e-06,1.49496745e-06,8.12049526e-07,5.567867979999999e-07,4.40915445e-07,3.57518606e-07,3.07274115e-07,2.6905165799999997e-07,5.933593739999999e-07,1.43945052e-07,2.10084939e-06,84.7448941,45.37720519999999,2.93489949e-10,9.193758399999998,0.0012636303900000001,0.0771551086,3.1735471599999997e-06,5.40075112e-07,0.00128470552,0.0800807671,3.1735471599999997e-06,5.40075112e-07,0.000900124926,0.0404375672,3.1735471599999997e-06,5.40075112e-07,0.0012952775300000001,0.0805844233,3.1735471599999997e-06,5.40075112e-07,2.4552129030227663
355,1695195600,1.65770019e-05,1.65770075e-05,-0.009928916930000002,0.00589976408,0.016635959600000003,0.00324705721,0.006670541069999999,0.00521609159,1.2130623700000002e-06,1.061893995e-05,3.5332168400000006,11.2,1.18533773e-06,1.4130033299999999e-06,8.192514e-07,5.702914430000001e-07,4.4184465499999994e-07,3.5900126399999995e-07,2.98880265e-07,2.82529271e-07,6.21390935e-07,1.46061302e-07,2.15087732e-06,84.951729,46.110344600000005,2.91084218e-10,9.1976551,0.00127395843,0.0787805812,2.7562446199999996e-06,5.11211847e-07,0.00127767908,0.0792878115,2.7562446199999996e-06,5.11211847e-07,0.0009055912729999999,0.040479464300000004,2.7562446199999996e-06,5.11211847e-07,0.0012494544100000002,0.07647309799999999,2.7562446199999996e-06,5.11211847e-07,2.4552321910858153
355,1695196200,1.6379388399999998e-05,1.63793964e-05,0.005137154239999999,0.006903873140000001,0.0168631585,0.0032265813099999997,0.006675165929999999,0.00520652697,1.1758813199999998e-06,1.040145265e-05,3.5000000399999998,10.3,1.2075505800000002e-06,1.41147864e-06,8.03775985e-07,5.59235005e-07,4.43724752e-07,3.58787133e-07,3.05953547e-07,2.73354389e-07,6.015982049999999e-07,1.4015002599999998e-07,2.08404242e-06,84.9714592,45.6566708,2.89827594e-10,9.195477299999999,0.0012608716799999999,0.0771077786,2.9537192399999997e-06,5.03430491e-07,0.0012785939399999999,0.07950045350000001,2.9537192399999997e-06,5.03430491e-07,0.000900113628,0.039610891499999995,2.9537192399999997e-06,5.03430491e-07,0.00126492801,0.07760905900000001,2.9537192399999997e-06,5.03430491e-07,2.455203151702881
355,1695196800,1.6253289400000002e-05,1.6253291400000004e-05,0.0032830018899999993,0.0037234411499999995,0.016271724,0.00321665648,0.00661991212,0.00515604105,1.21447908e-06,1.0670761950000001e-05,3.218531530000001,11.3,1.22391088e-06,1.40817692e-06,7.996063339999999e-07,5.505054030000001e-07,4.4424321099999996e-07,3.63412331e-07,3.0576901200000003e-07,2.58149181e-07,5.79353093e-07,1.4150781999999998e-07,2.0519571299999997e-06,84.8416853,45.3637078,2.8821128399999997e-10,9.1943015,0.0012650965,0.0775522874,3.02704255e-06,5.264525649999999e-07,0.00127954575,0.07926608900000001,3.02704255e-06,5.264525649999999e-07,0.0009116702619999999,0.04128676530000001,3.02704255e-06,5.264525649999999e-07,0.0012454357000000003,0.07646836,3.02704255e-06,5.264525649999999e-07,2.455196475982666
355,1695197400,1.6237789e-05,1.62377913e-05,0.003995482870000002,0.001048221220000001,0.0163022456,0.0032141543100000004,0.0066447569400000005,0.00516110621,1.16368334e-06,1.00067869e-05,3.23951055,11.3,1.1720447e-06,1.41116752e-06,8.072591639999999e-07,5.58049229e-07,4.5575864999999997e-07,3.47476179e-07,2.98475808e-07,2.69082804e-07,5.773413200000001e-07,1.3978563599999998e-07,2.0823686e-06,85.0157238,45.7538188,2.8684994399999996e-10,9.1956034,0.0012606551099999998,0.0771665733,2.81232134e-06,4.876076060000001e-07,0.00127226818,0.0786216091,2.81232134e-06,4.876076060000001e-07,0.0008708936579999999,0.03769961940000001,2.81232134e-06,4.876076060000001e-07,0.00127643197,0.07827029060000001,2.81232134e-06,4.876076060000001e-07,2.4552189111709595
355,1695198000,1.63321768e-05,1.63321812e-05,-0.009152562110000002,-0.006246619593,0.0158802892,0.00322463398,0.00663860015,0.005168275809999999,1.22341171e-06,1.08145879e-05,3.30944062,11.9,1.2138865e-06,1.4167970299999997e-06,8.116010770000001e-07,5.65246466e-07,4.28196993e-07,3.5412073e-07,3.00642982e-07,2.70106415e-07,5.79503689e-07,1.40874881e-07,2.08510062e-06,85.07084660000001,45.589879100000005,2.89076462e-10,9.19632605,0.00126239681,0.07708356860000001,3.28225274e-06,5.47115626e-07,0.0012867885999999999,0.0803188505,3.28225274e-06,5.47115626e-07,0.0008926658830000001,0.040015319,3.28225274e-06,5.47115626e-07,0.00125499585,0.0768532234,3.28225274e-06,5.47115626e-07,2.455244708061218
355,1695198600,1.62078686e-05,1.6207871199999998e-05,-0.012568577409999998,0.005678084999999999,0.016465669999999998,0.00321125235,0.00661991923,0.00514643716,1.17816739e-06,1.0394325550000002e-05,3.3811189299999995,11.2,1.1823538799999999e-06,1.36647885e-06,8.071814130000001e-07,5.57527149e-07,4.4223630499999996e-07,3.60491409e-07,3.06064611e-07,2.64530356e-07,5.91846127e-07,1.40294117e-07,2.08487812e-06,85.16662550000001,45.9654594,2.85967763e-10,9.197133,0.0012672912500000001,0.07789321499999999,2.6107750399999993e-06,5.05348765e-07,0.00125745422,0.07657516519999999,2.6107750399999993e-06,5.05348765e-07,0.0009109133529999998,0.0405862824,2.6107750399999993e-06,5.05348765e-07,0.00124511411,0.0747553774,2.6107750399999993e-06,5.05348765e-07,2.4552329540252686
355,1695199200,1.62881567e-05,1.6288161099999996e-05,-0.00209753443,-0.016215017066999998,0.0165489721,0.0032210181300000003,0.006625108039999999,0.0051679006500000004,1.13501805e-06,1.007262945e-05,3.1958042200000003,10.3,1.17831247e-06,1.4188389600000002e-06,8.17046395e-07,5.760814900000001e-07,4.2489547e-07,3.64720179e-07,3.0528666799999993e-07,2.5776496799999997e-07,5.86233112e-07,1.3978017599999998e-07,2.07507258e-06,84.91659159999999,45.571756500000006,2.88130241e-10,9.195779250000001,0.00125858962,0.0768643034,3.1825150400000004e-06,5.225625880000001e-07,0.00128917763,0.0803145659,3.1825150400000004e-06,5.225625880000001e-07,0.0008911482470000001,0.0391641566,3.1825150400000004e-06,5.225625880000001e-07,0.0012683873800000002,0.0777059521,3.1825150400000004e-06,5.225625880000001e-07,2.455250096321106
355,1695199800,1.6384826500000002e-05,1.6384829999999998e-05,-0.008362884090000001,0.011901548340000002,0.016390032,0.0032279577900000004,0.00665112982,0.00518195641,1.22773106e-06,1.0627616e-05,3.48076924,12.2,1.1911948000000001e-06,1.43823657e-06,8.16691068e-07,5.79406726e-07,4.427815609999999e-07,3.63961013e-07,3.01464802e-07,2.6874608200000005e-07,5.802733429999999e-07,1.40691383e-07,2.06894514e-06,84.732155,45.2822407,2.9068350400000003e-10,9.1946845,0.00126744403,0.07779129870000001,2.7446469799999997e-06,5.001369830000001e-07,0.0012820819000000001,0.0790207415,2.7446469799999997e-06,5.001369830000001e-07,0.0008982969759999999,0.0398245326,2.7446469799999997e-06,5.001369830000001e-07,0.00128077287,0.0798573764,2.7446469799999997e-06,5.001369830000001e-07,2.4552008628845217
355,1695200400,1.62224442e-05,1.62224468e-05,0.006322761020000002,-0.0065160235999999995,0.016688108700000003,0.00321554276,0.006621745480000001,0.00516621793,1.1692634899999999e-06,1.0138313100000001e-05,3.3741259,11.0,1.19014645e-06,1.3821165899999997e-06,8.091449100000001e-07,5.81236576e-07,4.43511423e-07,3.4825450899999996e-07,3.03748361e-07,2.60447151e-07,5.85899228e-07,1.37630575e-07,2.06903412e-06,84.86419850000001,45.545155400000006,2.87480535e-10,9.1942944,0.00127059091,0.07831885530000002,3.2117406700000005e-06,5.07976616e-07,0.00126756056,0.0778373,3.2117406700000005e-06,5.07976616e-07,0.0008995174009999999,0.0396463593,3.2117406700000005e-06,5.07976616e-07,0.0012552528699999999,0.0770373175,3.2117406700000005e-06,5.07976616e-07,2.4551798582077025
355,1695201000,1.64308234e-05,1.64308258e-05,0.0073298501,-0.006272542199999999,0.0158939525,0.00323510766,0.006672871669999999,0.00519782373,1.2566429000000002e-06,1.1001253550000001e-05,3.4248252700000004,12.3,1.20910437e-06,1.43391962e-06,8.310657369999999e-07,5.778252619999999e-07,4.5433137400000003e-07,3.66962632e-07,2.9755618199999994e-07,2.5953153799999996e-07,5.92826846e-07,1.3946386600000003e-07,2.05279149e-06,84.7091955,45.0840663,2.92749924e-10,9.1921654,0.00127399968,0.0789810531,3.06082617e-06,5.286807960000001e-07,0.00128763956,0.0806878176,3.06082617e-06,5.286807960000001e-07,0.000904482246,0.040457717,3.06082617e-06,5.286807960000001e-07,0.00126285322,0.0782666276,3.06082617e-06,5.286807960000001e-07,2.4552308559417724
355,1695201600,1.61748975e-05,1.61749018e-05,-0.007290329369999999,0.0105203879,0.0164156803,0.00320581976,0.00660318341,0.0051477409099999994,1.18199632e-06,9.9533603e-06,3.32517487,10.7,1.1430027299999998e-06,1.4170795000000001e-06,8.293868220000001e-07,5.67385198e-07,4.42005695e-07,3.5928573700000003e-07,2.92218104e-07,2.6530913800000003e-07,5.81379252e-07,1.4232128300000002e-07,2.0480267100000002e-06,85.0051766,45.593569,2.86346521e-10,9.19574475,0.0012762785800000001,0.07832437759999998,2.9500807299999997e-06,5.183785049999999e-07,0.00126794629,0.07843463549999999,2.9500807299999997e-06,5.183785049999999e-07,0.000887352293,0.0391227072,2.9500807299999997e-06,5.183785049999999e-07,0.00125247164,0.0760930726,2.9500807299999997e-06,5.183785049999999e-07,2.4552071571350096
355,1695202200,1.6263053300000003e-05,1.62630598e-05,-0.00883775582,-0.0017727239000000007,0.0160801821,0.00321907522,0.006627287439999999,0.00517487151,1.2080275e-06,1.0688587450000001e-05,3.0489511200000003,11.6,1.22899373e-06,1.41861109e-06,8.06579776e-07,5.56487262e-07,4.30562976e-07,3.63674104e-07,2.92471935e-07,2.6053522399999996e-07,5.73333093e-07,1.3955238e-07,2.0607115999999998e-06,84.7776125,45.2772691,2.89081496e-10,9.1928584,0.00126677393,0.07769379,2.97422298e-06,5.23176608e-07,0.0012546554599999998,0.076791634,2.97422298e-06,5.23176608e-07,0.0009300745450000001,0.042209650599999995,2.97422298e-06,5.23176608e-07,0.0012667305,0.0780987794,2.97422298e-06,5.23176608e-07,2.4552245140075684
355,1695202800,1.63506665e-05,1.6350673599999998e-05,-0.0015931598800000006,-0.020588975720000003,0.0162528605,0.00322809167,0.0066605758299999995,0.0051833355099999995,1.1598255e-06,1.0367471250000002e-05,3.2954545700000004,11.4,1.18480535e-06,1.42921087e-06,8.10564409e-07,5.74825969e-07,4.43855869e-07,3.48740647e-07,3.1182418099999997e-07,2.76147783e-07,5.775630959999999e-07,1.39912663e-07,2.0778679799999995e-06,84.74231670000002,45.3988539,2.9008506800000005e-10,9.19332045,0.00126238455,0.0776115994,3.1684713199999995e-06,5.03922408e-07,0.00128152468,0.08026040520000001,3.1684713199999995e-06,5.03922408e-07,0.0008855314849999999,0.0384986432,3.1684713199999995e-06,5.03922408e-07,0.0012778067500000003,0.0780652319,3.1684713199999995e-06,5.03922408e-07,2.4551991701126097
355,1695203400,1.62635568e-05,1.6263563e-05,-0.0030690271406,-0.0035136709400000006,0.0164461017,0.00321781144,0.0066382288400000005,0.00515775305,1.208327095e-06,1.09621446e-05,3.36188818,11.5,1.1831919300000001e-06,1.4009779499999999e-06,8.077443179999999e-07,5.63352225e-07,4.5361603600000003e-07,3.6962719200000004e-07,3.1382711699999997e-07,2.6911373e-07,5.83995964e-07,1.40351672e-07,2.04596228e-06,84.8664953,45.4201811,2.88290997e-10,9.1946704,0.00127181911,0.07871617959999999,2.92490489e-06,5.26787577e-07,0.00126652782,0.0775848054,2.92490489e-06,5.26787577e-07,0.000907999834,0.0406495348,2.92490489e-06,5.26787577e-07,0.0012548399599999998,0.0772015565,2.92490489e-06,5.26787577e-07,2.455241060256958
355,1695204000,1.63438261e-05,1.63438313e-05,0.0016750571999999987,0.0016308611999999994,0.0161099136,0.00322483515,0.00665526013,0.005179029649999999,1.19955747e-06,1.0237549550000001e-05,3.2377622800000005,11.9,1.2282619900000004e-06,1.4431748999999998e-06,7.962054709999999e-07,5.622908479999998e-07,4.44987095e-07,3.6066778099999996e-07,2.9755098200000003e-07,2.6465554399999997e-07,5.864488969999999e-07,1.40727134e-07,2.04692557e-06,84.7804496,45.1127827,2.91399516e-10,9.1928546,0.00126422476,0.0774656014,3.1174534200000002e-06,5.377750289999999e-07,0.00127942218,0.07945439790000002,3.1174534200000002e-06,5.377750289999999e-07,0.00092227856,0.042107511699999996,3.1174534200000002e-06,5.377750289999999e-07,0.0012729010400000002,0.0780366205,3.1174534200000002e-06,5.377750289999999e-07,2.455252242088318
355,1695204600,1.6451878000000004e-05,1.64518818e-05,-0.00465358406,-0.005220086979999999,0.0164168424,0.0032357472400000005,0.006673102039999999,0.00521427893,1.25295545e-06,1.058040565e-05,3.5192308599999995,11.4,1.2367982199999999e-06,1.4436749099999999e-06,8.006951469999999e-07,5.88816849e-07,4.40884884e-07,3.55901347e-07,3.0953814999999996e-07,2.6675004099999997e-07,5.877143510000001e-07,1.39360118e-07,2.05580246e-06,84.5983954,45.018933700000005,2.93383695e-10,9.1912929,0.0012723268199999998,0.0788267879,2.54667961e-06,4.97133312e-07,0.0012757753699999999,0.0785072824,2.54667961e-06,4.97133312e-07,0.000927208062,0.0420909693,2.54667961e-06,4.97133312e-07,0.00128188397,0.0796331375,2.54667961e-06,4.97133312e-07,2.455204653739929
355,1695205200,1.6455285e-05,1.6455291600000003e-05,-0.0032760610199999997,-0.009810940899999999,0.0160939145,0.0032390573999999997,0.006658320130000001,0.00518704422,1.25275665e-06,1.1054251449999998e-05,3.48251755,12.8,1.21293723e-06,1.46162386e-06,8.035437199999999e-07,5.704871320000001e-07,4.5500081099999996e-07,3.5014615099999996e-07,3.18395207e-07,2.6915121e-07,5.78707792e-07,1.39898551e-07,2.0677359200000004e-06,84.64062609999999,45.0864943,2.9316196300000003e-10,9.193373900000001,0.00127850897,0.07892712659999998,2.75761649e-06,4.80023822e-07,0.00129118871,0.0811318473,2.75761649e-06,4.80023822e-07,0.0008942780080000001,0.039011380299999995,2.75761649e-06,4.80023822e-07,0.0012862328999999999,0.0802839445,2.75761649e-06,4.80023822e-07,2.4552127599716185
355,1695205800,1.62111433e-05,1.6211146000000004e-05,0.00506349668,-0.015454135429999998,0.016353698300000004,0.00321411849,0.0066427801199999996,0.005165956680000001,1.1295883400000002e-06,9.9709208e-06,3.19405598,9.9,1.2070285399999998e-06,1.39025775e-06,8.136054190000001e-07,5.79372105e-07,4.32613956e-07,3.57631666e-07,2.95852865e-07,2.5988127899999995e-07,5.798048439999999e-07,1.39607535e-07,2.0498817699999998e-06,84.89267939999999,45.4146257,2.87725369e-10,9.193638199999999,0.00125857002,0.07662916449999999,2.80305126e-06,5.07511481e-07,0.0012869239899999999,0.07990122289999999,2.80305126e-06,5.07511481e-07,0.0009102430889999999,0.040410170800000006,2.80305126e-06,5.07511481e-07,0.0012591707199999997,0.07714744790000001,2.80305126e-06,5.07511481e-07,2.4552105188369753
355,1695206400,1.62002943e-05,1.62002986e-05,-0.011310056070000001,0.0065202021100000005,0.0160188234,0.00321054727,0.00661559805,0.0051534654299999995,1.21005462e-06,1.018521065e-05,3.36363642,10.8,1.23633087e-06,1.3780089400000002e-06,8.053128860000001e-07,5.59933237e-07,4.33920749e-07,3.45140077e-07,2.98676654e-07,2.6292156300000003e-07,5.85639605e-07,1.3939214200000002e-07,2.05482714e-06,85.0802131,45.5143821,2.8794277099999997e-10,9.19400615,0.0012575793799999998,0.0766074233,2.7976756e-06,5.17978069e-07,0.00126502625,0.077814213,2.7976756e-06,5.17978069e-07,0.0009114798030000001,0.0407974287,2.7976756e-06,5.17978069e-07,0.00126558485,0.0775567255,2.7976756e-06,5.17978069e-07,2.4551989078521728
355,1695207000,1.60765706e-05,1.6076573599999997e-05,0.005246699947000001,-0.0168553341,0.0160889506,0.00320087555,0.006604525849999999,0.00514836556,1.17645679e-06,1.0399025249999999e-05,3.0646853700000003,10.7,1.1534076499999998e-06,1.40081457e-06,7.833543049999999e-07,5.495160329999999e-07,4.2865926700000007e-07,3.5376557499999996e-07,3.1596933299999995e-07,2.6326891199999997e-07,5.85964426e-07,1.4127748000000002e-07,2.06224214e-06,85.1667735,45.960839,2.8331338e-10,9.19709455,0.00124810678,0.0760918072,2.6787036499999998e-06,4.802073889999999e-07,0.00126047772,0.0771621836,2.6787036499999998e-06,4.802073889999999e-07,0.000880115221,0.0379873609,2.6787036499999998e-06,4.802073889999999e-07,0.00125380786,0.0768575535,2.6787036499999998e-06,4.802073889999999e-07,2.455194020271301
355,1695207600,1.64903264e-05,1.6490332599999997e-05,-0.01103218722,0.01156163204,0.0168137038,0.0032387377799999997,0.006663296359999999,0.00519699916,1.27708618e-06,1.108016725e-05,3.5559441300000003,11.6,1.2819722e-06,1.43834538e-06,8.053724749999999e-07,5.621335560000001e-07,4.3391424000000003e-07,3.6701889000000006e-07,3.068194539999999e-07,2.62123065e-07,5.89947147e-07,1.40273408e-07,2.0572237899999997e-06,84.6481636,44.877729699999996,2.95120414e-10,9.191392,0.00127308689,0.0786891494,3.2029087800000004e-06,5.597509389999999e-07,0.00128175568,0.08021628290000002,3.2029087800000004e-06,5.597509389999999e-07,0.0009386406700000001,0.0432474858,3.2029087800000004e-06,5.597509389999999e-07,0.00127195858,0.0783910624,3.2029087800000004e-06,5.597509389999999e-07,2.4552205562591554
355,1695208200,1.6389434099999997e-05,1.63894418e-05,-0.005222063250000001,0.00816095596,0.0161347554,0.0032284559499999995,0.006668487169999999,0.00517972278,1.1736397e-06,1.021008765e-05,3.44405599,13.1,1.20485944e-06,1.41390401e-06,7.930162639999999e-07,5.62761586e-07,4.3648354500000005e-07,3.64645452e-07,3.04731757e-07,2.7268361599999997e-07,5.92258528e-07,1.4002562300000002e-07,2.10928119e-06,84.9328826,45.7213096,2.8983029799999997e-10,9.1964835,0.0012619691,0.0774453675,2.9106496e-06,5.15918167e-07,0.00126624348,0.0778316995,2.9106496e-06,5.15918167e-07,0.0008914579149999999,0.0396240829,2.9106496e-06,5.15918167e-07,0.0012788425999999999,0.07839581,2.9106496e-06,5.15918167e-07,2.4552090167999268
355,1695208800,1.63306789e-05,1.6330686299999996e-05,-0.006648934470000001,-0.015518019259999996,0.015777871500000002,0.0032258375800000003,0.00663435285,0.00518386408,1.20398096e-06,1.0676515899999999e-05,3.3531468799999997,10.9,1.16110524e-06,1.42010412e-06,8.329337689999999e-07,5.654660879999999e-07,4.481717660000001e-07,3.66694042e-07,3.03887985e-07,2.68335605e-07,5.80226558e-07,1.4143003299999998e-07,2.0769609000000002e-06,84.7553239,45.517925000000005,2.88724547e-10,9.195908600000001,0.00127509182,0.07846994310000001,2.4960328099999997e-06,4.61672082e-07,0.00129011801,0.0806330161,2.4960328099999997e-06,4.61672082e-07,0.000892497589,0.039023677500000006,2.4960328099999997e-06,4.61672082e-07,0.0012528304999999999,0.075697249,2.4960328099999997e-06,4.61672082e-07,2.455201506614685
355,1695209400,1.64837933e-05,1.64837973e-05,0.005550165240000001,0.01165271586,0.0165281824,0.00323677267,0.00669770594,0.0052026252799999995,1.22944163e-06,1.092967015e-05,3.4580420199999997,11.8,1.24936089e-06,1.41171623e-06,8.030207440000002e-07,5.772784e-07,4.2532298800000004e-07,3.55474243e-07,3.05926379e-07,2.64877732e-07,6.031427989999999e-07,1.4173205e-07,2.1039980699999997e-06,84.85239609999999,45.5169212,2.92102483e-10,9.194768,0.0012631705300000001,0.07721614539999999,3.02913083e-06,5.43672752e-07,0.00128026199,0.07935850900000001,3.02913083e-06,5.43672752e-07,0.000921137766,0.0417967231,3.02913083e-06,5.43672752e-07,0.00126803568,0.07820032349999999,3.02913083e-06,5.43672752e-07,2.4552165031433106
355,1695210000,1.61769425e-05,1.61769486e-05,0.007554462842999999,0.018548568033,0.0171107138,0.00320576178,0.00662800843,0.005151942200000001,1.23528565e-06,1.10462302e-05,3.17657349,12.4,1.1353954300000001e-06,1.3822357099999998e-06,7.814560930000001e-07,5.61139234e-07,4.60063001e-07,3.60570953e-07,3.0266586e-07,2.62504513e-07,5.99684158e-07,1.41256604e-07,2.10147075e-06,85.3088861,46.4270386,2.83020177e-10,9.199525650000002,0.00126918815,0.0780529444,2.6845075e-06,4.7224763699999996e-07,0.0012617649900000002,0.07685066500000001,2.6845075e-06,4.7224763699999996e-07,0.000883267171,0.03795639559999999,2.6845075e-06,4.7224763699999996e-07,0.00124035859,0.074997738,2.6845075e-06,4.7224763699999996e-07,2.455226492881775
355,1695210600,1.66689078e-05,1.66689117e-05,0.0014841423800000004,8.537883999999996e-05,0.01657358265,0.00325722632,0.00671956244,0.0052276239000000006,1.1795496e-06,1.053154485e-05,3.5996504099999997,10.8,1.2112224599999997e-06,1.4461286100000002e-06,7.983958159999999e-07,5.479392089999999e-07,4.3235671799999994e-07,3.7295183899999996e-07,3.08611307e-07,2.71729238e-07,6.02317132e-07,1.58232419e-07,2.1845685399999996e-06,86.22568240000001,47.1171961,2.88776575e-10,9.20749065,0.0012668360399999998,0.0774783752,2.90184459e-06,5.278959939999999e-07,0.00126656892,0.0780971725,2.90184459e-06,5.278959939999999e-07,0.0009113250099999999,0.0411387465,2.90184459e-06,5.278959939999999e-07,0.0012748244800000002,0.07873579180000001,2.90184459e-06,5.278959939999999e-07,2.4551897048950195
355,1695211200,1.6951288699999997e-05,1.69512958e-05,0.006776239139999999,0.0143902584,0.017351388199999998,0.00328236377,0.0067897012000000005,0.00527902762,1.20448021e-06,1.105684485e-05,3.71503501,12.3,1.20936137e-06,1.42592486e-06,7.969831890000001e-07,5.84225031e-07,4.42512665e-07,3.71308684e-07,3.1695695700000003e-07,2.61528996e-07,5.90499297e-07,1.68775517e-07,2.3075317099999995e-06,87.5017165,48.6734918,2.88607712e-10,9.2166686,0.00127692601,0.0792875919,2.9476047399999998e-06,5.300662430000001e-07,0.00126767176,0.0781747525,2.9476047399999998e-06,5.300662430000001e-07,0.0009105514829999999,0.041038871,2.9476047399999998e-06,5.300662430000001e-07,0.00127234971,0.07810810459999999,2.9476047399999998e-06,5.300662430000001e-07,2.4552177667617796
355,1695211800,1.62321277e-05,1.6232134399999996e-05,-0.0011935668000000003,0.00459224357,0.016176485100000002,0.00321266251,0.006625574460000001,0.005151256470000001,1.19102924e-06,1.0492748200000002e-05,3.3671329299999995,10.5,1.1716771300000002e-06,1.37839454e-06,8.311057049999999e-07,5.7643698e-07,4.46945909e-07,3.4675897100000004e-07,3.0981781099999995e-07,2.6834530699999996e-07,5.74452863e-07,1.40723165e-07,2.07136849e-06,85.07278539999999,45.8017345,2.86632538e-10,9.1967947,0.0012696017200000004,0.07835275200000001,2.6458907e-06,4.79653161e-07,0.00127667938,0.0795027626,2.6458907e-06,4.79653161e-07,0.000894719875,0.0393795285,2.6458907e-06,4.79653161e-07,0.00123610454,0.07424002259999998,2.6458907e-06,4.79653161e-07,2.455221080780029
355,1695212400,1.6246206899999998e-05,1.62462117e-05,0.003556267039999999,-0.0023276236900000003,0.01582808125,0.0032156958600000002,0.006628788420000001,0.00516861012,1.20748777e-06,1.0614454199999999e-05,3.2045455100000004,10.6,1.16501961e-06,1.41452784e-06,8.008048250000001e-07,5.616198919999999e-07,4.5098115500000004e-07,3.6388226799999997e-07,3.03193233e-07,2.71485645e-07,5.9062632e-07,1.37018698e-07,2.0639118599999997e-06,84.9908315,45.668579699999995,2.8763288599999994e-10,9.194709899999998,0.0012747572000000001,0.07888563230000001,2.6213642499999997e-06,4.6927301899999996e-07,0.00126478966,0.0779640055,2.6213642499999997e-06,4.6927301899999996e-07,0.0008812740519999999,0.0379307907,2.6213642499999997e-06,4.6927301899999996e-07,0.0012633779200000002,0.077307526,2.6213642499999997e-06,4.6927301899999996e-07,2.4552474498748778
355,1695213000,1.6244272600000003e-05,1.62442772e-05,-0.0019741760469999987,-0.0005995189699999996,0.0167231016,0.00321661216,0.00664143856,0.00516815622,1.2058115e-06,1.06322123e-05,3.34440561,10.8,1.1733642e-06,1.4320893899999999e-06,7.93258377e-07,5.618727980000001e-07,4.4792234500000004e-07,3.50986466e-07,2.99208197e-07,2.6034253600000005e-07,5.94943383e-07,1.4585502299999998e-07,2.0622389199999997e-06,85.0605365,45.719737599999995,2.8713463600000003e-10,9.195911800000001,0.00127239887,0.07801218699999998,2.9312121800000006e-06,5.126785259999999e-07,0.0012715305,0.078092532,2.9312121800000006e-06,5.126785259999999e-07,0.000895102706,0.0393885774,2.9312121800000006e-06,5.126785259999999e-07,0.00125839077,0.0774127636,2.9312121800000006e-06,5.126785259999999e-07,2.455263447761536
355,1695213600,1.61704212e-05,1.6170428100000002e-05,-0.00047143354999999953,0.01041669475,0.0165571428,0.0032072042699999997,0.00661116106,0.0051443877,1.16343354e-06,1.06600715e-05,3.18181825,11.1,1.1660832e-06,1.38397264e-06,8.027496019999999e-07,5.66078302e-07,4.332906260000001e-07,3.47241127e-07,3.0541228000000004e-07,2.6531677699999995e-07,5.85888085e-07,1.43124092e-07,2.08601629e-06,85.3006819,46.160429500000006,2.8389934400000006e-10,9.19971405,0.0012564930700000002,0.07679893750000001,2.78008643e-06,4.939720400000001e-07,0.00126129763,0.07737842,2.78008643e-06,4.939720400000001e-07,0.000885810032,0.038627097,2.78008643e-06,4.939720400000001e-07,0.001250453,0.07580743449999999,2.78008643e-06,4.939720400000001e-07,2.4552332162857056
355,1695214200,1.6322559699999998e-05,1.6322561999999998e-05,0.0041904657260000006,0.0071808077400000005,0.016269317100000003,0.0032223708100000007,0.00664769122,0.00518363538,1.1990438099999998e-06,1.06980255e-05,3.37587415,11.0,1.2253944099999998e-06,1.4097492299999999e-06,8.02125149e-07,5.787913020000001e-07,4.31681115e-07,3.52619785e-07,3.13905665e-07,2.5774668e-07,5.86532132e-07,1.44485722e-07,2.0581988399999997e-06,85.0553726,45.512267099999995,2.89441634e-10,9.1950535,0.00126674383,0.0774346299,2.84814175e-06,4.96316855e-07,0.00127078158,0.0780872324,2.84814175e-06,4.96316855e-07,0.00090466486,0.039923417499999996,2.84814175e-06,4.96316855e-07,0.00127303889,0.0789881654,2.84814175e-06,4.96316855e-07,2.455235481262207
355,1695214800,1.62415084e-05,1.6241510300000002e-05,-0.004121391658,0.008221599779999998,0.016645088800000003,0.0032146767,0.00662688362,0.0051554624399999995,1.20140873e-06,1.0719006e-05,3.18881128,9.7,1.1669662e-06,1.40864246e-06,8.13538138e-07,5.68808113e-07,4.5044743800000004e-07,3.62567121e-07,3.0143906e-07,2.61649778e-07,5.95886362e-07,1.3886498200000003e-07,2.0519288e-06,84.90514060000001,45.545481900000006,2.87543188e-10,9.1946779,0.0012724554599999997,0.0785603577,2.79667841e-06,5.03370047e-07,0.0012735196100000002,0.0786032356,2.79667841e-06,5.03370047e-07,0.000884363298,0.0390320717,2.79667841e-06,5.03370047e-07,0.0012559181,0.0771124799,2.79667841e-06,5.03370047e-07,2.4552215814590452
355,1695215400,1.5971465200000002e-05,1.59714676e-05,-0.01436176015,-0.014066125586,0.0167488953,0.0031891987799999993,0.006551878110000001,0.005135917200000001,1.1338073900000004e-06,1.01118881e-05,2.9790210200000002,10.3,1.1521228269999998e-06,1.3891696099999998e-06,7.70867313e-07,5.702242310000001e-07,4.279027900000001e-07,3.5482547900000007e-07,3.03559228e-07,2.5287085899999995e-07,5.742461250000001e-07,1.3898080799999998e-07,2.0509025299999998e-06,85.30384560000002,45.9553811,2.81794945e-10,9.1977102,0.0012481341600000001,0.07545027089999999,3.0835374399999996e-06,5.194387759999999e-07,0.0012543197900000001,0.076303991,3.0835374399999996e-06,5.194387759999999e-07,0.0009011952699999999,0.040043986999999996,3.0835374399999996e-06,5.194387759999999e-07,0.00124469979,0.07505553969999999,3.0835374399999996e-06,5.194387759999999e-07,2.455291485786438
355,1695216000,1.6128679699999997e-05,1.61286848e-05,0.00409292845,-0.00412334231,0.016319339099999997,0.0032042187,0.00661788408,0.00515724421,1.1751448e-06,1.02249917e-05,3.2290210200000002,11.1,1.17619818e-06,1.39036442e-06,7.93507317e-07,5.70297211e-07,4.3316642e-07,3.57886766e-07,3.06121934e-07,2.5709648999999997e-07,5.810558220000001e-07,1.3847544400000002e-07,2.0601403199999997e-06,85.13084590000001,45.746853800000004,2.8503173899999995e-10,9.196196100000002,0.00125955112,0.0770396745,2.8304277499999997e-06,5.24727221e-07,0.0012610446100000002,0.0772043407,2.8304277499999997e-06,5.24727221e-07,0.000904885428,0.0405458172,2.8304277499999997e-06,5.24727221e-07,0.0012534526699999999,0.0758449371,2.8304277499999997e-06,5.24727221e-07,2.455276274681091
355,1695216600,1.63320895e-05,1.63320942e-05,0.0013713690730000005,0.01983414974,0.016872740599999998,0.0032209260500000005,0.00662937852,0.005171153609999999,1.2642755699999998e-06,1.115505735e-05,3.4300699700000004,12.2,1.17968671e-06,1.46028126e-06,8.225455960000002e-07,5.8025042e-07,4.3737418899999995e-07,3.56729695e-07,2.99484281e-07,2.57100731e-07,5.747588160000001e-07,1.41699834e-07,2.0560821499999995e-06,84.73540510000001,45.2063384,2.90402423e-10,9.192958749999999,0.0012684492000000001,0.07842740050000001,3.2240511700000003e-06,5.31663154e-07,0.0012808603800000002,0.07984173189999999,3.2240511700000003e-06,5.31663154e-07,0.000888815708,0.0393527752,3.2240511700000003e-06,5.31663154e-07,0.0012756201,0.07916884700000001,3.2240511700000003e-06,5.31663154e-07,2.4553861141204836
355,1695217200,1.63501681e-05,1.63501706e-05,-0.006329643710000001,-0.016124816639999998,0.0165360429,0.0032284062599999995,0.00664575725,0.005182732220000001,1.21406916e-06,1.07914578e-05,3.3076923700000003,10.5,1.1834202299999999e-06,1.4780693e-06,8.132708410000001e-07,5.69060967e-07,4.3391748300000004e-07,3.42500051e-07,3.12143518e-07,2.6509467e-07,5.88598619e-07,1.4309973099999998e-07,2.04589778e-06,84.8417032,45.2270713,2.91055312e-10,9.192252300000002,0.0012633284599999999,0.0775832128,2.91762732e-06,4.962743310000001e-07,0.0012824574700000002,0.07973537950000001,2.91762732e-06,4.962743310000001e-07,0.0008848434739999999,0.03878229300000001,2.91762732e-06,4.962743310000001e-07,0.00129236627,0.08087939870000001,2.91762732e-06,4.962743310000001e-07,2.4554829359054566
355,1695217800,1.64411418e-05,1.64411455e-05,0.002095874757399999,-0.014793270955999999,0.01616496345,0.00323883087,0.0066441963,0.0051834368,1.1790009999999999e-06,1.05818539e-05,3.1590909500000004,9.7,1.1887854299999998e-06,1.45198302e-06,8.49863515e-07,5.55867977e-07,4.4350486400000004e-07,3.5988962400000004e-07,3.17879443e-07,2.7259213600000005e-07,5.87804755e-07,1.40526865e-07,2.0518333899999998e-06,84.688693,45.133504099999996,2.92429373e-10,9.192742050000001,0.0012752923399999999,0.0789419879,2.7805934099999997e-06,4.94263288e-07,0.0012889420899999996,0.0802620513,2.7805934099999997e-06,4.94263288e-07,0.000883711532,0.0387117765,2.7805934099999997e-06,4.94263288e-07,0.00128930131,0.08048772400000001,2.7805934099999997e-06,4.94263288e-07,2.455262231826782
355,1695218400,1.63310698e-05,1.63310772e-05,-0.0047059228,-0.020227342254,0.0161980242,0.00322610854,0.0066598468999999995,0.00518438864,1.1651734399999999e-06,1.012118045e-05,3.2657343500000002,11.0,1.18402927e-06,1.4351876099999998e-06,8.159532500000001e-07,5.710471069999999e-07,4.4856778e-07,3.57361373e-07,3.14333885e-07,2.61631108e-07,5.83020934e-07,1.4026726100000001e-07,2.0541268e-06,84.82080450000001,45.3204346,2.90147105e-10,9.194386349999998,0.00127335981,0.078421335,3.05124048e-06,5.358875260000001e-07,0.0012770375799999998,0.078913342,3.05124048e-06,5.358875260000001e-07,0.0009052530279999998,0.040636439399999995,3.05124048e-06,5.358875260000001e-07,0.0012696064699999998,0.0783157926,3.05124048e-06,5.358875260000001e-07,2.4553524971008303
355,1695219000,1.6738193299999997e-05,1.67382013e-05,0.0060498989000000005,0.021524078599999996,0.017591298499999998,0.0032608811600000004,0.00672438023,0.00524336606,1.2374340100000001e-06,1.0878596900000001e-05,3.6730769699999994,12.5,1.17124907e-06,1.4128900699999998e-06,8.10463072e-07,5.58045497e-07,4.3371766499999994e-07,3.53211797e-07,2.9625477400000003e-07,2.66049623e-07,5.896218850000001e-07,1.64437719e-07,2.3131182500000003e-06,87.8901386,49.264316300000004,2.83117146e-10,9.2199064,0.0012573511400000002,0.076781892,2.96080065e-06,5.076064170000001e-07,0.00127286026,0.07879820870000001,2.96080065e-06,5.076064170000001e-07,0.0008909411649999999,0.039085021399999996,2.96080065e-06,5.076064170000001e-07,0.0012542893700000003,0.0765739705,2.96080065e-06,5.076064170000001e-07,2.4552887678146362
355,1695219600,1.71874465e-05,1.71874491e-05,0.002175068680000001,0.056862331999999995,0.0187733565,0.00330225017,0.006804262010000001,0.00530491356,1.1947581400000002e-06,1.0995429549999998e-05,4.1625874099999995,11.6,1.12966525e-06,1.4048486000000002e-06,8.125279950000001e-07,5.8284668e-07,4.4578742500000005e-07,3.5493643200000005e-07,3.06469859e-07,2.6815492e-07,5.913572230000001e-07,1.91830967e-07,2.50525412e-06,89.7067813,51.8667192,2.82609071e-10,9.2322567,0.0012720484000000002,0.078581813,2.84263124e-06,4.79929797e-07,0.0012708187100000001,0.0788642348,2.84263124e-06,4.79929797e-07,0.0008643545460000001,0.036720279099999996,2.84263124e-06,4.79929797e-07,0.00125484819,0.0766606893,2.84263124e-06,4.79929797e-07,2.4554030656814576
355,1695220200,1.63821998e-05,1.63822046e-05,-0.00951627946,-0.0193196281,0.016447968700000003,0.00323265598,0.0066445305799999995,0.0051926828700000005,1.1738632199999999e-06,1.051658145e-05,3.2972028700000005,10.2,1.1784636e-06,1.35875989e-06,8.164666180000001e-07,5.6788561e-07,4.38686448e-07,3.5860239600000006e-07,3.02835761e-07,2.62471177e-07,5.89665853e-07,1.5372792900000002e-07,2.16350287e-06,86.16525999999999,47.1637712,2.84201519e-10,9.20638525,0.00127271599,0.07803654250000001,2.7809563199999997e-06,5.20328818e-07,0.00126516645,0.077908957,2.7809563199999997e-06,5.20328818e-07,0.0008920547119999998,0.03953451749999999,2.7809563199999997e-06,5.20328818e-07,0.00124411895,0.0744908014,2.7809563199999997e-06,5.20328818e-07,2.4601227045059204
355,1695220800,1.6482522899999998e-05,1.6482526999999997e-05,0.00500488006,-0.009147732849999996,0.0167327545,0.00324164037,0.0066786272199999995,0.0052096769799999994,1.1931773299999998e-06,1.070688275e-05,3.37237766,10.5,1.2540600500000001e-06,1.37765164e-06,8.130556009999999e-07,5.78860163e-07,4.35312786e-07,3.6682971199999997e-07,2.92494073e-07,2.6350750899999997e-07,5.93763913e-07,1.4441826899999999e-07,2.1212556299999997e-06,85.0497455,45.7996149,2.9100896399999996e-10,9.1968552,0.00126660394,0.0777438335,3.20624464e-06,5.44411846e-07,0.0012784208800000001,0.07911291779999999,3.20624464e-06,5.44411846e-07,0.0009225139759999999,0.041719971300000006,3.20624464e-06,5.44411846e-07,0.00126355089,0.07766242799999999,3.20624464e-06,5.44411846e-07,2.4505026578903197
355,1695221400,1.6370990300000004e-05,1.63709943e-05,0.0016592742500000008,0.011035186399999999,0.0167426674,0.0032269143799999998,0.00667013421,0.00518884109,1.18622605e-06,1.0474429099999998e-05,3.51573435,12.0,1.1751051800000001e-06,1.37995167e-06,8.10894536e-07,5.67145619e-07,4.35796319e-07,3.61400577e-07,3.00510772e-07,2.60468062e-07,5.87373779e-07,1.53609236e-07,2.15318345e-06,85.8505038,46.898930199999995,2.8491773699999996e-10,9.2046976,0.0012610604700000001,0.0770372504,2.84297951e-06,5.121404859999999e-07,0.00128209391,0.0793506264,2.84297951e-06,5.121404859999999e-07,0.000884167068,0.0387216164,2.84297951e-06,5.121404859999999e-07,0.00124531036,0.07577506040000001,2.84297951e-06,5.121404859999999e-07,2.4551687955856325
355,1695222000,1.66112359e-05,1.66112465e-05,0.006537475380999999,0.007644761559999999,0.0174415777,0.0032507102400000003,0.00670120033,0.005229231489999999,1.2484287e-06,1.0830855800000001e-05,3.5804196599999996,12.7,1.1785071e-06,1.4174714500000002e-06,8.22664228e-07,5.798600490000001e-07,4.65131161e-07,3.71164241e-07,3.0311495000000003e-07,2.70642859e-07,5.90194354e-07,1.52431035e-07,2.1544043099999994e-06,85.6468704,46.605296800000005,2.9025740800000004e-10,9.20122245,0.0012825725,0.0799045535,2.89422835e-06,5.01139127e-07,0.0012770854600000002,0.0792482959,2.89422835e-06,5.01139127e-07,0.0008527982239999999,0.0366142007,2.89422835e-06,5.01139127e-07,0.0012867008299999997,0.0802930835,2.89422835e-06,5.01139127e-07,2.4555190086364744
355,1695222600,2.04338988e-05,2.04339047e-05,-0.4450280518899999,11.35882088992,0.024212852,0.00344128472,0.00709994982,0.0054645918699999995,7.65322607e-06,7.765306775000001e-05,6.06643362,27.9,1.98710329e-06,2.1473540100000002e-06,1.015439011e-06,7.241107150000001e-07,5.105373589999999e-07,3.9938447200000004e-07,3.0824015900000006e-07,2.74685142e-07,5.9453782e-07,1.43748715e-07,2.11178781e-06,82.678931,41.00868080000001,4.02774727e-10,9.15785455,0.0012895772,0.09640160249999999,7.0647018200000006e-06,1.0672548660000001e-06,0.0013554013,0.09978689130000001,7.0647018200000006e-06,1.0672548660000001e-06,0.0010747253000000002,0.06480534760000001,7.0647018200000006e-06,1.0672548660000001e-06,0.0014568670000000001,0.12564357099999998,7.0647018200000006e-06,1.0672548660000001e-06,2.4549662590026857
355,1695223200,3.94250993e-05,3.94251039e-05,-0.22181944077,5.88582095188,0.036976141899999995,0.003915411869999999,0.008405330229999999,0.00604157537,2.5945567369999998e-05,0.0001805382297,11.410839309999997,78.0,7.210545239999999e-06,4.35487303e-06,2.241596514e-06,1.0640351649999999e-06,7.18774746e-07,5.46309072e-07,3.994668e-07,2.92985613e-07,6.175758079999999e-07,1.4690485e-07,2.11945501e-06,78.8548678,36.598607400000006,9.85087794e-10,9.0871189,0.00142934977,0.1382288596,7.019565141000003e-05,8.698531467e-06,0.0015741036400000001,0.2140751656,7.019565141000003e-05,8.698531467e-06,0.00137973702,0.25975806749999997,7.019565141000003e-05,8.698531467e-06,0.0016831470099999998,0.3103508024,7.019565141000003e-05,8.698531467e-06,2.4548518896102904
355,1695223800,2.58681972e-05,2.5868203100000004e-05,-0.26085880874000006,5.73940254937,0.026054998000000003,0.0034649886399999996,0.007005786830000001,0.0053668381,1.523770685e-05,0.0001165061475,5.7587411,39.6,2.4663119099999994e-06,3.5398913400000005e-06,1.707586192e-06,8.28705045e-07,5.06405767e-07,4.226860860000001e-07,3.1876697600000003e-07,2.77784702e-07,5.99125493e-07,1.49167184e-07,2.11764848e-06,82.00411600000001,41.6211426,5.68048778e-10,9.1421285,0.00129846332,0.1000886384,1.748058137e-05,2.6964790549999994e-06,0.00142740093,0.17318781060000002,1.748058137e-05,2.6964790549999994e-06,0.0010219587430000002,0.0825447458,1.748058137e-05,2.6964790549999994e-06,0.0014232710900000001,0.18350273049999996,1.748058137e-05,2.6964790549999994e-06,2.4553850650787354
355,1695224400,1.62050886e-05,1.62050931e-05,0.0037436479,0.02799622492,0.0173999179,0.0032088961900000003,0.006603080519999999,0.00514009216,1.2207812300000001e-06,1.088677905e-05,3.3339161099999997,12.3,1.16647806e-06,1.42448702e-06,8.222785780000001e-07,5.67706195e-07,4.33958603e-07,3.6026958799999997e-07,3.08120062e-07,2.62921049e-07,5.821395790000001e-07,1.3586607e-07,2.03831398e-06,84.908954,45.3309996,2.8831247899999995e-10,9.192942149999999,0.0012715016100000001,0.0784593264,3.05062353e-06,5.24270932e-07,0.0012647869300000001,0.07790804799999998,3.05062353e-06,5.24270932e-07,0.000896963208,0.039633498700000006,3.05062353e-06,5.24270932e-07,0.00125476219,0.07752844880000001,3.05062353e-06,5.24270932e-07,2.455359935760498
355,1695225000,1.60685719e-05,1.60685783e-05,0.004578109799999999,-0.02475976403,0.0163432981,0.0032020350199999997,0.0066073552100000005,0.00514263737,1.09658241e-06,9.8380053e-06,3.01048954,11.1,1.14806307e-06,1.3950949700000002e-06,8.16628897e-07,5.646498870000001e-07,4.30446877e-07,3.5326400100000004e-07,2.97426961e-07,2.5632056300000004e-07,5.852550149999999e-07,1.3682184900000001e-07,2.0502881799999996e-06,84.92164410000001,45.715482900000005,2.8329596299999997e-10,9.196994199999999,0.00126805053,0.07783460739999999,2.97026132e-06,4.99049006e-07,0.00127792527,0.07879652499999999,2.97026132e-06,4.99049006e-07,0.000883724004,0.03817978500000001,2.97026132e-06,4.99049006e-07,0.00124737461,0.074701412,2.97026132e-06,4.99049006e-07,2.4553337335586547
355,1695225600,1.6283158099999997e-05,1.62831623e-05,0.0002243884599999999,0.010731033939999997,0.0165219643,0.00321892898,0.006640626669999999,0.005160665939999999,1.23760127e-06,1.085193915e-05,3.3793706900000005,10.9,1.2197240999999997e-06,1.42563007e-06,7.97754659e-07,5.80934471e-07,4.2404909600000004e-07,3.5876371200000004e-07,3.04700233e-07,2.62181416e-07,5.884863659999999e-07,1.37340904e-07,2.0419723899999997e-06,84.83080950000002,45.19178670000001,2.896639e-10,9.1941906,0.00125879028,0.076921281,3.0498193900000003e-06,5.27177656e-07,0.0012754684399999998,0.0790193662,3.0498193900000003e-06,5.27177656e-07,0.0009129930250000001,0.0410671224,3.0498193900000003e-06,5.27177656e-07,0.0012652851600000001,0.0780894637,3.0498193900000003e-06,5.27177656e-07,2.4550586938858032
355,1695226200,1.6265694000000003e-05,1.62656983e-05,0.005397019750000001,-0.0011108572700000013,0.016983526399999997,0.00321933648,0.0066207211900000005,0.00516379143,1.1841823599999998e-06,1.0814980750000001e-05,3.34965038,11.5,1.20446948e-06,1.39332153e-06,8.064108229999999e-07,5.58143647e-07,4.5058838099999996e-07,3.77119907e-07,3.0208518700000004e-07,2.67235359e-07,5.82646032e-07,1.4016708100000002e-07,2.05063152e-06,84.8217645,45.4159807,2.8831805299999997e-10,9.1946449,0.0012689237999999998,0.07838126779999999,2.5585332000000003e-06,4.82740765e-07,0.0012658173799999998,0.0776585556,2.5585332000000003e-06,4.82740765e-07,0.00088723068,0.03866001449999999,2.5585332000000003e-06,4.82740765e-07,0.0012725310800000003,0.0789981362,2.5585332000000003e-06,4.82740765e-07,2.454959988594055
355,1695226800,1.62162742e-05,1.62162762e-05,0.014138188464000001,0.004949464790000002,0.0165956424,0.00321161212,0.00662572822,0.005149875010000001,1.1689511540000002e-06,1.05672737e-05,3.20979029,11.4,1.17906256e-06,1.4185387e-06,8.20343844e-07,5.430294529999999e-07,4.4730589400000003e-07,3.62814752e-07,3.0048684000000004e-07,2.59139617e-07,5.78233503e-07,1.40287233e-07,2.0588606999999996e-06,84.89278250000001,45.47099250000001,2.87806564e-10,9.193030199999999,0.00126823956,0.07824110910000001,2.78867848e-06,4.86728413e-07,0.0012786684499999999,0.0789189429,2.78867848e-06,4.86728413e-07,0.0008889217159999999,0.0387145193,2.78867848e-06,4.86728413e-07,0.0012555886500000002,0.0771320844,2.78867848e-06,4.86728413e-07,2.4553454399108885
355,1695227400,1.62331911e-05,1.62331995e-05,-0.006999988227000001,-0.0227791068,0.01557778835,0.0032154139299999996,0.00661721497,0.0051554602400000005,1.15227608e-06,1.0347226599999999e-05,3.16258748,11.1,1.19952252e-06,1.43078518e-06,8.016985759999999e-07,5.530094150000001e-07,4.32054387e-07,3.5264661700000003e-07,3.12585734e-07,2.6353613699999995e-07,5.84230058e-07,1.40199661e-07,2.04630453e-06,84.8783095,45.3419107,2.87990808e-10,9.1953767,0.0012559890500000001,0.076564509,3.0551155700000006e-06,5.288293979999999e-07,0.00126723855,0.0781540561,3.0551155700000006e-06,5.288293979999999e-07,0.0009072885729999999,0.04073950020000001,3.0551155700000006e-06,5.288293979999999e-07,0.0012662019999999997,0.0774127221,3.0551155700000006e-06,5.288293979999999e-07,2.455396318435669
355,1695228000,1.6157217599999998e-05,1.61572226e-05,0.01507439535,0.0009162577700000011,0.0159590337,0.0032063829499999995,0.0066198060400000005,0.00515750991,1.1779558500000001e-06,1.045581005e-05,3.22552448,11.3,1.18958878e-06,1.3799975899999999e-06,8.188489010000001e-07,5.640447370000001e-07,4.25460704e-07,3.55190504e-07,3.02163509e-07,2.68898109e-07,5.86189268e-07,1.38006151e-07,2.05017302e-06,84.89654340000001,45.5920567,2.8552175400000003e-10,9.19622835,0.0012562703399999998,0.0768359396,2.8321047600000003e-06,5.083042159999999e-07,0.00127628577,0.07894073700000001,2.8321047600000003e-06,5.083042159999999e-07,0.000886071605,0.0390583654,2.8321047600000003e-06,5.083042159999999e-07,0.00125834841,0.0761184762,2.8321047600000003e-06,5.083042159999999e-07,2.4554144859313967
355,1695228600,1.62710309e-05,1.62710347e-05,-0.002134531920000001,-0.0052820712,0.0160317792,0.00321994087,0.00661170475,0.005162733230000001,1.17436462e-06,1.028328235e-05,3.25699304,10.8,1.2276458599999998e-06,1.4111768499999998e-06,8.299919599999999e-07,5.67298794e-07,4.3557150699999994e-07,3.46147318e-07,3.08726988e-07,2.63906104e-07,5.72207157e-07,1.3800376999999998e-07,2.03480702e-06,84.8042415,45.0414053,2.90500245e-10,9.191901699999999,0.00127062044,0.07816997789999999,2.7890341899999996e-06,5.231516440000001e-07,0.0012787795,0.079386649,2.7890341899999996e-06,5.231516440000001e-07,0.0009144482189999999,0.040941260800000004,2.7890341899999996e-06,5.231516440000001e-07,0.00126641106,0.0780199168,2.7890341899999996e-06,5.231516440000001e-07,2.455314803123474
355,1695229200,1.6292124499999996e-05,1.6292125700000002e-05,-0.0189688283,-0.0032017991499999994,0.01596738195,0.0032214241399999995,0.006620486640000001,0.00517094346,1.1744217900000002e-06,1.046419955e-05,3.24125876,11.0,1.21297369e-06,1.4404342400000001e-06,7.960315440000001e-07,5.716417869999999e-07,4.2985256399999993e-07,3.573542090000001e-07,3.03992474e-07,2.6672510699999994e-07,5.75486035e-07,1.40065865e-07,2.0514769600000005e-06,84.87925639999999,45.1828209,2.9004159799999997e-10,9.19396025,0.00126638038,0.07783349129999999,3.57337942e-06,5.67395652e-07,0.0012628335,0.0773063666,3.57337942e-06,5.67395652e-07,0.0009138461850000002,0.04163271649999999,3.57337942e-06,5.67395652e-07,0.0012804924300000003,0.0793293863,3.57337942e-06,5.67395652e-07,2.455373764038086
355,1695229800,1.63340062e-05,1.63340126e-05,-0.007601469000000001,-0.0009956854000000002,0.0162929257,0.00322415926,0.00662737246,0.00517149184,1.15652569e-06,1.0089116249999999e-05,3.33566438,11.1,1.2113776100000003e-06,1.36657894e-06,8.11204218e-07,5.82896194e-07,4.410946459999999e-07,3.5737861100000003e-07,2.9973125999999996e-07,2.6927237500000007e-07,5.76204567e-07,1.4787788299999997e-07,2.10332354e-06,85.30349989999999,46.1560158,2.86436084e-10,9.199901599999999,0.0012678021799999999,0.0780904814,3.15552333e-06,5.29405948e-07,0.0012635328899999998,0.07732371689999999,3.15552333e-06,5.29405948e-07,0.000911874839,0.0408673965,3.15552333e-06,5.29405948e-07,0.0012567506199999997,0.0764666406,3.15552333e-06,5.29405948e-07,2.455361557006836
355,1695230400,1.6431972300000003e-05,1.64319795e-05,-0.00542217736,0.00040976087000000043,0.016209629500000003,0.00323147565,0.006670344819999998,0.00518573397,1.16825929e-06,1.04703382e-05,3.3828671999999997,11.0,1.16858006e-06,1.3923757100000002e-06,7.918395250000001e-07,5.69298553e-07,4.40832089e-07,3.6611583500000003e-07,3.0775369200000004e-07,2.6598780000000003e-07,5.861253640000001e-07,1.58726635e-07,2.1683362299999996e-06,86.0748145,47.2379367,2.8458776900000005e-10,9.206658749999999,0.00126880153,0.07825120999999999,2.80716747e-06,4.89966987e-07,0.00127383592,0.0787982851,2.80716747e-06,4.89966987e-07,0.0008678613580000001,0.0375532911,2.80716747e-06,4.89966987e-07,0.0012449765000000002,0.07619157609999999,2.80716747e-06,4.89966987e-07,2.4553487300872803
355,1695231000,1.62846156e-05,1.6284623000000003e-05,-0.0035438230899999994,0.03415185225,0.0170170627,0.00321546512,0.006615724050000001,0.00515797506,1.2726337e-06,1.1035336899999999e-05,3.3741259400000003,11.7,1.19488055e-06,1.40825075e-06,8.230635400000001e-07,5.774450320000001e-07,4.2914602300000003e-07,3.65980546e-07,3.0203648199999997e-07,2.5970986199999996e-07,5.7919443e-07,1.40131384e-07,2.06241117e-06,84.8005483,45.43299460000001,2.88672661e-10,9.194689050000001,0.0012584273800000001,0.07746059759999999,3.0689123e-06,5.200177439999999e-07,0.00128957177,0.08121707599999999,3.0689123e-06,5.200177439999999e-07,0.0009084820839999998,0.040692731999999995,3.0689123e-06,5.200177439999999e-07,0.0012442806699999999,0.07517311800000001,3.0689123e-06,5.200177439999999e-07,2.4551912784576415
355,1695231600,1.6514227099999997e-05,1.65142321e-05,0.01123748462,0.25448478249999995,0.0191326842,0.00323820243,0.00666979895,0.00519514904,1.4289085e-06,1.35824621e-05,3.45454553,13.5,1.18759928e-06,1.4291854500000002e-06,8.076461710000001e-07,5.756904690000001e-07,4.4142177900000004e-07,3.57988284e-07,3.05449252e-07,2.72151693e-07,6.175758560000001e-07,1.4641506200000002e-07,2.11597156e-06,85.0852635,45.900600499999996,2.9204060600000006e-10,9.1958473,0.0012653902700000001,0.0778027976,2.93636101e-06,5.11913026e-07,0.00129046336,0.08024593840000001,2.93636101e-06,5.11913026e-07,0.0008991274730000001,0.0394218679,2.93636101e-06,5.11913026e-07,0.00126090921,0.0771357673,2.93636101e-06,5.11913026e-07,2.455710744857788
355,1695232200,1.6587343300000002e-05,1.6587352399999998e-05,0.00091615603,-0.015995886719999998,0.0165529826,0.0032509291099999996,0.006698378350000001,0.005220472679999999,1.2131999500000001e-06,1.06722633e-05,3.4527972499999997,12.1,1.21918292e-06,1.4431472100000002e-06,7.88291361e-07,5.64572949e-07,4.27763117e-07,3.6643839000000003e-07,3.16402252e-07,2.57079851e-07,7.217022509999999e-07,1.4172732300000002e-07,2.04735541e-06,84.65445739999998,45.2505821,2.9772160800000003e-10,9.19107575,0.00126676068,0.0779776179,2.8529844600000004e-06,5.10481027e-07,0.0012719294300000002,0.07842250140000001,2.8529844600000004e-06,5.10481027e-07,0.0009153536150000001,0.040729360199999995,2.8529844600000004e-06,5.10481027e-07,0.00127605018,0.07885709399999999,2.8529844600000004e-06,5.10481027e-07,2.4550498962402343
355,1695232800,1.6583686000000004e-05,1.6583691e-05,0.0034575745799999983,-0.004189415180000001,0.016872394000000002,0.0032501412399999997,0.0067040643100000005,0.00523264534,1.1969419300000002e-06,1.112795745e-05,3.3409091600000003,11.8,1.1901659e-06,1.45086634e-06,8.135523389999999e-07,5.670438770000001e-07,4.3832240799999997e-07,3.48905043e-07,3.17740081e-07,2.6139323099999995e-07,7.08680831e-07,1.40929034e-07,2.0542128600000002e-06,84.5782202,45.208679800000006,2.98057238e-10,9.188848349999999,0.00126187724,0.07711345659999999,2.79883431e-06,4.95418006e-07,0.00127409532,0.078787723,2.79883431e-06,4.95418006e-07,0.0009031049960000001,0.039665835600000005,2.79883431e-06,4.95418006e-07,0.00128222125,0.0798127891,2.79883431e-06,4.95418006e-07,2.454994249343872
355,1695233400,1.64569236e-05,1.64569272e-05,-0.005202747975,-0.011306303309999998,0.0162754258,0.0032383934500000004,0.00665511739,0.0052026714900000005,1.20458049e-06,1.08694629e-05,3.3881118900000002,11.2,1.1902681699999998e-06,1.43340556e-06,8.07558035e-07,5.467997900000001e-07,4.467150669999999e-07,3.62286224e-07,2.9818645499999995e-07,2.6059077200000003e-07,6.98397587e-07,1.39678929e-07,2.04453807e-06,84.7759335,45.3874659,2.9461940800000003e-10,9.191829499999999,0.0012577615800000003,0.07633737609999999,3.2418524500000003e-06,5.41572765e-07,0.00128566728,0.0802103485,3.2418524500000003e-06,5.41572765e-07,0.0009138631069999998,0.041079377099999995,3.2418524500000003e-06,5.41572765e-07,0.00124718732,0.0753559684,3.2418524500000003e-06,5.41572765e-07,2.4553334712982178
355,1695234000,1.6537190100000002e-05,1.6537192800000003e-05,0.003200234399999999,-0.02047861327,0.016334308400000004,0.0032455654099999994,0.00672168039,0.00522512755,1.2414704399999998e-06,1.1029554650000002e-05,3.36363638,12.0,1.20319898e-06,1.44662584e-06,7.91912109e-07,5.532987440000001e-07,4.5686703400000003e-07,3.5643822599999995e-07,3.14581952e-07,2.67643894e-07,6.964527409999999e-07,1.3913831500000002e-07,2.0424138000000002e-06,84.6603815,45.1967617,2.97288791e-10,9.189692599999999,0.0012647157800000002,0.07782570750000001,2.8151689500000004e-06,5.133167410000001e-07,0.0012696447999999997,0.07806700700000001,2.8151689500000004e-06,5.133167410000001e-07,0.0008956115539999999,0.039855508100000006,2.8151689500000004e-06,5.133167410000001e-07,0.00127570082,0.079495295,2.8151689500000004e-06,5.133167410000001e-07,2.4552984476089477
355,1695234600,1.62670989e-05,1.6267104e-05,-0.002415260679,0.025341207659999997,0.0179977038,0.0032133544900000005,0.006619277590000002,0.00513360874,1.16493394e-06,1.03882049e-05,3.44055952,10.6,1.1415736e-06,1.37251827e-06,8.07108841e-07,5.663983010000001e-07,4.37825112e-07,3.51721919e-07,3.1199239e-07,2.58136325e-07,6.921749210000001e-07,1.3810793400000003e-07,2.05596296e-06,84.83352040000001,45.79400869999999,2.89317295e-10,9.1948832,0.0012577705300000001,0.0767882664,2.93916175e-06,4.971994059999999e-07,0.0012670775,0.078212897,2.93916175e-06,4.971994059999999e-07,0.000893333511,0.038860923,2.93916175e-06,4.971994059999999e-07,0.0012445143099999996,0.07437252259999999,2.93916175e-06,4.971994059999999e-07,2.4553404808044434
355,1695235200,1.6612980600000003e-05,1.6612988800000002e-05,-0.010583236579999999,-0.009224825400000003,0.0165384796,0.00325406298,0.00668183965,0.005220513480000001,1.18112417e-06,1.038185295e-05,3.53671334,12.1,1.25237322e-06,1.4111542000000002e-06,8.255230640000001e-07,5.655494820000001e-07,4.3847024e-07,3.5515889399999997e-07,2.9908232e-07,2.6110213100000003e-07,6.989305889999999e-07,1.3898033e-07,2.0601481300000003e-06,84.6763865,45.0825049,2.9897733500000006e-10,9.19093335,0.00126412279,0.077813371,3.0521326999999996e-06,5.288593469999999e-07,0.0012847274299999998,0.07971899,3.0521326999999996e-06,5.288593469999999e-07,0.0009159688289999999,0.04130845440000001,3.0521326999999996e-06,5.288593469999999e-07,0.00126456753,0.07867192,3.0521326999999996e-06,5.288593469999999e-07,2.4553341627120973
355,1695235800,1.6513790500000002e-05,1.65137938e-05,-0.0026815186600000008,0.00843947697,0.016821873600000002,0.0032408805300000003,0.0066981739,0.0052011240399999995,1.2056023999999998e-06,1.03081432e-05,3.57342663,11.8,1.2139353100000001e-06,1.3955735699999999e-06,8.0167877e-07,5.80376944e-07,4.3440758599999996e-07,3.67207583e-07,3.0463638599999997e-07,2.6619592600000003e-07,7.10334218e-07,1.3873598299999997e-07,2.04377608e-06,84.70973189999998,45.273546200000006,2.96504432e-10,9.190085,0.0012602960600000001,0.077008831,2.7689918699999996e-06,5.04988685e-07,0.00127616316,0.07919632569999999,2.7689918699999996e-06,5.04988685e-07,0.0009216414190000001,0.0415343606,2.7689918699999996e-06,5.04988685e-07,0.00125030971,0.07609808640000001,2.7689918699999996e-06,5.04988685e-07,2.4552735567092894
355,1695236400,1.64956644e-05,1.64956669e-05,-0.0054380647,-0.0224209473,0.0165173948,0.003242551590000001,0.006693807709999999,0.00521886058,1.08961168e-06,1.0350586499999999e-05,3.30244762,10.9,1.20612414e-06,1.4205545000000001e-06,8.094221819999999e-07,5.53967017e-07,4.4318613900000006e-07,3.5083882799999997e-07,3.0804255999999997e-07,2.65537472e-07,6.94872655e-07,1.37710127e-07,2.0575489499999997e-06,84.76875659999999,45.3149124,2.95650735e-10,9.19197805,0.00125681615,0.07653008600000001,2.75144696e-06,4.90051884e-07,0.0012767171,0.0788064899,2.75144696e-06,4.90051884e-07,0.0008977898239999999,0.0394279888,2.75144696e-06,4.90051884e-07,0.00127865112,0.07960564690000001,2.75144696e-06,4.90051884e-07,2.455310750007629
355,1695237000,1.6591745999999998e-05,1.65917582e-05,-0.006221565900000001,-0.0014805031999999998,0.016672438300000002,0.0032497523099999995,0.006709915289999998,0.00522636126,1.20486402e-06,1.0327036800000001e-05,3.659090999999999,11.4,1.17832794e-06,1.46464194e-06,8.026219e-07,5.78840904e-07,4.4715966299999993e-07,3.63478393e-07,3.1581891e-07,2.6580009899999995e-07,6.92936127e-07,1.3873585000000002e-07,2.0474951399999996e-06,84.501416,45.1245212,2.96836244e-10,9.1924115,0.00127897487,0.07914871810000002,2.89115207e-06,5.033471310000001e-07,0.00128576439,0.0797929834,2.89115207e-06,5.033471310000001e-07,0.0008836522759999999,0.03873803429999999,2.89115207e-06,5.033471310000001e-07,0.00127871105,0.0792154684,2.89115207e-06,5.033471310000001e-07,2.4553199291229246
355,1695237600,1.63799449e-05,1.6379949799999996e-05,-0.0010132227999999992,-0.02223126226,0.0162298852,0.00323335764,0.0066518057600000015,0.0051918089500000006,1.1651308400000001e-06,1.0394365799999999e-05,3.39685318,11.7,1.15938282e-06,1.4058003e-06,7.9479092e-07,5.502122120000001e-07,4.42165175e-07,3.54461263e-07,3.1156926e-07,2.5906642600000006e-07,7.03164061e-07,1.37718947e-07,2.07160954e-06,84.8851945,45.821642999999995,2.9140636e-10,9.193466449999999,0.0012537800900000002,0.0760989616,2.9977559199999997e-06,5.26354984e-07,0.00128389005,0.07986992829999999,2.9977559199999997e-06,5.26354984e-07,0.000892437615,0.0394879603,2.9977559199999997e-06,5.26354984e-07,0.00123372091,0.07395737500000002,2.9977559199999997e-06,5.26354984e-07,2.455295205116272
355,1695238200,1.6531749199999997e-05,1.6531751000000003e-05,0.0030578365387,-0.014076573835,0.016923469599999998,0.0032483723300000002,0.006677901039999999,0.005213708459999999,1.1865681000000001e-06,1.075909795e-05,3.48601405,10.9,1.1747089699999999e-06,1.44876332e-06,8.221848980000001e-07,5.738436270000001e-07,4.4571000399999995e-07,3.50818948e-07,3.06712032e-07,2.56639212e-07,6.922030729999999e-07,1.37033197e-07,2.0572342600000006e-06,84.6380785,45.20151059999999,2.9675495400000004e-10,9.190652,0.00126471048,0.07784379500000001,3.4577960100000003e-06,5.56717672e-07,0.0012950535100000001,0.08081990289999999,3.4577960100000003e-06,5.56717672e-07,0.0008852442910000001,0.0392994128,3.4577960100000003e-06,5.56717672e-07,0.00127265293,0.07776915650000002,3.4577960100000003e-06,5.56717672e-07,2.4552879095077516
355,1695238800,1.6436365400000005e-05,1.64363689e-05,-0.007221525509999998,-0.024414400974,0.01611579805,0.00323777715,0.00665785766,0.005189684259999999,1.1817571300000002e-06,1.0564710800000001e-05,3.4265734799999996,10.7,1.1906883900000001e-06,1.3992925900000001e-06,8.222015230000001e-07,5.545172959999999e-07,4.4296710099999997e-07,3.61134468e-07,3.13582735e-07,2.54658051e-07,6.942251999999999e-07,1.38077618e-07,2.04680901e-06,84.8369806,45.442083399999994,2.9457385000000004e-10,9.1923704,0.0012689679,0.07806800350000001,2.40727335e-06,4.63019639e-07,0.0012735792499999998,0.078937192,2.40727335e-06,4.63019639e-07,0.0009067023810000001,0.03968438680000001,2.40727335e-06,4.63019639e-07,0.00125730648,0.0768065359,2.40727335e-06,4.63019639e-07,2.455304574966431
355,1695239400,1.6408432500000003e-05,1.64084417e-05,-0.0005770982800000001,0.0030606371000000015,0.016886855800000003,0.0032318175,0.006674517150000001,0.00520593303,1.1867782100000002e-06,1.01816151e-05,3.2744755600000004,10.4,1.1789561599999999e-06,1.427682e-06,8.11306277e-07,5.617030670000001e-07,4.3495441799999995e-07,3.59495624e-07,3.0769933800000007e-07,2.58027785e-07,6.9103024e-07,1.3822549900000002e-07,2.0350953e-06,84.7480351,45.2703641,2.94283407e-10,9.191475700000002,0.00125997316,0.07725506260000001,2.9113317200000003e-06,5.16096269e-07,0.00127150579,0.0783967924,2.9113317200000003e-06,5.16096269e-07,0.000895873906,0.0395373671,2.9113317200000003e-06,5.16096269e-07,0.0012691971,0.07813307490000002,2.9113317200000003e-06,5.16096269e-07,2.455373477935791
355,1695240000,1.6489893100000002e-05,1.64899011e-05,0.00671917585,0.01011139731,0.0167744217,0.0032379401599999997,0.006685103939999999,0.00520723007,1.20594812e-06,1.091481575e-05,3.3776224400000006,12.3,1.1701090699999997e-06,1.4281792999999998e-06,8.39069949e-07,5.707773680000001e-07,4.3779249899999996e-07,3.5798070699999995e-07,3.01163117e-07,2.58415599e-07,6.865696550000001e-07,1.39782877e-07,2.05507856e-06,84.69799680000001,45.3261776,2.95135945e-10,9.1920747,0.00126691881,0.0781617828,3.02725065e-06,5.0352712e-07,0.001288568,0.0804277409,3.02725065e-06,5.0352712e-07,0.0009036324220000001,0.03995506410000001,3.02725065e-06,5.0352712e-07,0.00125595805,0.076756617,3.02725065e-06,5.0352712e-07,2.455255055427551
355,1695240600,1.6506380899999998e-05,1.6506383999999998e-05,-0.0008755852400000007,-0.012724821729999999,0.016315161699999997,0.0032438641000000004,0.006675721379999999,0.005198716779999999,1.1968808200000002e-06,1.06036771e-05,3.29370634,11.0,1.169081986e-06,1.46341099e-06,7.848251709999999e-07,5.704149780000001e-07,4.47912221e-07,3.5608167300000003e-07,3.12812842e-07,2.6216924799999994e-07,6.956668339999999e-07,1.3975071500000002e-07,2.0510301299999997e-06,84.83887849999999,45.4195709,2.95289216e-10,9.19286775,0.00126415046,0.0775545452,2.79994948e-06,5.020602830000001e-07,0.0012719582399999998,0.0785622941,2.79994948e-06,5.020602830000001e-07,0.0008882450280000001,0.0390092244,2.79994948e-06,5.020602830000001e-07,0.00128471412,0.0802175387,2.79994948e-06,5.020602830000001e-07,2.4553282260894775
355,1695241200,1.6544269999999998e-05,1.65442735e-05,0.00533713708,0.13596839784999998,0.019057167399999998,0.00323941774,0.00664855271,0.005192480940000001,1.72859911e-06,1.740269645e-05,3.47202804,20.0,1.29002348e-06,1.39161826e-06,8.042477550000001e-07,5.45241007e-07,4.33720882e-07,3.6342003e-07,3.05439354e-07,2.63999305e-07,6.901764669999999e-07,1.36699578e-07,2.0475346599999994e-06,84.6731685,45.0174497,2.98322463e-10,9.1882576,0.00126079597,0.07686802649999999,4.338566119999999e-06,6.399622e-07,0.0012591025399999998,0.0778548836,4.338566119999999e-06,6.399622e-07,0.000891213944,0.0404729416,4.338566119999999e-06,6.399622e-07,0.00127700073,0.081168199,4.338566119999999e-06,6.399622e-07,2.455285882949829
355,1695241800,1.66073748e-05,1.6607379299999997e-05,0.0038864287399999996,0.1769595779,0.0180486339,0.00324944998,0.006683563719999999,0.00520502201,1.46888187e-06,1.3525628450000002e-05,3.4178322700000003,13.1,1.19790802e-06,1.4873620399999999e-06,7.88748456e-07,5.775438279999999e-07,4.2999542999999995e-07,3.5782557200000005e-07,3.11627486e-07,2.64289479e-07,6.84413665e-07,1.42073336e-07,2.06184761e-06,84.8269471,45.276627500000004,2.97929265e-10,9.191311099999998,0.00126418899,0.0771279737,2.9089103400000005e-06,5.09559237e-07,0.00126890463,0.0785300061,2.9089103400000005e-06,5.09559237e-07,0.0008776924890000001,0.0382348494,2.9089103400000005e-06,5.09559237e-07,0.00128118944,0.08314827660000002,2.9089103400000005e-06,5.09559237e-07,2.455279994010925
355,1695242400,1.66533253e-05,1.66533257e-05,-0.01061635054,0.08528807414000002,0.018061618150000004,0.0032516406199999993,0.0067001785800000005,0.00522227748,1.6054735700000002e-06,1.5718550349999996e-05,3.59615389,16.1,1.2090642600000002e-06,1.44486109e-06,8.27572954e-07,5.572334300000001e-07,4.5025451900000003e-07,3.5229233699999994e-07,3.11170278e-07,2.64967761e-07,6.98070401e-07,1.39599344e-07,2.0715032e-06,84.7772412,45.2715447,2.9881384600000004e-10,9.189727200000002,0.00126044776,0.07727752749999998,4.795748890000001e-06,6.51748579e-07,0.0012833521700000002,0.08006748049999998,4.795748890000001e-06,6.51748579e-07,0.0008950363860000001,0.040919172399999995,4.795748890000001e-06,6.51748579e-07,0.00126525704,0.078781974,4.795748890000001e-06,6.51748579e-07,2.455297589302063
355,1695243000,1.6760762199999996e-05,1.67607713e-05,-0.0005324791000000006,0.28162825356,0.018041882399999997,0.00326118864,0.00669523026,0.005220124540000001,1.84622169e-06,1.8202313e-05,3.7657343400000003,16.6,1.28949618e-06,1.4320494099999999e-06,8.236034699999999e-07,5.671887760000001e-07,4.296329500000001e-07,3.6411834900000005e-07,3.0775062700000004e-07,2.6280613399999996e-07,6.97699932e-07,1.42859651e-07,2.06316157e-06,84.67194709999998,45.0194502,3.0198489699999995e-10,9.19041445,0.0012669275500000001,0.0778579178,3.37637203e-06,5.8885302e-07,0.00128882014,0.0811643863,3.37637203e-06,5.8885302e-07,0.000922037712,0.0429218567,3.37637203e-06,5.8885302e-07,0.00126925654,0.08020686760000001,3.37637203e-06,5.8885302e-07,2.4552633285522463
355,1695243600,1.6771575e-05,1.6771578899999998e-05,-0.0011655788400000001,0.33759964723,0.0178997394,0.0032550685000000005,0.006694246300000001,0.005220604219999999,2.1362236899999997e-06,2.078766995e-05,3.4300700399999995,16.8,1.3209701000000003e-06,1.44510548e-06,8.130812540000001e-07,5.50941147e-07,4.34529001e-07,3.6516049e-07,2.9820244600000004e-07,2.69739669e-07,6.968882069999999e-07,1.3730726800000002e-07,2.05383078e-06,84.6133485,44.8442387,3.0325841999999994e-10,9.188820849999999,0.0012574004,0.076889146,7.57885983e-06,9.19286293e-07,0.00128418068,0.0805995464,7.57885983e-06,9.19286293e-07,0.000924889691,0.0451554705,7.57885983e-06,9.19286293e-07,0.00126628144,0.07975882679999999,7.57885983e-06,9.19286293e-07,2.4553101778030397
355,1695244200,1.69484279e-05,1.69484306e-05,0.008632566009999999,0.6409330065300001,0.020427081199999995,0.00326515577,0.00670689371,0.00522506866,2.1465189700000005e-06,2.11983738e-05,3.6835664799999996,21.9,1.27707696e-06,1.5452605700000004e-06,8.19288209e-07,5.6179916e-07,4.387931659999999e-07,3.6529647000000003e-07,3.07956585e-07,2.56635406e-07,7.04460366e-07,1.42359892e-07,2.05526725e-06,84.3814949,44.530740300000005,3.07903504e-10,9.185611050000002,0.0012705676100000002,0.07844987299999999,3.6711210299999997e-06,6.012507260000001e-07,0.00129612223,0.0826836694,3.6711210299999997e-06,6.012507260000001e-07,0.000913124353,0.041858850999999996,3.6711210299999997e-06,6.012507260000001e-07,0.00127973541,0.083097945,3.6711210299999997e-06,6.012507260000001e-07,2.4553274631500246
355,1695244800,1.84552634e-05,1.8455266899999997e-05,0.1463584785,2.7654356963,0.029005720799999996,0.00332641814,0.006787625530000001,0.005268808370000001,6.1403994799999995e-06,6.341909299999999e-05,4.63461545,56.3,1.4477927700000002e-06,1.8708690799999998e-06,9.368925269999998e-07,6.20476901e-07,4.7162756400000005e-07,3.78920327e-07,3.11971678e-07,2.7456460800000003e-07,7.17834338e-07,1.39774893e-07,2.0568738499999995e-06,82.95422479999999,41.9974785,3.48287161e-10,9.1688109,0.0012943120000000002,0.0832316488,7.5251225e-06,8.83140166e-07,0.00132433826,0.09395854099999999,7.5251225e-06,8.83140166e-07,0.000903716991,0.043222706599999994,7.5251225e-06,8.83140166e-07,0.00133373093,0.10679571439999999,7.5251225e-06,8.83140166e-07,2.4554024934768677
355,1695245400,1.65640266e-05,1.65640309e-05,-0.0023409662599999997,0.018042737834,0.0157821349,0.00324764329,0.00669024456,0.00520484298,1.34757379e-06,1.29357537e-05,3.5681818300000003,11.4,1.18269591e-06,1.43013261e-06,7.9256241e-07,5.769508700000001e-07,4.41664908e-07,3.51554341e-07,3.05984958e-07,2.5040962300000004e-07,7.10191701e-07,1.43180781e-07,2.0966591600000003e-06,85.2605374,46.0510964,2.94425615e-10,9.1964692,0.0012664721,0.077508645,3.36481287e-06,5.382429080000001e-07,0.00128051789,0.07951361780000002,3.36481287e-06,5.382429080000001e-07,0.0008880459579999999,0.03937237880000001,3.36481287e-06,5.382429080000001e-07,0.00125595032,0.07651612239999998,3.36481287e-06,5.382429080000001e-07,2.4551878213882445
355,1695246000,1.67451618e-05,1.6745163499999997e-05,-0.044606319293000005,0.926255673807,0.0189899764,0.0032490573599999995,0.00669906624,0.005211382059999999,2.2071841e-06,2.28465471e-05,3.5891609100000004,14.3,1.22501758e-06,1.500727e-06,8.08537174e-07,5.656146610000001e-07,4.5111727699999995e-07,3.61620847e-07,2.98375986e-07,2.56311149e-07,7.04989342e-07,1.3857297199999998e-07,2.0616763e-06,84.62037649999999,44.9612671,3.0206180499999996e-10,9.188424900000001,0.00126918029,0.0778121135,3.1936696e-06,5.1902186e-07,0.0012796755300000001,0.0830385916,3.1936696e-06,5.1902186e-07,0.0009048371900000001,0.039941355000000005,3.1936696e-06,5.1902186e-07,0.00127875557,0.0799301917,3.1936696e-06,5.1902186e-07,2.455210280418396
355,1695246600,1.6572624299999998e-05,1.6572627899999996e-05,-0.005820397420000001,-0.00149855847,0.0159515743,0.00324741588,0.00669739959,0.005213802790000001,1.1928527900000001e-06,1.12598433e-05,3.53846161,12.2,1.2021037999999997e-06,1.4220077900000002e-06,8.157402810000001e-07,5.50374511e-07,4.3943068099999994e-07,3.53160457e-07,3.0822111e-07,2.6270181599999996e-07,7.30892368e-07,1.38887135e-07,2.06278647e-06,84.71869899999999,45.422383,2.9753313000000004e-10,9.191602499999998,0.00125408385,0.07632935240000001,3.7284478399999996e-06,5.93017168e-07,0.0012873573799999998,0.0797306301,3.7284478399999996e-06,5.93017168e-07,0.0008812442949999999,0.039727624700000005,3.7284478399999996e-06,5.93017168e-07,0.0012649525,0.07828751839999999,3.7284478399999996e-06,5.93017168e-07,2.4553767442703247
355,1695247200,1.6405103199999998e-05,1.64051089e-05,-0.004425550445,-0.019110468752999998,0.016526253999999997,0.00323287668,0.00665709316,0.005197343239999999,1.14286222e-06,1.045475005e-05,3.4283216900000006,10.7,1.20316707e-06,1.3620723299999998e-06,8.075583180000001e-07,5.538148069999999e-07,4.4329801599999996e-07,3.46224117e-07,3.10603352e-07,2.66994045e-07,7.04949905e-07,1.3857516300000002e-07,2.06526272e-06,84.8903722,45.7467199,2.92319285e-10,9.1947597,0.0012527401399999999,0.0760136186,2.61941701e-06,5.08751757e-07,0.00126998771,0.07858096360000001,2.61941701e-06,5.08751757e-07,0.0009061449419999999,0.0402290111,2.61941701e-06,5.08751757e-07,0.0012545167499999998,0.0757295041,2.61941701e-06,5.08751757e-07,2.4553408861160277
355,1695247800,1.6675579200000003e-05,1.66755825e-05,-0.0058244382499999985,-0.022056422149999998,0.01605979,0.00325998724,0.00671536834,0.00524440728,1.22399913e-06,1.1020979749999998e-05,3.54370637,11.2,1.23650234e-06,1.4583674700000002e-06,8.010794700000001e-07,5.759070229999999e-07,4.2731219e-07,3.5997029099999996e-07,3.0991927299999997e-07,2.5857957299999996e-07,7.056005189999999e-07,1.3938990999999997e-07,2.0651376600000006e-06,84.670534,45.1450775,2.9955701500000004e-10,9.1912326,0.0012666527,0.07761325459999999,2.73246381e-06,5.22210701e-07,0.0012892020600000001,0.0802754198,2.73246381e-06,5.22210701e-07,0.00090512722,0.0407154496,2.73246381e-06,5.22210701e-07,0.00128279325,0.08008014559999999,2.73246381e-06,5.22210701e-07,2.455366063117981
355,1695248400,1.7312594e-05,1.7312597800000002e-05,-0.0472875176986,1.6177650404000001,0.019966032599999996,0.0032751653500000004,0.00674495678,0.00523957255,3.3903231000000003e-06,3.3112739100000004e-05,3.69230772,21.0,1.46241671e-06,1.52277227e-06,8.22290461e-07,5.752262230000001e-07,4.50059525e-07,3.5674881000000004e-07,2.9747784199999994e-07,2.71457839e-07,7.072364190000001e-07,1.40369612e-07,2.05018984e-06,84.106741,43.8436649,3.19305276e-10,9.181549949999999,0.0012687250300000002,0.078341563,1.1773069300000001e-05,1.3221381979999999e-06,0.00127622341,0.0802948947,1.1773069300000001e-05,1.3221381979999999e-06,0.000954237632,0.050594678299999994,1.1773069300000001e-05,1.3221381979999999e-06,0.00129808095,0.0878925367,1.1773069300000001e-05,1.3221381979999999e-06,2.4552720308303835
355,1695249000,1.83141745e-05,1.83141796e-05,0.18856194469999996,4.73717213832,0.02466167525,0.0032878930700000002,0.0067132088,0.0052409508499999995,5.7271670599999995e-06,5.46315765e-05,3.8811189000000006,25.3,1.4916587e-06,1.84316957e-06,9.06027191e-07,6.11400128e-07,4.5493434e-07,3.60955879e-07,3.03263974e-07,2.7015579099999996e-07,7.16540951e-07,1.37138642e-07,2.0617859500000004e-06,83.7037976,43.564894,3.4737708e-10,9.175372249999999,0.00127812936,0.0825057465,5.29267929e-06,7.44937442e-07,0.0012875921,0.08363535600000001,5.29267929e-06,7.44937442e-07,0.000908351571,0.042930648700000004,5.29267929e-06,7.44937442e-07,0.0013045619400000002,0.11564335939999999,5.29267929e-06,7.44937442e-07,2.4553219079971313
355,1695249600,1.8621469299999998e-05,1.86214734e-05,0.00059738217,5.09048822496,0.0248282065,0.00328975217,0.0066963586399999995,0.005213760600000001,7.62903654e-06,7.098784115e-05,3.85139865,31.4,1.5210377300000002e-06,1.9945763099999998e-06,9.148010389999999e-07,5.800771699999999e-07,4.6157286800000005e-07,3.66769495e-07,2.9766897e-07,2.67043697e-07,7.154139870000001e-07,1.3660172100000001e-07,2.0551586599999998e-06,83.3498104,43.1416221,3.56835112e-10,9.169965999999999,0.00126444021,0.08099215079999998,7.15702944e-06,9.472294859999999e-07,0.0012979977100000002,0.09756772100000001,7.15702944e-06,9.472294859999999e-07,0.0009258913229999999,0.0462001814,7.15702944e-06,9.472294859999999e-07,0.00129416922,0.10931218300000001,7.15702944e-06,9.472294859999999e-07,2.4552804470062255
355,1695250200,1.6710459000000003e-05,1.67104666e-05,0.021880937558,0.016573329399999996,0.016830186599999998,0.0032589198,0.006751159939999999,0.00524803589,1.2278118799999998e-06,1.082783675e-05,3.52447556,13.7,1.20783932e-06,1.45096504e-06,8.18765468e-07,5.63616472e-07,4.47095707e-07,3.64958766e-07,3.0781307500000004e-07,2.71929208e-07,7.083783609999999e-07,1.40298467e-07,2.07351529e-06,84.6846595,45.2603018,2.9965776000000003e-10,9.19153725,0.0012746125499999998,0.07891478299999999,2.44634561e-06,4.6654320899999994e-07,0.0012826849199999999,0.080039082,2.44634561e-06,4.6654320899999994e-07,0.000891970821,0.0389253258,2.44634561e-06,4.6654320899999994e-07,0.00128685932,0.08020714109999999,2.44634561e-06,4.6654320899999994e-07,2.455299496650696
355,1695250800,1.66022754e-05,1.66022789e-05,-0.00106445727,-0.0010026339000000022,0.01682330385,0.00324951905,0.006692814510000001,0.0052240744000000006,1.2134145e-06,1.054052425e-05,3.49300705,12.2,1.2152627500000002e-06,1.4253364300000002e-06,7.947224999999999e-07,5.88207129e-07,4.3808005000000004e-07,3.5417852700000007e-07,3.07383435e-07,2.6013205500000003e-07,7.128361030000001e-07,1.38770883e-07,2.06621748e-06,84.80186599999999,45.3675211,2.9747100799999997e-10,9.1913633,0.0012673050999999999,0.07815160210000001,2.8666363999999997e-06,5.02812375e-07,0.00127386956,0.078452335,2.8666363999999997e-06,5.02812375e-07,0.000883145357,0.038685488700000006,2.8666363999999997e-06,5.02812375e-07,0.0012910542700000003,0.08141723,2.8666363999999997e-06,5.02812375e-07,2.4552871942520142
355,1695251400,1.63905648e-05,1.6390568400000004e-05,-0.005367959699999999,-0.0174089078,0.0160604512,0.00323241736,0.006640187650000001,0.00519158001,1.1300409299999998e-06,1.03830168e-05,3.3531469,11.6,1.1472783900000002e-06,1.3999903e-06,7.898950310000001e-07,5.557242879999999e-07,4.41859013e-07,3.4666448099999996e-07,3.19616905e-07,2.6401013599999996e-07,7.029560289999999e-07,1.45605007e-07,2.08166086e-06,85.34657570000002,46.3123152,2.89843274e-10,9.19790115,0.00125832261,0.0770303885,2.9459683500000004e-06,5.22285986e-07,0.00127776845,0.0787960565,2.9459683500000004e-06,5.22285986e-07,0.000896301949,0.040020120799999996,2.9459683500000004e-06,5.22285986e-07,0.00122087859,0.072329696,2.9459683500000004e-06,5.22285986e-07,2.4553319454193114
355,1695252000,2.0194120800000005e-05,2.0194125799999998e-05,0.0470520433,9.1363573573,0.031377373949999995,0.00331813829,0.006742306500000001,0.0052282056,1.2878787630000001e-05,0.00013481197255,4.066433630000001,33.5,1.5575349199999997e-06,2.31459868e-06,1.155008051e-06,7.057289290000001e-07,4.6518643800000005e-07,3.8045024400000003e-07,3.13654401e-07,2.6583976899999996e-07,7.056125750000001e-07,1.42393874e-07,2.09101521e-06,82.64758609999998,42.0832305,3.97444041e-10,9.1585715,0.0012802941600000002,0.08648847579999999,1.604250748e-05,1.82448367e-06,0.00132985394,0.1219899629,1.604250748e-05,1.82448367e-06,0.0009300327070000001,0.052948848400000005,1.604250748e-05,1.82448367e-06,0.0012887097,0.1146349104,1.604250748e-05,1.82448367e-06,2.4552222967147825
355,1695252600,1.8784198099999995e-05,1.87842037e-05,-0.1331853975,7.61069926526,0.025926293950000002,0.00328295471,0.00669892962,0.00520344853,8.46874174e-06,8.114391059999999e-05,3.95979028,40.5,1.5652901e-06,2.05179406e-06,8.4753605e-07,6.41504859e-07,4.49791533e-07,3.72855847e-07,3.13183109e-07,2.59773233e-07,6.957799440000001e-07,1.3937235200000002e-07,2.0551969899999997e-06,83.349682,42.592439,3.6062310300000003e-10,9.1698284,0.0012762120899999997,0.0830879964,2.4903759139999996e-05,2.5667226740000002e-06,0.00129739314,0.1000573817,2.4903759139999996e-05,2.5667226740000002e-06,0.0009142492970000001,0.05495285639999999,2.4903759139999996e-05,2.5667226740000002e-06,0.0012782652,0.1016310952,2.4903759139999996e-05,2.5667226740000002e-06,2.4553192138671873
355,1695253200,2.00300062e-05,2.0030012e-05,-0.41656898884000004,5.8930668187999995,0.023714652200000002,0.0033482669299999997,0.006797491210000001,0.005265186629999999,8.04426825e-06,6.66850561e-05,4.54895106,33.5,1.9262539e-06,2.3652645600000002e-06,8.64145645e-07,5.85716425e-07,4.58537963e-07,3.53912743e-07,3.02168903e-07,2.58583651e-07,7.0543994e-07,1.3831078e-07,2.0566187300000003e-06,82.35126149999999,40.401041400000004,3.99198528e-10,9.1525399,0.00127240134,0.07943717850000001,2.5507562689999997e-05,2.912641615e-06,0.00130780591,0.0966045831,2.5507562689999997e-05,2.912641615e-06,0.00096694637,0.0685241704,2.5507562689999997e-05,2.912641615e-06,0.00136879713,0.13108882380000003,2.5507562689999997e-05,2.912641615e-06,2.455368757247925
355,1695253800,1.82100774e-05,1.8210081199999998e-05,-0.06274181296,2.75974152323,0.0226192435,0.00328221269,0.006714551839999999,0.00518817797,6.177923609999999e-06,5.847217655000001e-05,4.13986012,26.3,1.4805243e-06,1.76212037e-06,1.000745575e-06,5.96303859e-07,4.60143978e-07,3.5586910599999996e-07,3.10690081e-07,2.7663938499999996e-07,6.370910679999999e-07,1.38387693e-07,2.0865152399999996e-06,83.6174179,43.193068800000006,3.41911009e-10,9.17426395,0.00127188437,0.0817001405,1.3030801330000001e-05,1.5469155079999999e-06,0.00130655033,0.09665608170000001,1.3030801330000001e-05,1.5469155079999999e-06,0.000925088724,0.0527956125,1.3030801330000001e-05,1.5469155079999999e-06,0.00128577411,0.0923716923,1.3030801330000001e-05,1.5469155079999999e-06,2.455255126953125
355,1695254400,1.68580654e-05,1.68580683e-05,-0.03707577697999999,0.60165581847,0.018214912000000003,0.00325326596,0.006690505120000001,0.00521206179,2.00654399e-06,1.78051473e-05,3.6171329299999995,24.0,1.2255927600000002e-06,1.62151359e-06,8.420523589999999e-07,5.7249062e-07,4.3878377099999993e-07,3.66214006e-07,2.9338482700000004e-07,2.7534394500000005e-07,5.90811053e-07,1.35866684e-07,2.06693115e-06,84.2335395,44.3321755,3.04873026e-10,9.18597835,0.0012729980600000002,0.078659532,5.30954627e-06,7.1924405e-07,0.0013025379600000002,0.08604408,5.30954627e-06,7.1924405e-07,0.0008953253580000001,0.0410947813,5.30954627e-06,7.1924405e-07,0.0012898017,0.08416486989999998,5.30954627e-06,7.1924405e-07,2.4553327322006226
355,1695255000,1.6627927900000002e-05,1.66279318e-05,-0.007517636205,0.070653417,0.017326798299999994,0.0032483492599999996,0.0066963909,0.00521391949,1.3756595699999999e-06,1.1588689349999999e-05,3.6748252300000006,15.8,1.25582543e-06,1.4677523799999998e-06,8.4472949e-07,5.56050824e-07,4.32963621e-07,3.60105557e-07,3.05312692e-07,2.5978478500000006e-07,5.92060117e-07,1.4083494199999998e-07,2.09848297e-06,84.5950403,44.9925354,2.96916975e-10,9.191879400000001,0.00125805429,0.07705479829999999,3.49639193e-06,5.954512890000001e-07,0.0013039643800000001,0.08292236839999999,3.49639193e-06,5.954512890000001e-07,0.0009273598030000001,0.042830995799999994,3.49639193e-06,5.954512890000001e-07,0.0012647671400000003,0.07869437790000001,3.49639193e-06,5.954512890000001e-07,2.4553028345108032
355,1695255600,1.6299537899999998e-05,1.6299540999999997e-05,-0.003916657559999999,0.0025795832999999987,0.016508931299999998,0.00322097763,0.006637726950000001,0.00517118975,1.19196989e-06,1.0518218849999998e-05,3.26748256,11.6,1.2064372300000002e-06,1.4052591500000002e-06,8.18137539e-07,5.48252319e-07,4.3739707e-07,3.57103798e-07,3.114559e-07,2.71429001e-07,5.893192879999999e-07,1.39218315e-07,2.06574735e-06,84.897894,45.4920726,2.88748104e-10,9.1953744,0.0012596872499999999,0.07697980709999999,3.5033772500000005e-06,5.433875350000001e-07,0.00127364098,0.078822199,3.5033772500000005e-06,5.433875350000001e-07,0.000893386061,0.0398713835,3.5033772500000005e-06,5.433875350000001e-07,0.0012683672799999998,0.0777885845,3.5033772500000005e-06,5.433875350000001e-07,2.455321931838989
355,1695256200,1.61420636e-05,1.6142069400000004e-05,-0.0014030460782080002,0.008722102999999998,0.0167790398,0.00320346873,0.0065966034100000005,0.0051530753,1.2095025e-06,1.066954485e-05,3.28496509,11.6,1.1860456099999998e-06,1.3671759800000001e-06,8.20274144e-07,5.589689800000001e-07,4.33739808e-07,3.6194125000000006e-07,3.0526362100000003e-07,2.63107491e-07,5.87116169e-07,1.3851843e-07,2.04887038e-06,84.95803819999999,45.6066709,2.8513806700000006e-10,9.196604699999998,0.00125572935,0.07684065479999999,3.3599566199999998e-06,5.13366753e-07,0.00127022396,0.0789327531,3.3599566199999998e-06,5.13366753e-07,0.0008978644379999999,0.0392279745,3.3599566199999998e-06,5.13366753e-07,0.0012443565700000002,0.0753946115,3.3599566199999998e-06,5.13366753e-07,2.455276370048523
355,1695256800,1.64494601e-05,1.64494638e-05,-0.006581431960000002,0.01198636925,0.016829956200000003,0.0032347564599999996,0.00666634548,0.00518512545,1.17607474e-06,1.03730518e-05,3.3968532100000006,12.0,1.1621810700000002e-06,1.39652393e-06,8.163089629999999e-07,5.73901888e-07,4.378664710000001e-07,3.6316286899999996e-07,3.0442102500000003e-07,2.58523651e-07,6.2860746e-07,1.3910724300000004e-07,2.1441157299999996e-06,84.95139300000001,46.0987088,2.9133391e-10,9.193552649999999,0.00126850429,0.0778294344,2.5029350699999997e-06,4.6620004199999997e-07,0.0012769629800000002,0.0794737995,2.5029350699999997e-06,4.6620004199999997e-07,0.000877466723,0.0379559688,2.5029350699999997e-06,4.6620004199999997e-07,0.00126174885,0.0766783501,2.5029350699999997e-06,4.6620004199999997e-07,2.4553167819976807
355,1695257400,1.69771388e-05,1.69771413e-05,0.0030326891599999997,0.01216276789,0.017330257400000004,0.00328503504,0.006785280790000001,0.00529026929,1.27419025e-06,1.06896147e-05,3.67832174,12.8,1.21228335e-06,1.39803135e-06,8.00662578e-07,5.77650292e-07,4.4339662800000006e-07,3.9760040200000004e-07,3.0197052500000005e-07,2.6172822599999997e-07,7.169952180000001e-07,1.4217617600000002e-07,2.2359908e-06,84.64918000000002,46.2864455,3.0109448900000004e-10,9.191097249999999,0.00128601851,0.0800693714,2.99869642e-06,5.432006230000001e-07,0.0012712101900000002,0.07872196410000001,2.99869642e-06,5.432006230000001e-07,0.0009135959210000001,0.0412488691,2.99869642e-06,5.432006230000001e-07,0.00124923377,0.07569718959999999,2.99869642e-06,5.432006230000001e-07,2.4552669286727906
355,1695258000,1.69077703e-05,1.6907772300000003e-05,-0.015261470549999998,0.008857794239999998,0.017007315500000002,0.0032805759,0.00674401258,0.0052697998699999995,1.28543273e-06,1.2252101749999999e-05,3.6468532499999995,15.7,1.15194e-06,1.41113805e-06,8.11175022e-07,5.59355767e-07,4.37435199e-07,4.0266402700000003e-07,3.20203605e-07,2.62616366e-07,7.08973815e-07,1.44250048e-07,2.24410039e-06,84.7339254,46.627248599999994,3.00138347e-10,9.189966799999999,0.00128182567,0.0795945845,3.07463652e-06,5.2489365e-07,0.00127455716,0.07874075650000001,3.07463652e-06,5.2489365e-07,0.000886260651,0.0391111299,3.07463652e-06,5.2489365e-07,0.0012485632199999998,0.07519602959999999,3.07463652e-06,5.2489365e-07,2.4553446531295777
355,1695258600,1.72347085e-05,1.7234712899999997e-05,-0.007987546177,0.00806283974,0.0169599832,0.00331049004,0.00684142616,0.0053233421199999995,1.2997819e-06,1.2441317e-05,4.0384616,14.7,1.18487942e-06,1.4038824e-06,8.041807850000001e-07,5.82705971e-07,4.39481144e-07,4.346274349999999e-07,3.18076006e-07,2.7084885e-07,7.152223859999999e-07,1.4454750700000002e-07,2.31888499e-06,84.95071659999999,47.00184699999999,3.05279899e-10,9.1928102,0.0012947756500000002,0.08177920740000001,3.1919047e-06,4.960812419999999e-07,0.00126622991,0.0776367743,3.1919047e-06,4.960812419999999e-07,0.000897063765,0.039177354600000006,3.1919047e-06,4.960812419999999e-07,0.00127587354,0.0791812344,3.1919047e-06,4.960812419999999e-07,2.4553258419036865
355,1695259200,1.71393887e-05,1.7139392400000002e-05,-0.0031902947199999995,0.03817427464999999,0.0179419944,0.00329969269,0.00678246369,0.00529179835,1.2337749100000002e-06,1.1494701600000001e-05,4.05769234,13.0,1.16946024e-06,1.4204458899999998e-06,8.323981960000002e-07,5.615210579999999e-07,4.2741601300000004e-07,3.9281801899999995e-07,3.02985987e-07,2.68479472e-07,7.21553335e-07,1.5070983799999997e-07,2.32186344e-06,85.4929386,47.4141231,3.00939369e-10,9.197791800000001,0.0012676035000000001,0.0779957418,3.0898523e-06,5.14748385e-07,0.00127813521,0.07975972910000001,3.0898523e-06,5.14748385e-07,0.000916040689,0.040916010600000004,3.0898523e-06,5.14748385e-07,0.00125591352,0.0763288465,3.0898523e-06,5.14748385e-07,2.4552324533462526
355,1695259800,1.8986222499999996e-05,1.8986226299999997e-05,-0.0012410348700000004,1.49606198121,0.0212811567,0.00336519619,0.00687923539,0.0053517996,4.72167252e-06,3.340592455e-05,4.746503509999999,30.0,1.43221772e-06,1.93549832e-06,9.188574559999999e-07,6.001916829999999e-07,4.6915838599999997e-07,4.0336664799999996e-07,3.20311346e-07,2.79796326e-07,7.081783339999999e-07,1.44636838e-07,2.2808648599999996e-06,83.74245499999999,44.6812049,3.57601643e-10,9.1733056,0.0012981041900000001,0.08313591420000001,8.699317139999999e-06,1.1175300789999998e-06,0.00130944657,0.09757623189999999,8.699317139999999e-06,1.1175300789999998e-06,0.0009244092930000001,0.0477848325,8.699317139999999e-06,1.1175300789999998e-06,0.00130559685,0.10029946199999999,8.699317139999999e-06,1.1175300789999998e-06,2.4555651426315306
355,1695260400,1.7455620900000002e-05,1.7455624499999996e-05,-0.02735477276,0.41351381314999996,0.0190547402,0.0033148896599999996,0.006835999400000001,0.00531813471,2.0573553800000003e-06,2.0170961e-05,4.1206293700000005,21.4,1.2774159199999998e-06,1.4399928799999998e-06,8.197964730000001e-07,5.82438411e-07,4.52134353e-07,4.094651529999999e-07,3.1469933799999996e-07,2.77805653e-07,6.988231009999999e-07,1.43371127e-07,2.3118375300000004e-06,84.7020222,46.3629361,3.1222139400000005e-10,9.188754300000001,0.00128953345,0.0812391602,5.62040046e-06,7.499928040000001e-07,0.00128412546,0.0811091465,5.62040046e-06,7.499928040000001e-07,0.000889589908,0.0408823809,5.62040046e-06,7.499928040000001e-07,0.0012745360699999999,0.0819254184,5.62040046e-06,7.499928040000001e-07,2.455201840400696
355,1695261000,1.6526482800000002e-05,1.6526489599999998e-05,-0.005791658459999998,0.0833354512164,0.018557626200000003,0.0032420574600000003,0.00668029402,0.005216790319999999,1.2754561599999997e-06,1.1699965300000002e-05,3.55769231,11.7,1.18369358e-06,1.4157061999999999e-06,8.358641770000001e-07,5.59908126e-07,4.53580335e-07,3.69711413e-07,3.01849521e-07,2.6379562500000003e-07,5.836490810000001e-07,1.45239661e-07,2.15020269e-06,85.5574622,46.3420224,2.89986501e-10,9.2008123,0.00127448851,0.07877165259999999,2.75982639e-06,5.121416570000001e-07,0.00127069102,0.07910404210000001,2.75982639e-06,5.121416570000001e-07,0.0008932269139999999,0.0395558915,2.75982639e-06,5.121416570000001e-07,0.00126550487,0.0778498861,2.75982639e-06,5.121416570000001e-07,2.45539014339447
355,1695261600,1.6374105899999998e-05,1.63741137e-05,-0.009762234303,-0.007594998838399999,0.016885207699999998,0.0032318223800000003,0.006634576789999999,0.00517407134,1.16958711e-06,1.108355815e-05,3.2849651100000004,10.1,1.22052781e-06,1.3971892999999999e-06,8.0044377e-07,5.645267919999999e-07,4.2824333100000004e-07,3.54970468e-07,3.26218649e-07,2.6392475200000003e-07,5.86729337e-07,1.45023128e-07,2.09918763e-06,85.3011385,45.9988135,2.88555103e-10,9.1979325,0.00125871024,0.07684564099999999,3.18389984e-06,5.396798770000001e-07,0.00127788997,0.07920476700000001,3.18389984e-06,5.396798770000001e-07,0.0009049070819999999,0.04048933019999999,3.18389984e-06,5.396798770000001e-07,0.00126843,0.0772265173,3.18389984e-06,5.396798770000001e-07,2.4557807207107545
355,1695262200,1.67126464e-05,1.67126512e-05,0.0013438189750000012,0.03329473199000001,0.0175341269,0.00325988506,0.00672718023,0.0052449175200000005,1.2368973299999998e-06,1.1199843049999997e-05,3.71153852,12.1,1.20458742e-06,1.4380215700000001e-06,8.13108681e-07,5.49605272e-07,4.3226527e-07,3.75442469e-07,3.03689927e-07,2.66234773e-07,6.11701136e-07,1.4008802700000002e-07,2.2215594900000003e-06,84.92810109999999,46.26545829999999,2.98796519e-10,9.19112205,0.00126774159,0.07777946459999999,4.04547041e-06,6.06410245e-07,0.0012681819300000001,0.07822741750000001,4.04547041e-06,6.06410245e-07,0.000893672402,0.04037352970000001,4.04547041e-06,6.06410245e-07,0.0012774044500000001,0.0788753609,4.04547041e-06,6.06410245e-07,2.4551419973373414
355,1695262800,1.72978315e-05,1.72978354e-05,0.00199138922,-0.0019556047000000008,0.0173088236,0.003317677,0.006846711090000001,0.00532811366,1.1834413100000001e-06,1.0544231899999999e-05,4.069930139999999,12.0,1.15452237e-06,1.42806514e-06,7.934010790000001e-07,5.72412603e-07,4.3746353900000003e-07,4.1232078900000003e-07,2.9758249200000004e-07,2.66271267e-07,7.121261300000001e-07,1.4343177e-07,2.43125976e-06,85.0767125,47.7485727,3.0960664200000004e-10,9.1891213,0.00127264906,0.0789339325,2.50205051e-06,4.889239479999999e-07,0.0012665830199999999,0.077927672,2.50205051e-06,4.889239479999999e-07,0.0008830835399999999,0.0384144551,2.50205051e-06,4.889239479999999e-07,0.0012583568300000001,0.07766369390000001,2.50205051e-06,4.889239479999999e-07,2.454835391044617
355,1695263400,1.6656678099999997e-05,1.6656682800000003e-05,-0.013386024129999998,0.02101596233,0.0166367381,0.00325338856,0.006710868040000001,0.005233932330000001,1.22464763e-06,1.1046733e-05,3.79545454,11.4,1.2286489199999998e-06,1.4345301200000002e-06,8.07364605e-07,5.550105e-07,4.4178875999999994e-07,3.74719927e-07,2.95464875e-07,2.69332615e-07,6.06414007e-07,1.3784517900000002e-07,2.17717426e-06,84.70389409999999,45.79469290000001,2.98763968e-10,9.190016449999998,0.0012532762300000002,0.0762338484,3.04837637e-06,5.52100691e-07,0.001284626,0.0803071488,3.04837637e-06,5.52100691e-07,0.0009083063719999999,0.041277947800000006,3.04837637e-06,5.52100691e-07,0.0012668819,0.07827108640000001,3.04837637e-06,5.52100691e-07,2.455290603637695
355,1695264000,1.68639374e-05,1.6863942400000004e-05,0.0018858104400000003,0.0330035364,0.017618023700000002,0.00327126669,0.0067550178699999994,0.005260217659999999,1.3652200400000001e-06,1.25880224e-05,3.62237765,14.6,1.20579652e-06,1.4001719100000001e-06,7.917898040000002e-07,5.80424849e-07,4.3317598100000005e-07,3.90224228e-07,3.2542604e-07,2.73734862e-07,6.58311675e-07,1.4545988e-07,2.2273987399999997e-06,84.9159855,46.49085660000001,2.9717941e-10,9.1954964,0.0012754481200000002,0.08009915249999999,2.98435894e-06,5.22669842e-07,0.00126920316,0.07781517950000001,2.98435894e-06,5.22669842e-07,0.0009098545140000001,0.04059016,2.98435894e-06,5.22669842e-07,0.00124988214,0.0765446762,2.98435894e-06,5.22669842e-07,2.4551557540893554
355,1695264600,1.70212755e-05,1.70212803e-05,0.0023311969200000013,0.00800243655,0.0167360803,0.0032920029000000003,0.00679058649,0.005276676229999999,1.21815838e-06,1.09264591e-05,3.9440560100000006,12.0,1.17505735e-06,1.38600236e-06,7.879578309999999e-07,5.587023619999999e-07,4.4062270300000005e-07,3.7829559000000004e-07,3.1245352800000006e-07,2.6661912399999993e-07,6.566764060000001e-07,1.68470672e-07,2.37972117e-06,86.9214099,48.9934044,2.90235574e-10,9.21245145,0.0012712377799999999,0.0787341735,2.52313925e-06,4.979651719999999e-07,0.001244551,0.0758350829,2.52313925e-06,4.979651719999999e-07,0.000904727671,0.0399428057,2.52313925e-06,4.979651719999999e-07,0.00125632322,0.0761741399,2.52313925e-06,4.979651719999999e-07,2.4555330514907836
355,1695265200,1.6486342e-05,1.64863439e-05,0.00970411794,0.009825725399999999,0.016679945600000003,0.00323766598,0.00670079432,0.00521058082,1.20408601e-06,1.0713573249999999e-05,3.4685315699999997,11.6,1.1609720099999999e-06,1.4504706100000002e-06,7.95424755e-07,5.55876155e-07,4.444765420000001e-07,3.5559005299999995e-07,2.97517866e-07,2.6153295e-07,5.77983851e-07,1.5505934999999998e-07,2.1882339100000005e-06,86.4793951,47.437218200000004,2.8540944200000003e-10,9.207635550000001,0.00126871486,0.0776373215,2.88529596e-06,5.1381961e-07,0.00127259996,0.07896806549999999,2.88529596e-06,5.1381961e-07,0.000901224439,0.0398460496,2.88529596e-06,5.1381961e-07,0.00125429421,0.0767276764,2.88529596e-06,5.1381961e-07,2.4547197341918947
355,1695265800,1.6541218500000004e-05,1.65412257e-05,0.00382552454,0.000776766649999998,0.0167747872,0.00324658295,0.006692391210000001,0.00521396277,1.2865945800000001e-06,1.16946751e-05,3.4073427100000004,13.6,1.1937243e-06,1.47285691e-06,8.180795590000001e-07,5.675298219999999e-07,4.4208764900000006e-07,3.4996673900000003e-07,2.98337632e-07,2.60934882e-07,5.8509179e-07,1.49854529e-07,2.1321223e-06,85.682555,46.195488999999995,2.9093196800000005e-10,9.2007768,0.00126547509,0.07762513089999999,3.1844947e-06,5.53949133e-07,0.00129059735,0.0805413057,3.1844947e-06,5.53949133e-07,0.0009160187620000001,0.0415229191,3.1844947e-06,5.53949133e-07,0.00126014132,0.077921567,3.1844947e-06,5.53949133e-07,2.4553947925567625
355,1695266400,1.63445332e-05,1.63445376e-05,0.00025858744000000075,-0.0088877974,0.016477993099999998,0.0032284623299999996,0.0066517311400000004,0.0051770568,1.1248708799999998e-06,9.90670905e-06,3.39335673,11.3,1.20541363e-06,1.4133939600000002e-06,8.3440269e-07,5.547474910000001e-07,4.3313262000000004e-07,3.5912246899999996e-07,3.0282176000000004e-07,2.5286497000000003e-07,5.90554239e-07,1.40993389e-07,2.0847966700000003e-06,85.0483116,45.6127427,2.89500649e-10,9.19546795,0.00126060318,0.0770871497,2.83415824e-06,5.173250089999999e-07,0.00127832433,0.07963061469999999,2.83415824e-06,5.173250089999999e-07,0.000921443014,0.0413284307,2.83415824e-06,5.173250089999999e-07,0.00125488853,0.0763733464,2.83415824e-06,5.173250089999999e-07,2.455154275894165
355,1695267000,1.65052836e-05,1.6505287100000002e-05,0.006604844010000001,0.007937533530000002,0.017246720700000003,0.00324075153,0.006681940489999999,0.00519742795,1.25873428e-06,1.101435865e-05,3.49125876,11.4,1.2769693700000003e-06,1.41539464e-06,8.10730123e-07,5.71639184e-07,4.4677346200000003e-07,3.66011158e-07,2.88204428e-07,2.6915113200000003e-07,5.96362834e-07,1.41380697e-07,2.07000641e-06,84.67543800000001,45.068111,2.93809406e-10,9.19416625,0.00126860305,0.0783921048,3.61183767e-06,5.918442879999999e-07,0.0012666260400000001,0.07819037849999999,3.61183767e-06,5.918442879999999e-07,0.0009439741870000001,0.044374603,3.61183767e-06,5.918442879999999e-07,0.0012765768100000002,0.07823481569999999,3.61183767e-06,5.918442879999999e-07,2.4553680181503297
355,1695267600,1.6413058600000002e-05,1.64130653e-05,-0.0003141445700000009,0.05868095179999999,0.017287967,0.0032291909199999996,0.00666106001,0.00519186625,1.29876098e-06,1.23127882e-05,3.3793706900000005,13.6,1.2221536399999999e-06,1.4464214299999998e-06,8.112322570000001e-07,5.79064758e-07,4.43844608e-07,3.50983726e-07,2.992057019999999e-07,2.6710635699999993e-07,5.78539562e-07,1.3938455800000004e-07,2.0685905000000002e-06,84.6660662,45.1426407,2.91878899e-10,9.1937744,0.00127739955,0.07914147769999999,3.9985828999999995e-06,5.9993827e-07,0.0012844082000000002,0.079839712,3.9985828999999995e-06,5.9993827e-07,0.0009094570980000001,0.041125007,3.9985828999999995e-06,5.9993827e-07,0.0012638445899999999,0.0784719856,3.9985828999999995e-06,5.9993827e-07,2.455606484413147
355,1695268200,1.63302988e-05,1.63303023e-05,-0.00034558759800000044,-0.012519182600000001,0.0159624544,0.00322512644,0.006627047630000001,0.005168717189999999,1.1681575900000002e-06,1.06057167e-05,3.2657343299999995,11.2,1.1936422899999998e-06,1.4422427699999999e-06,8.028906400000001e-07,5.80268487e-07,4.297821959999999e-07,3.5834433900000003e-07,3.05726379e-07,2.6816158399999996e-07,5.84709384e-07,1.4172932099999998e-07,2.05762522e-06,84.8737866,45.3478209,2.90379762e-10,9.19371945,0.0012632772600000002,0.077529054,2.54151169e-06,4.923359629999999e-07,0.0012716836200000001,0.078668041,2.54151169e-06,4.923359629999999e-07,0.0009029067129999998,0.040228456,2.54151169e-06,4.923359629999999e-07,0.0012775078900000001,0.07950702509999999,2.54151169e-06,4.923359629999999e-07,2.4555861949920654
355,1695268800,1.62477719e-05,1.62477762e-05,-0.0033688234649999994,0.0025416156000000007,0.0158591441,0.00321447635,0.00663003303,0.00516734137,1.20272561e-06,1.078262485e-05,3.31818186,12.6,1.2196852e-06,1.3963695000000002e-06,8.132033669999999e-07,5.60157803e-07,4.3850818e-07,3.6065649000000003e-07,3.0195802900000004e-07,2.6033406e-07,5.79601919e-07,1.4115987200000001e-07,2.0522237800000003e-06,84.8660811,45.364479100000004,2.8830736000000004e-10,9.1940006,0.0012590125900000001,0.0766102824,2.69700567e-06,5.052569729999999e-07,0.0012739521599999999,0.0788960311,2.69700567e-06,5.052569729999999e-07,0.000911896531,0.040729416,2.69700567e-06,5.052569729999999e-07,0.00126383829,0.07752904310000001,2.69700567e-06,5.052569729999999e-07,2.4553972721099853
355,1695269400,1.65141287e-05,1.6514133999999998e-05,-0.0009418733400000008,-0.0026821600000000007,0.017326029200000002,0.0032414309699999996,0.00669766307,0.00521657863,1.22934726e-06,1.05707043e-05,3.58916088,12.5,1.19570226e-06,1.47150186e-06,8.305202740000001e-07,5.527206049999999e-07,4.363142770000001e-07,3.50638236e-07,3.0880054299999997e-07,2.66450746e-07,5.86506989e-07,1.4678665199999998e-07,2.11109836e-06,85.27164100000002,45.820772899999994,2.9181822200000005e-10,9.197795000000001,0.00126313572,0.0773549257,3.05377052e-06,5.13325525e-07,0.00128062186,0.0793347178,3.05377052e-06,5.13325525e-07,0.00090573428,0.0405370683,3.05377052e-06,5.13325525e-07,0.00128445039,0.07990472330000001,3.05377052e-06,5.13325525e-07,2.454667329788208
355,1695270000,1.67824306e-05,1.6782435099999998e-05,0.00969798549,0.015492516422000002,0.017062012100000003,0.00326664209,0.006746172999999999,0.00524449607,1.20482012e-06,1.0855500600000001e-05,3.74650351,11.4,1.1762255e-06,1.44893066e-06,8.113160179999999e-07,5.612693180000001e-07,4.3581332800000004e-07,3.61134006e-07,3.08145766e-07,2.58335863e-07,5.8733419e-07,1.6108739000000003e-07,2.2815735e-06,86.6907186,47.9310423,2.88591195e-10,9.210479,0.0012698999899999998,0.0782238911,2.87768738e-06,5.10758173e-07,0.0012694293100000001,0.0780393667,2.87768738e-06,5.10758173e-07,0.000897051812,0.0396513179,2.87768738e-06,5.10758173e-07,0.00128289341,0.0789150608,2.87768738e-06,5.10758173e-07,2.4549965143203734
355,1695270600,2.69671945e-05,2.6967199399999995e-05,-0.0707224646,2.3334718150000002,0.0266725642,0.0037310998900000002,0.007732480849999999,0.005679250869999999,1.137965876e-05,5.97324615e-05,10.92132884,79.3,2.76984736e-06,4.49282347e-06,1.279261505e-06,6.123974259999998e-07,4.3386066000000006e-07,3.5977754e-07,3.06408862e-07,2.55088896e-07,5.85933872e-07,1.61781371e-07,2.22636581e-06,81.24252550000001,37.4522825,5.980667649999999e-10,9.112908100000002,0.0013093283,0.08446302860000002,2.1089708820000003e-05,2.8213740450000004e-06,0.00153897187,0.1664309075,2.1089708820000003e-05,2.8213740450000004e-06,0.001095773602,0.08947989610000001,2.1089708820000003e-05,2.8213740450000004e-06,0.00161342772,0.22619536499999998,2.1089708820000003e-05,2.8213740450000004e-06,2.455025887489319
355,1695271200,2.0199532799999996e-05,2.0199542899999998e-05,-0.02350497378,1.5187321955899997,0.023771987699999997,0.0034051019099999996,0.00698312101,0.00534806324,5.540849349999999e-06,3.539231815e-05,5.87062939,41.3,1.70943645e-06,2.39949848e-06,1.021723819e-06,5.77687478e-07,4.50628641e-07,3.6769592800000004e-07,3.1166233399999997e-07,2.71887227e-07,5.93551222e-07,1.5659741599999998e-07,2.23938757e-06,84.0452766,43.2636548,3.9190950599999995e-10,9.1722515,0.00129229942,0.0819569508,1.1691989469999998e-05,1.6122929110000002e-06,0.0013470128700000003,0.10753166659999999,1.1691989469999998e-05,1.6122929110000002e-06,0.0009691536590000001,0.060178657299999994,1.1691989469999998e-05,1.6122929110000002e-06,0.0013441014,0.1217403019,1.1691989469999998e-05,1.6122929110000002e-06,2.455654764175415
355,1695271800,1.6339708599999997e-05,1.63397127e-05,-0.008134057810000001,-0.0006523415599999999,0.0158199395,0.00322373574,0.006636300810000001,0.00518150279,1.19100185e-06,1.0289223499999999e-05,3.35489513,10.7,1.20299377e-06,1.36550753e-06,8.172356120000001e-07,5.482056550000002e-07,4.4026079600000003e-07,3.55136713e-07,3.02362165e-07,2.6783292e-07,5.725330439999999e-07,1.52481119e-07,2.14524972e-06,85.98005789999999,46.8755792,2.8473970199999994e-10,9.2041211,0.0012521856,0.07624221579999998,2.91523733e-06,5.2864469e-07,0.00126368969,0.0777741086,2.91523733e-06,5.2864469e-07,0.000908161083,0.040786475399999994,2.91523733e-06,5.2864469e-07,0.0012493862600000002,0.0760894364,2.91523733e-06,5.2864469e-07,2.4555474281311036
355,1695272400,1.65560619e-05,1.65560632e-05,-0.02000536713,0.20463028042400003,0.0170462609,0.0032383448,0.00667349605,0.0051786382,1.5849926899999998e-06,1.5067918949999998e-05,3.5000001099999998,12.1,1.23856832e-06,1.47983276e-06,8.10037034e-07,5.68802723e-07,4.3530789600000004e-07,3.6047913699999995e-07,2.9908029699999997e-07,2.60290658e-07,5.90001431e-07,1.4382666700000002e-07,2.0917715399999997e-06,85.05220019999999,45.338789500000004,2.94592474e-10,9.194270499999998,0.00127022626,0.078717725,3.2024238199999996e-06,5.353215450000001e-07,0.00126495826,0.07873290720000001,3.2024238199999996e-06,5.353215450000001e-07,0.000905895742,0.0404620916,3.2024238199999996e-06,5.353215450000001e-07,0.00129304428,0.0815595344,3.2024238199999996e-06,5.353215450000001e-07,2.4554758071899414
355,1695273000,1.6357066800000003e-05,1.6357072099999998e-05,0.013077470889999998,0.022698557200000004,0.0165476164,0.0032231993699999998,0.006680098509999999,0.0051951781099999995,1.2218766600000001e-06,1.088430305e-05,3.3041959,10.5,1.25416708e-06,1.40597518e-06,7.891176660000001e-07,5.484176949999999e-07,4.33625817e-07,3.55403725e-07,3.0277743299999997e-07,2.61763129e-07,5.790462930000001e-07,1.43699551e-07,2.1045054699999997e-06,85.2046995,45.85715550000001,2.88445112e-10,9.197250200000001,0.0012552606399999998,0.07628493880000001,2.98439811e-06,5.33031007e-07,0.0012677265800000001,0.0778403721,2.98439811e-06,5.33031007e-07,0.00091611406,0.04175344710000001,2.98439811e-06,5.33031007e-07,0.0012650030999999998,0.07817412309999999,2.98439811e-06,5.33031007e-07,2.4551781177520753
355,1695273600,1.64483364e-05,1.64483419e-05,-0.004186710089999999,0.01250252382,0.0174229824,0.0032347775999999996,0.006663178190000001,0.005192837099999999,1.2660087200000001e-06,1.11144548e-05,3.5594405700000005,13.3,1.21991087e-06,1.4021310599999997e-06,8.080451609999998e-07,5.63030353e-07,4.34635394e-07,3.68638483e-07,3.05437911e-07,2.6590529399999995e-07,5.917155059999999e-07,1.4475241099999998e-07,2.1199571200000003e-06,84.9733911,45.8122853,2.90168013e-10,9.1970115,0.0012699196999999998,0.0780384514,3.2417860799999995e-06,5.38890509e-07,0.00125643607,0.0769900255,3.2417860799999995e-06,5.38890509e-07,0.0009083994689999999,0.0407000477,3.2417860799999995e-06,5.38890509e-07,0.0012760303600000001,0.07879982189999998,3.2417860799999995e-06,5.38890509e-07,2.455069875717163
355,1695274200,1.6290927600000004e-05,1.62909345e-05,0.0012526071410000005,0.009827104540000001,0.0162628981,0.0032187618,0.00663995075,0.005173867760000001,1.1828618099999999e-06,1.0191437500000001e-05,3.27797209,11.9,1.17349477e-06,1.42236467e-06,8.232304529999999e-07,5.593711320000001e-07,4.14063218e-07,3.5652253899999996e-07,3.20558655e-07,2.6263252599999997e-07,5.870335339999999e-07,1.41405396e-07,2.0847659700000004e-06,84.95084179999999,45.7047648,2.8770067100000003e-10,9.196310700000002,0.00125888805,0.07696710400000001,2.8317035699999995e-06,4.9787927e-07,0.00127135552,0.0780971066,2.8317035699999995e-06,4.9787927e-07,0.000889137108,0.0387097241,2.8317035699999995e-06,4.9787927e-07,0.00126876113,0.078032191,2.8317035699999995e-06,4.9787927e-07,2.4551110744476317
355,1695274800,1.6222756600000003e-05,1.62227624e-05,-0.007080807875,0.02131077485,0.016833355799999998,0.0032141472900000002,0.0066163839799999995,0.005148945649999999,1.26435411e-06,1.17274464e-05,3.22902105,13.3,1.16499661e-06,1.4120448e-06,8.069704900000001e-07,5.697605250000001e-07,4.4244682499999997e-07,3.6057548899999996e-07,2.976219239999999e-07,2.68093181e-07,5.86904595e-07,1.3886499699999998e-07,2.0630757999999997e-06,84.8911315,45.6131337,2.8665022199999997e-10,9.195644849999999,0.00127156482,0.0781183725,3.34874128e-06,5.43931319e-07,0.0012773290299999999,0.07929973809999999,3.34874128e-06,5.43931319e-07,0.000896881024,0.0397654658,3.34874128e-06,5.43931319e-07,0.00123920617,0.074874046,3.34874128e-06,5.43931319e-07,2.4556918382644652
355,1695275400,1.6384060799999998e-05,1.6384065900000003e-05,0.003864093510000001,-0.01405357424,0.0171073393,0.00323078641,0.00666615301,0.0051926407700000005,1.16907745e-06,1.0450082799999999e-05,3.19055949,10.8,1.19341229e-06,1.4446821899999999e-06,8.3805763e-07,5.499656689999999e-07,4.52421065e-07,3.6303296e-07,3.0225044700000003e-07,2.63732217e-07,5.91640616e-07,1.3889542999999997e-07,2.05390767e-06,84.7124534,45.148032099999995,2.91848618e-10,9.1936034,0.0012636135000000002,0.07743897940000001,3.1258049200000003e-06,5.17099112e-07,0.00129137489,0.0808803404,3.1258049200000003e-06,5.17099112e-07,0.00090980283,0.0402854861,3.1258049200000003e-06,5.17099112e-07,0.0012748206599999998,0.0783769555,3.1258049200000003e-06,5.17099112e-07,2.4554128408432008
355,1695276000,1.62838061e-05,1.6283809300000004e-05,-0.0008265799799999998,0.020020775596,0.0166769276,0.00321870046,0.006646734900000001,0.005161716419999999,1.24451221e-06,1.089867055e-05,3.38286715,12.0,1.1997982400000001e-06,1.45185006e-06,7.705219869999999e-07,5.6313644e-07,4.42881344e-07,3.5302623799999994e-07,3.00397563e-07,2.71835307e-07,5.84936681e-07,1.3954136299999999e-07,2.0639552999999997e-06,84.93782900000001,45.4670944,2.88941575e-10,9.19461675,0.0012615923300000002,0.0776042439,2.67318851e-06,4.69722967e-07,0.00126490737,0.0773815417,2.67318851e-06,4.69722967e-07,0.0008748451130000002,0.03735583419999999,2.67318851e-06,4.69722967e-07,0.0012921908,0.08079265259999999,2.67318851e-06,4.69722967e-07,2.455380988121033
355,1695276600,1.62126882e-05,1.6212692e-05,-0.0072831137200000005,0.006658055629000001,0.016375411,0.00321206693,0.00658890616,0.0051435922600000005,1.1797775800000001e-06,1.02482794e-05,3.3374126100000003,12.4,1.1816358700000001e-06,1.38928371e-06,8.014111550000001e-07,5.54643176e-07,4.3584698999999996e-07,3.7010101400000004e-07,3.13646392e-07,2.54921729e-07,5.95611257e-07,1.42213067e-07,2.0669577600000004e-06,84.83980460000001,45.6686618,2.86436367e-10,9.1958838,0.0012642684299999998,0.07790413339999999,3.34947433e-06,5.31559478e-07,0.00125227666,0.0759748634,3.34947433e-06,5.31559478e-07,0.0008993795689999999,0.0398887902,3.34947433e-06,5.31559478e-07,0.0012628974100000001,0.0773079064,3.34947433e-06,5.31559478e-07,2.4553033113479614
355,1695277200,1.62362764e-05,1.62362819e-05,-0.002508745455,0.0631068271,0.017851637099999998,0.00320946076,0.006599715250000001,0.005158715560000001,1.3221468500000003e-06,1.2393321100000001e-05,3.35139865,13.6,1.15430557e-06,1.39411308e-06,8.045925830000001e-07,5.87740795e-07,4.3302840899999995e-07,3.6770765e-07,3.0819377e-07,2.74474025e-07,5.9981547e-07,1.3834856300000002e-07,2.05580771e-06,84.7856789,45.6328123,2.8677274100000003e-10,9.1952635,0.00127116118,0.0786500611,3.0712709899999997e-06,5.07337943e-07,0.00126703483,0.078276748,3.0712709899999997e-06,5.07337943e-07,0.0008779569649999999,0.0381947692,3.0712709899999997e-06,5.07337943e-07,0.0012530664900000002,0.0762521089,3.0712709899999997e-06,5.07337943e-07,2.455148386955261
355,1695277800,1.64226691e-05,1.64226721e-05,0.00451790149,0.00831091934,0.0168471761,0.00323272915,0.006665538239999999,0.00519117229,1.20729822e-06,1.0667315550000002e-05,3.3898601900000003,11.0,1.1901756099999999e-06,1.42350674e-06,7.96763176e-07,5.73526481e-07,4.4361043500000003e-07,3.55368614e-07,3.13818991e-07,2.7885321099999993e-07,6.134103979999999e-07,1.37367318e-07,2.08488376e-06,84.76064899999999,45.5207271,2.90590947e-10,9.19506765,0.00126881084,0.07792300640000001,2.9644813600000003e-06,5.21227515e-07,0.0012799466400000002,0.07966943060000001,2.9644813600000003e-06,5.21227515e-07,0.0009016185290000001,0.039954651800000004,2.9644813600000003e-06,5.21227515e-07,0.00125890085,0.0772117109,2.9644813600000003e-06,5.21227515e-07,2.4551491737365723
355,1695278400,1.6213522400000003e-05,1.6213526799999997e-05,-0.005285221639999999,0.017332052379999997,0.0161515783,0.0032090302699999997,0.006624725369999999,0.00515945629,1.17746176e-06,1.04293113e-05,3.3776224800000003,11.5,1.1596118149999999e-06,1.3982399000000001e-06,7.90933811e-07,5.67205864e-07,4.37362448e-07,3.6519365e-07,3.09573586e-07,2.7063984499999996e-07,5.8383281e-07,1.39159796e-07,2.0849881399999997e-06,84.9772361,45.8521356,2.86071885e-10,9.19661455,0.0012621392900000002,0.0772384276,2.93716931e-06,5.07711809e-07,0.00126640286,0.07854579860000002,2.93716931e-06,5.07711809e-07,0.0008888439769999999,0.03932766719999999,2.93716931e-06,5.07711809e-07,0.0012502883000000001,0.0749746401,2.93716931e-06,5.07711809e-07,2.4551922559738157
355,1695279000,1.6132816400000003e-05,1.61328204e-05,-0.0028831864199999994,0.0204810196,0.0166937987,0.00320275185,0.006614094669999999,0.00515727028,1.17821688e-06,1.02072359e-05,3.14685322,9.7,1.18616068e-06,1.36565145e-06,8.087070850000001e-07,5.67396096e-07,4.3882643500000006e-07,3.4586078999999996e-07,3.11938224e-07,2.6162819e-07,5.82746811e-07,1.3838268e-07,2.0591033e-06,84.98069160000001,45.722803299999995,2.84677255e-10,9.196517400000001,0.0012633670499999998,0.0774068739,3.0759204200000004e-06,5.22561414e-07,0.00128042462,0.0794636193,3.0759204200000004e-06,5.22561414e-07,0.000898789367,0.0399317496,3.0759204200000004e-06,5.22561414e-07,0.0012362982299999998,0.0735590728,3.0759204200000004e-06,5.22561414e-07,2.4552513122558595
355,1695279600,1.6352817399999997e-05,1.63528188e-05,-0.0028741387,0.0041961959,0.0160944877,0.0032264325399999996,0.00665134359,0.00518249419,1.25345676e-06,1.10504036e-05,3.2674825800000002,11.8,1.24132498e-06,1.41756926e-06,7.8025591e-07,5.84807316e-07,4.3586586e-07,3.6198710999999997e-07,3.00987683e-07,2.6759806299999995e-07,5.76466671e-07,1.40614545e-07,2.06889408e-06,84.80777850000001,45.317397500000006,2.9091447800000005e-10,9.19261805,0.0012695480099999999,0.07813333089999999,3.41200331e-06,5.63794434e-07,0.0012714697899999998,0.07868465,3.41200331e-06,5.63794434e-07,0.000887907819,0.0398108334,3.41200331e-06,5.63794434e-07,0.0012827885,0.0798145396,3.41200331e-06,5.63794434e-07,2.455251359939575
355,1695280200,1.62425548e-05,1.62425583e-05,-0.001537393650000001,-0.003588084970000001,0.016072242,0.0032148349600000002,0.00664194867,0.00516521755,1.1617795300000001e-06,1.049808755e-05,3.3234266399999997,10.7,1.2075221400000001e-06,1.4223721899999998e-06,8.165840529999999e-07,5.596062509999999e-07,4.3345610199999996e-07,3.5038849899999996e-07,3.04072084e-07,2.71539838e-07,5.80437373e-07,1.40110061e-07,2.03516144e-06,84.80341489999999,45.2258599,2.8880437e-10,9.1936869,0.00126514792,0.07803871740000001,2.84326886e-06,5.143831379999999e-07,0.00126843262,0.0770096629,2.84326886e-06,5.143831379999999e-07,0.000899457632,0.0401153904,2.84326886e-06,5.143831379999999e-07,0.00128082572,0.0798127326,2.84326886e-06,5.143831379999999e-07,2.455231761932373
355,1695280800,1.6202592e-05,1.6202595099999998e-05,-0.01392332197,0.002759967700000001,0.0159523308,0.0032115288299999997,0.00660501644,0.005162036829999999,1.15829546e-06,1.01086913e-05,3.3234265899999995,10.3,1.12719525e-06,1.4134867899999998e-06,8.282344259999999e-07,5.61798762e-07,4.3694959699999997e-07,3.6111064e-07,3.02020976e-07,2.7292372699999995e-07,5.9565489e-07,1.3873177699999999e-07,2.06315217e-06,84.93314969999999,45.7471542,2.86029618e-10,9.1954258,0.0012601599300000002,0.07715941289999999,2.5502417000000002e-06,4.77482155e-07,0.0012805311600000001,0.07975778489999999,2.5502417000000002e-06,4.77482155e-07,0.0008806238150000001,0.0382929936,2.5502417000000002e-06,4.77482155e-07,0.00125567999,0.07643746389999999,2.5502417000000002e-06,4.77482155e-07,2.4553812026977537
355,1695281400,1.60963218e-05,1.609633e-05,0.004875636870000001,0.021129085080000002,0.0161335687,0.00320094153,0.0066230103,0.00514823591,1.22146517e-06,1.15123365e-05,3.0576923700000003,11.0,1.15797245e-06,1.40606587e-06,7.887579729999999e-07,5.482111859999999e-07,4.1861670500000004e-07,3.4748108300000005e-07,3.1441020499999997e-07,2.73127648e-07,5.8982788e-07,1.40013842e-07,2.0636307300000003e-06,85.084462,45.9542057,2.8313962500000005e-10,9.1981842,0.00124689377,0.0750105548,2.7350319900000003e-06,5.087499289999998e-07,0.0012771643399999998,0.0788741311,2.7350319900000003e-06,5.087499289999998e-07,0.00088075889,0.03836603279999999,2.7350319900000003e-06,5.087499289999998e-07,0.00124144429,0.0751484638,2.7350319900000003e-06,5.087499289999998e-07,2.4552496671676636
355,1695282000,1.6164704e-05,1.6164707600000003e-05,0.009038231000000002,-0.007209707989999999,0.01606142,0.0032073930000000002,0.00662415968,0.005167332500000001,1.1778065200000001e-06,1.0237153350000001e-05,3.2395105199999996,11.5,1.1815298700000002e-06,1.37624079e-06,8.00947561e-07,5.82053906e-07,4.4780395e-07,3.54221135e-07,3.1645081499999994e-07,2.58952931e-07,5.794482429999999e-07,1.36484358e-07,2.04819985e-06,84.811373,45.4991519,2.86098171e-10,9.194839900000002,0.0012677090899999998,0.077804904,2.99329777e-06,4.933238529999999e-07,0.0012624726699999999,0.0778313791,2.99329777e-06,4.933238529999999e-07,0.0008931463750000001,0.0389737396,2.99329777e-06,4.933238529999999e-07,0.0012541996900000002,0.07599339800000002,2.99329777e-06,4.933238529999999e-07,2.4553354263305662
355,1695282600,1.6313046300000002e-05,1.63130481e-05,0.005137256714999999,-0.00252046842,0.016699638800000003,0.00322395402,0.0066549259000000015,0.00517945041,1.22936147e-06,1.0601677350000002e-05,3.30069935,11.2,1.2310239300000001e-06,1.3980499899999999e-06,8.292548999999999e-07,5.65824293e-07,4.18411648e-07,3.59530805e-07,3.0230908000000006e-07,2.58828263e-07,5.84569503e-07,1.41226412e-07,2.06745811e-06,84.8699565,45.3264901,2.90349616e-10,9.192869900000002,0.0012676040899999997,0.07780306000000001,2.7340995699999997e-06,4.85090586e-07,0.0012636979799999998,0.07799414099999999,2.7340995699999997e-06,4.85090586e-07,0.0009133581330000001,0.040524244200000004,2.7340995699999997e-06,4.85090586e-07,0.00127929655,0.07874265439999999,2.7340995699999997e-06,4.85090586e-07,2.455301523208618
355,1695283200,1.63123677e-05,1.63123749e-05,-0.0019701228600000004,0.01192083746,0.0157693466,0.0032197004799999996,0.006654558440000001,0.00515738801,1.20759443e-06,1.0045669550000002e-05,3.43356647,12.5,1.1730587700000002e-06,1.46927399e-06,8.10817034e-07,5.58708936e-07,4.507826709999999e-07,3.45308486e-07,2.9982012800000003e-07,2.59989526e-07,5.976295429999999e-07,1.39843443e-07,2.05090611e-06,84.762733,45.272942900000004,2.89735173e-10,9.1939322,0.0012616577399999999,0.0772169134,3.1247522399999997e-06,5.072927169999999e-07,0.0012949667499999999,0.08057589359999999,3.1247522399999997e-06,5.072927169999999e-07,0.00090159857,0.0397024694,3.1247522399999997e-06,5.072927169999999e-07,0.0012635320799999998,0.07749691130000001,3.1247522399999997e-06,5.072927169999999e-07,2.4553022146224976
355,1695283800,1.63142481e-05,1.63142524e-05,-0.007864644569999999,0.01594501283,0.01706931735,0.00322277818,0.0066369198,0.00517281307,1.25028215e-06,1.1079162749999999e-05,3.36538467,12.2,1.20697635e-06,1.45968092e-06,7.94281564e-07,5.549508949999999e-07,4.3323063100000003e-07,3.58791664e-07,3.00451758e-07,2.70832366e-07,5.880719119999999e-07,1.3907621e-07,2.05076104e-06,84.69936249999999,45.143346,2.9065681899999996e-10,9.19228265,0.0012534659,0.07638497,2.9581815499999997e-06,4.88120259e-07,0.00127447193,0.07898100649999999,2.9581815499999997e-06,4.88120259e-07,0.0008935919129999999,0.03898868800000001,2.9581815499999997e-06,4.88120259e-07,0.00129132339,0.08115768879999999,2.9581815499999997e-06,4.88120259e-07,2.455277919769287
355,1695284400,1.62643788e-05,1.62643848e-05,-0.00022247329399999912,-0.007455093550000002,0.0161530397,0.0032173373499999997,0.00665166715,0.00516534471,1.17170341e-06,1.00054275e-05,3.2220280199999998,12.6,1.19907154e-06,1.40067105e-06,7.99399564e-07,5.69209457e-07,4.43355096e-07,3.64463831e-07,3.0534330099999996e-07,2.62432399e-07,5.86089372e-07,1.4110273200000002e-07,2.0610460099999997e-06,84.9234107,45.523892000000004,2.8785770199999995e-10,9.19635995,0.00127456729,0.0784554865,2.6353565100000002e-06,4.92002493e-07,0.00126074779,0.0768873942,2.6353565100000002e-06,4.92002493e-07,0.0009033714099999999,0.039980752800000005,2.6353565100000002e-06,4.92002493e-07,0.00127905719,0.0786550341,2.6353565100000002e-06,4.92002493e-07,2.4552953004837037
355,1695285000,1.62661274e-05,1.62661331e-05,-0.0014647384350000012,0.020389523649999998,0.0171911747,0.00321645381,0.0066208297499999996,0.0051596079700000005,1.20326349e-06,1.1024456900000002e-05,3.15909095,13.2,1.20810646e-06,1.39321439e-06,8.068760750000001e-07,5.51209637e-07,4.32018238e-07,3.708615620000001e-07,3.142813109999999e-07,2.66053563e-07,5.88767409e-07,1.3978091099999997e-07,2.06187201e-06,84.90112669999999,45.518764299999994,2.88630772e-10,9.194607,0.00125841579,0.07731523679999999,2.92373962e-06,5.222121979999999e-07,0.0012756627999999997,0.07884250550000002,2.92373962e-06,5.222121979999999e-07,0.000900685721,0.039884328299999994,2.92373962e-06,5.222121979999999e-07,0.00125227085,0.0769107081,2.92373962e-06,5.222121979999999e-07,2.45530366897583
355,1695285600,1.61375434e-05,1.6137546000000002e-05,-0.0050077881333,0.011816331203,0.015978252000000002,0.00320131548,0.0066019070499999995,0.00513594557,1.1571359700000001e-06,1.013064865e-05,3.2185315500000002,11.2,1.1955435800000001e-06,1.3687868000000001e-06,7.94520606e-07,5.607377450000001e-07,4.33788028e-07,3.67121826e-07,3.1011833700000003e-07,2.63930738e-07,5.861417620000001e-07,1.36949124e-07,2.0511115099999998e-06,85.03505659999999,45.642593299999994,2.8568483799999995e-10,9.1955789,0.00125703687,0.0766501238,2.71466908e-06,4.92943169e-07,0.00127551721,0.078407057,2.71466908e-06,4.92943169e-07,0.0008822169930000002,0.0382563239,2.71466908e-06,4.92943169e-07,0.0012501892,0.07651058200000001,2.71466908e-06,4.92943169e-07,2.4552834272384643
355,1695286200,1.6311056600000003e-05,1.6311061600000003e-05,-0.003568764,0.028693404299999996,0.0168147442,0.0032214358800000003,0.00660945788,0.005162666170000001,1.1957013099999997e-06,1.049472675e-05,3.51748256,12.8,1.1845585499999998e-06,1.43987808e-06,8.055639399999999e-07,5.54401524e-07,4.24126808e-07,3.70314804e-07,3.0258905199999996e-07,2.82970174e-07,5.882485719999999e-07,1.41457301e-07,2.0613882599999996e-06,84.8003865,45.4209398,2.89507132e-10,9.1938263,0.00126533534,0.07747285960000001,2.93473048e-06,5.28281215e-07,0.00127929644,0.0791530955,2.93473048e-06,5.28281215e-07,0.0008928962810000002,0.0397286669,2.93473048e-06,5.28281215e-07,0.0012710415900000001,0.0778342444,2.93473048e-06,5.28281215e-07,2.4552881002426146
355,1695286800,1.6478320099999997e-05,1.64783233e-05,-0.010343706860000001,0.03340817109,0.017346813699999998,0.0032366958599999995,0.006658496460000001,0.00518383574,1.27317537e-06,1.1760507200000001e-05,3.49475531,12.8,1.21378174e-06,1.4268600500000002e-06,8.20221075e-07,5.716723739999999e-07,4.4268512399999994e-07,3.70464132e-07,3.05506226e-07,2.6852075200000005e-07,5.97754127e-07,1.39545691e-07,2.0820686e-06,84.60895900000001,45.2359343,2.9285005399999997e-10,9.192785599999999,0.00127503228,0.0787190991,2.86204923e-06,5.410639220000001e-07,0.00127265271,0.07902237139999999,2.86204923e-06,5.410639220000001e-07,0.0009168664829999999,0.041811091099999996,2.86204923e-06,5.410639220000001e-07,0.00127432025,0.0789188918,2.86204923e-06,5.410639220000001e-07,2.455251622200012
355,1695287400,1.62069172e-05,1.62069227e-05,-0.0072751055849999986,-0.011417850812999997,0.015913765599999997,0.00321403813,0.006611342840000001,0.00516069745,1.1465745400000001e-06,1.03023159e-05,3.26923083,10.7,1.19972022e-06,1.40272928e-06,7.986106220000001e-07,5.67956243e-07,4.4010492499999995e-07,3.51004589e-07,3.03555763e-07,2.5900197000000003e-07,5.94064663e-07,1.3913602899999998e-07,2.04754067e-06,84.77561739999999,45.39679700000001,2.8735020599999997e-10,9.1948311,0.0012574906,0.0769283815,2.95737397e-06,4.919544969999999e-07,0.00126933164,0.07798789199999999,2.95737397e-06,4.919544969999999e-07,0.0008820653599999999,0.0382502394,2.95737397e-06,4.919544969999999e-07,0.00128474232,0.0793833274,2.95737397e-06,4.919544969999999e-07,2.455349493026733
355,1695288000,1.6226645299999996e-05,1.6226648200000003e-05,-0.0034478491340000014,-0.02066703667,0.01593283325,0.00321587721,0.006629945370000001,0.00516385631,1.17643064e-06,1.0262132550000003e-05,3.1433567,10.7,1.21197173e-06,1.3795871800000002e-06,7.983517270000001e-07,5.745216190000001e-07,4.444275e-07,3.6160556999999994e-07,3.03062529e-07,2.58072753e-07,5.89457628e-07,1.3916221899999999e-07,2.05306431e-06,84.8980559,45.4326479,2.87973925e-10,9.1944778,0.00126426718,0.07748987140000001,3.0695821699999997e-06,5.13698835e-07,0.00126698997,0.07798352029999998,3.0695821699999997e-06,5.13698835e-07,0.0009091836569999999,0.040587241600000004,3.0695821699999997e-06,5.13698835e-07,0.0012594944700000002,0.0779270146,3.0695821699999997e-06,5.13698835e-07,2.455251431465149
355,1695288600,1.6206431099999998e-05,1.62064362e-05,-0.00680115986,0.0202446315,0.016834787299999997,0.00320978277,0.00660891428,0.005146431230000001,1.1726540799999999e-06,1.03615316e-05,3.2867133699999997,11.6,1.189643535e-06,1.3890603099999998e-06,8.25605885e-07,5.66472548e-07,4.3339924100000006e-07,3.5677213300000005e-07,3.03829014e-07,2.65336588e-07,5.81147401e-07,1.38578786e-07,2.05333316e-06,84.88885439999999,45.466506599999995,2.8738297399999997e-10,9.1944952,0.00125950709,0.0767027394,2.9142383500000004e-06,5.020278219999999e-07,0.0012684527100000002,0.07809773240000001,2.9142383500000004e-06,5.020278219999999e-07,0.000895869268,0.039635834300000006,2.9142383500000004e-06,5.020278219999999e-07,0.0012583632599999998,0.0775989494,2.9142383500000004e-06,5.020278219999999e-07,2.4552614450454713
355,1695289200,1.62907095e-05,1.6290713e-05,0.00972479014,-0.008122696169999999,0.0164840119,0.00322244463,0.0066484666400000005,0.00517043388,1.17770548e-06,1.0467802800000002e-05,3.2377623300000002,11.3,1.1992337399999999e-06,1.43615252e-06,8.07475093e-07,5.77266059e-07,4.4535301700000004e-07,3.4955508e-07,3.0422726400000005e-07,2.58564731e-07,5.80704175e-07,1.3581793999999997e-07,2.0509718499999997e-06,84.7670882,45.20621390000001,2.8959934200000006e-10,9.193004750000002,0.0012633980100000002,0.07725587,2.9429292399999996e-06,5.13082637e-07,0.001285994,0.0803483245,2.9429292399999996e-06,5.13082637e-07,0.0009016743659999999,0.0398083282,2.9429292399999996e-06,5.13082637e-07,0.0012704798,0.078161235,2.9429292399999996e-06,5.13082637e-07,2.455285120010376
355,1695289800,1.6135810299999998e-05,1.61358139e-05,-0.012200229639999999,0.0177966803,0.016236120500000003,0.0032009659599999997,0.00658830164,0.00513408239,1.2298748500000001e-06,1.12011869e-05,3.248251820000001,12.6,1.17973045e-06,1.41005097e-06,8.16734613e-07,5.59995902e-07,4.31984096e-07,3.4519362300000005e-07,3.03553473e-07,2.5456248400000004e-07,5.86273786e-07,1.38061604e-07,2.04173275e-06,84.9840234,45.421818300000005,2.8674519900000004e-10,9.19413995,0.00125384426,0.0768063301,3.2449264800000004e-06,5.37472692e-07,0.00127680466,0.0787690315,3.2449264800000004e-06,5.37472692e-07,0.000900888931,0.040163226100000005,3.2449264800000004e-06,5.37472692e-07,0.00125757648,0.076394685,3.2449264800000004e-06,5.37472692e-07,2.455261397361755
355,1695290400,1.6305127e-05,1.63051301e-05,0.00030967228700000025,0.016596928,0.016936801799999998,0.0032200962200000004,0.0066404457,0.00518183553,1.18848872e-06,9.9360067e-06,3.44055948,12.5,1.28125061e-06,1.36959247e-06,8.116614710000001e-07,5.594855180000001e-07,4.32343705e-07,3.6372624499999997e-07,2.9760214399999996e-07,2.6105779600000003e-07,5.88634527e-07,1.41847537e-07,2.04531417e-06,84.9211194,45.233291200000004,2.9032151100000004e-10,9.19399875,0.00126240144,0.0770672745,2.90771367e-06,5.111757430000001e-07,0.00126430886,0.07737887650000001,2.90771367e-06,5.111757430000001e-07,0.0009181565650000001,0.0416175558,2.90771367e-06,5.111757430000001e-07,0.00128055286,0.0797766677,2.90771367e-06,5.111757430000001e-07,2.4552996873855593
355,1695291000,1.6333345e-05,1.6333347100000002e-05,-0.0012083162000000001,-3.9944890000000614e-05,0.016062433799999998,0.00322474615,0.0066378285,0.00516869197,1.23491319e-06,1.100825915e-05,3.43356647,11.2,1.2027609500000002e-06,1.46149016e-06,8.01142205e-07,5.64090892e-07,4.263149260000001e-07,3.56670031e-07,3.07262216e-07,2.5775345700000004e-07,5.839913989999999e-07,1.4086285499999999e-07,2.06430342e-06,84.7824251,45.257691,2.89840708e-10,9.1945741,0.00125768908,0.0768248732,3.3260218799999998e-06,5.33934815e-07,0.00128148765,0.0790996874,3.3260218799999998e-06,5.33934815e-07,0.0009073184989999998,0.040229423800000004,3.3260218799999998e-06,5.33934815e-07,0.0012742379399999998,0.0789999953,3.3260218799999998e-06,5.33934815e-07,2.455272150039673
355,1695291600,1.61134109e-05,1.61134137e-05,0.00927083485,-0.009879710695999997,0.0166609238,0.0032051232,0.00663390891,0.005155543869999999,1.1278451899999998e-06,1.03637872e-05,3.12762245,10.7,1.15682723e-06,1.4152204200000002e-06,7.87046746e-07,5.72646028e-07,4.29934051e-07,3.5329785599999997e-07,3.01114387e-07,2.63744538e-07,5.815766389999999e-07,1.37646282e-07,2.05762128e-06,84.98897,45.697167300000004,2.8492049100000004e-10,9.1954562,0.00125881681,0.0763614729,2.7482304099999998e-06,4.905431620000001e-07,0.0012719627799999999,0.0785830292,2.7482304099999998e-06,4.905431620000001e-07,0.0008781349130000001,0.0382424837,2.7482304099999998e-06,4.905431620000001e-07,0.00125009157,0.07609282209999998,2.7482304099999998e-06,4.905431620000001e-07,2.4552426815032957
355,1695292200,1.6249317299999995e-05,1.6249323399999996e-05,0.003610061240000001,-0.007315059059999999,0.016424835000000002,0.0032182986799999995,0.00664098934,0.0051621508,1.1879844e-06,1.070414555e-05,3.18531473,11.2,1.1688684999999998e-06,1.43451836e-06,7.99018281e-07,5.84867878e-07,4.32787431e-07,3.5375115000000004e-07,3.1706463200000003e-07,2.57343811e-07,5.92325999e-07,1.39550767e-07,2.04454467e-06,84.73684750000001,45.38013959999999,2.8754568399999997e-10,9.1951582,0.0012713669199999997,0.07817872000000001,2.83863627e-06,4.96345313e-07,0.0012679419800000003,0.0776595776,2.83863627e-06,4.96345313e-07,0.000888784602,0.0385989176,2.83863627e-06,4.96345313e-07,0.00126994091,0.0782312917,2.83863627e-06,4.96345313e-07,2.455257296562195
355,1695292800,1.62574399e-05,1.62574457e-05,-0.0018506043099999995,0.018953660900000002,0.016081637099999997,0.00321456212,0.006631771730000001,0.00516146206,1.20697341e-06,1.08311202e-05,3.3146854100000005,11.1,1.2019697100000001e-06,1.4173661699999999e-06,7.95275247e-07,5.725110929999999e-07,4.39851841e-07,3.61326639e-07,3.12754612e-07,2.6026777599999997e-07,5.837346680000001e-07,1.37497456e-07,2.0461359599999998e-06,84.82942429999999,45.2832111,2.8931819200000003e-10,9.193042499999999,0.00125653294,0.07709210190000002,2.85967911e-06,5.07020938e-07,0.00128142586,0.0795444015,2.85967911e-06,5.07020938e-07,0.000894118015,0.0394564612,2.85967911e-06,5.07020938e-07,0.00125728269,0.07778428,2.85967911e-06,5.07020938e-07,2.455265522003174
355,1695293400,1.6277087899999996e-05,1.62770933e-05,-0.0016373400499999986,0.014327453,0.016303242449999998,0.00321618439,0.00663947988,0.00516067141,1.18380581e-06,1.0756727450000001e-05,3.21853153,12.5,1.1686020699999998e-06,1.45050294e-06,7.92943666e-07,5.557507519999999e-07,4.41318501e-07,3.6841976799999997e-07,3.00781986e-07,2.6557222700000005e-07,5.945809870000001e-07,1.38943399e-07,2.06110754e-06,84.7484821,45.436427800000004,2.88147895e-10,9.194281899999998,0.0012652825599999999,0.0773991616,3.26297679e-06,5.07427131e-07,0.0012721932,0.07843196999999999,3.26297679e-06,5.07427131e-07,0.00088412299,0.038503399199999996,3.26297679e-06,5.07427131e-07,0.0012736325200000003,0.0786554347,3.26297679e-06,5.07427131e-07,2.455288052558899
355,1695294000,1.62874544e-05,1.6287456099999997e-05,-0.00789186733,0.0054013508,0.016145814600000002,0.0032181714,0.00663456187,0.00516298653,1.24081172e-06,1.08952039e-05,3.3776224,11.0,1.19947838e-06,1.41971422e-06,8.00193627e-07,5.89500311e-07,4.3521042899999996e-07,3.6017351599999997e-07,3.07807224e-07,2.64896672e-07,5.790332100000001e-07,1.3971791600000002e-07,2.0479550800000002e-06,84.8244321,45.2770282,2.8957253600000003e-10,9.1932386,0.00126440092,0.07777410929999999,2.9198331500000006e-06,4.901234430000001e-07,0.0012711258500000002,0.0785233811,2.9198331500000006e-06,4.901234430000001e-07,0.0008905388319999999,0.0390354823,2.9198331500000006e-06,4.901234430000001e-07,0.0012723418700000002,0.079297282,2.9198331500000006e-06,4.901234430000001e-07,2.455242562294006
355,1695294600,1.61805517e-05,1.61805555e-05,-0.00457935535,-0.01877520007,0.015596001600000001,0.0032108291400000004,0.006590494569999999,0.00516314725,1.13098981e-06,1.023050095e-05,3.1258741800000003,10.5,1.1598383799999998e-06,1.3908008800000001e-06,8.11880513e-07,5.66392211e-07,4.5528135500000003e-07,3.4571207299999994e-07,3.0879620799999997e-07,2.59415435e-07,5.890393930000001e-07,1.3888722099999997e-07,2.06418768e-06,84.90982410000001,45.7115351,2.85479896e-10,9.1957672,0.0012730323800000001,0.07822812500000001,2.84527262e-06,4.862915609999999e-07,0.00127366001,0.07842893390000001,2.84527262e-06,4.862915609999999e-07,0.0008951233960000001,0.0392532379,2.84527262e-06,4.862915609999999e-07,0.00124252543,0.07530911850000001,2.84527262e-06,4.862915609999999e-07,2.4552979946136473
355,1695295200,1.62229472e-05,1.62229508e-05,0.001616677199999999,0.06287879157,0.0179984952,0.0032091027100000003,0.006623069630000001,0.00515357346,1.21801099e-06,1.13769601e-05,3.34265738,12.0,1.13655917e-06,1.43942879e-06,7.93822898e-07,5.68087428e-07,4.35862289e-07,3.6176204700000005e-07,3.1171847799999997e-07,2.74092417e-07,5.9331399e-07,1.39706263e-07,2.05708351e-06,84.87957480000001,45.6103267,2.86906418e-10,9.1949173,0.0012683497399999996,0.0777915485,2.54767099e-06,4.70804872e-07,0.0012693415000000002,0.07890227379999999,2.54767099e-06,4.70804872e-07,0.0008951241569999999,0.039082310999999995,2.54767099e-06,4.70804872e-07,0.0012431872999999999,0.07573433510000001,2.54767099e-06,4.70804872e-07,2.4553006887435913
355,1695295800,1.6158802800000004e-05,1.61588081e-05,-0.0035653711900000004,-0.013370357263,0.016124427750000003,0.0032082918,0.00661723432,0.00514048741,1.1648540900000002e-06,1.015320075e-05,3.04370633,11.4,1.1743262399999998e-06,1.38787622e-06,7.67340218e-07,5.659415180000001e-07,4.29192864e-07,3.6308826899999997e-07,3.09041957e-07,2.67148074e-07,5.909163699999999e-07,1.4272594399999999e-07,2.0817599500000003e-06,85.045469,45.9815118,2.8461249900000004e-10,9.1973006,0.00126243887,0.0774524503,2.92724613e-06,5.023059590000001e-07,0.0012515365900000002,0.0764134228,2.92724613e-06,5.023059590000001e-07,0.000878478651,0.038173999,2.92724613e-06,5.023059590000001e-07,0.00125231902,0.0766792892,2.92724613e-06,5.023059590000001e-07,2.4552956342697145
355,1695296400,1.6237463400000004e-05,1.62374682e-05,-0.01126752657,-0.014103660100000002,0.016717911300000003,0.0032191321499999994,0.00659551351,0.00516760593,1.17118446e-06,1.055334695e-05,3.11363644,11.1,1.21861648e-06,1.4037960100000001e-06,7.92674718e-07,5.73189548e-07,4.3917900400000003e-07,3.47243525e-07,3.0805364e-07,2.6173709500000006e-07,5.785308420000001e-07,1.43371448e-07,2.05230061e-06,85.01628860000001,45.450656099999996,2.88267122e-10,9.195001,0.00126496101,0.07715074200000002,2.7506087799999996e-06,5.18279661e-07,0.00127276605,0.07821916200000001,2.7506087799999996e-06,5.18279661e-07,0.0009203045600000001,0.0412010443,2.7506087799999996e-06,5.18279661e-07,0.00125909097,0.077093961,2.7506087799999996e-06,5.18279661e-07,2.455287456512451
355,1695297000,1.6295053500000002e-05,1.62950562e-05,0.0016865128700000002,0.0042212192700000015,0.0166712553,0.0032195519,0.0066460712800000005,0.00516753321,1.2347790100000001e-06,1.082638345e-05,3.3129370700000003,12.7,1.17387868e-06,1.4451139399999997e-06,7.887618029999999e-07,5.663572070000001e-07,4.3044399599999997e-07,3.7042896299999996e-07,3.11452072e-07,2.6253268799999997e-07,5.946909140000001e-07,1.38398611e-07,2.0654246599999994e-06,84.78656529999999,45.4545035,2.89279266e-10,9.1932837,0.001263216,0.07731394949999999,3.40942968e-06,5.33698575e-07,0.0012727718800000002,0.0786852276,3.40942968e-06,5.33698575e-07,0.0008938942500000002,0.039462533099999995,3.40942968e-06,5.33698575e-07,0.00126447589,0.0783353214,3.40942968e-06,5.33698575e-07,2.4552834272384643
355,1695297600,1.6322929800000005e-05,1.63229331e-05,-0.009377978050000003,0.004237797430000002,0.016595858500000005,0.0032231615000000006,0.00662537096,0.005174482959999999,1.17484364e-06,1.04930951e-05,3.21153852,11.5,1.19947608e-06,1.3926203099999998e-06,8.002535759999999e-07,5.6867054e-07,4.6145270799999997e-07,3.6483335299999995e-07,3.0939411e-07,2.7087466499999997e-07,5.896595699999999e-07,1.4048192e-07,2.06369325e-06,84.75806709999999,45.4173812,2.89563485e-10,9.194482100000002,0.00128615795,0.079851266,2.82874162e-06,4.91547947e-07,0.00126605681,0.07771950949999999,2.82874162e-06,4.91547947e-07,0.0008987957129999998,0.039317042100000005,2.82874162e-06,4.91547947e-07,0.00126586452,0.0769222626,2.82874162e-06,4.91547947e-07,2.4552703380584715
355,1695298200,1.62380079e-05,1.62380099e-05,0.01423143932,0.0192718899,0.015954757899999998,0.00321214235,0.00663276944,0.00515153405,1.19724961e-06,1.07978993e-05,3.4755245,12.6,1.1882774700000001e-06,1.4487281399999998e-06,7.86162931e-07,5.568279860000001e-07,4.4016535300000003e-07,3.5658267200000004e-07,3.04401283e-07,2.63962061e-07,5.76525674e-07,1.39330111e-07,2.0580222100000003e-06,84.85616999999999,45.385561700000004,2.8812278399999994e-10,9.19407425,0.00125374194,0.076056305,2.65433292e-06,4.854715e-07,0.0012740842300000001,0.07813688499999999,2.65433292e-06,4.854715e-07,0.0008853495789999999,0.0386692116,2.65433292e-06,4.854715e-07,0.0012924977099999999,0.08094551139999999,2.65433292e-06,4.854715e-07,2.4552926301956175
355,1695298800,1.6273735e-05,1.62737451e-05,-0.01443265776,-0.009476641830000002,0.0158380337,0.003219034010000001,0.00660412853,0.00516582468,1.2167182e-06,1.055761e-05,3.2849651100000004,11.1,1.1673609599999999e-06,1.39243148e-06,8.27277933e-07,5.75504914e-07,4.51565501e-07,3.5455336300000003e-07,3.05098047e-07,2.66089708e-07,5.91026836e-07,1.39326959e-07,2.06662034e-06,84.8909032,45.6027326,2.8784680500000003e-10,9.196249550000001,0.00127627287,0.0789442169,3.07588492e-06,5.19280451e-07,0.00127593817,0.0790934586,3.07588492e-06,5.19280451e-07,0.0008877899330000001,0.0395489436,3.07588492e-06,5.19280451e-07,0.0012452769699999998,0.075851626,3.07588492e-06,5.19280451e-07,2.4552979946136473
355,1695299400,1.62378449e-05,1.62378469e-05,-0.006314132429999999,-0.009830761599999998,0.016086684,0.0032178402099999996,0.00663471746,0.00517084852,1.2207010699999999e-06,1.0526686499999998e-05,3.2779720699999997,11.3,1.2158302100000002e-06,1.41497197e-06,7.85196106e-07,5.6801121e-07,4.4354515e-07,3.58685685e-07,3.18049959e-07,2.54685437e-07,5.8782524e-07,1.38697756e-07,2.0333894300000003e-06,84.910965,45.273134799999994,2.89112365e-10,9.1923782,0.00126233862,0.0774934977,3.27762834e-06,5.343886080000001e-07,0.00127991632,0.079334926,3.27762834e-06,5.343886080000001e-07,0.0009003124980000001,0.040288668799999997,3.27762834e-06,5.343886080000001e-07,0.0012583136999999999,0.07699998849999999,3.27762834e-06,5.343886080000001e-07,2.4553152561187743
355,1695300000,1.61899446e-05,1.61899524e-05,0.0038035341,0.00844654672,0.016343288999999997,0.0032082124600000005,0.006635755210000001,0.00515897129,1.2159788760000001e-06,1.05132887e-05,3.2447552899999996,10.6,1.1724004799999998e-06,1.4333864400000003e-06,7.928947819999999e-07,5.66930136e-07,4.35951946e-07,3.49853044e-07,3.0165398999999997e-07,2.6298639e-07,5.77959047e-07,1.4003775499999998e-07,2.06088407e-06,84.8936256,45.5151075,2.86926078e-10,9.195613600000001,0.00126467896,0.0775901146,3.1024593199999998e-06,5.187176919999999e-07,0.00126913125,0.0783661615,3.1024593199999998e-06,5.187176919999999e-07,0.0009050011149999999,0.040510895000000005,3.1024593199999998e-06,5.187176919999999e-07,0.00124179744,0.07524167699999999,3.1024593199999998e-06,5.187176919999999e-07,2.4552910566329955
355,1695300600,1.61920552e-05,1.61920594e-05,-0.006650889930000001,-0.010172806960000003,0.0160651422,0.0032134062,0.006598657669999999,0.005163214590000001,1.1441471799999998e-06,9.946923099999999e-06,3.2779721099999994,11.2,1.13965736e-06,1.3946677000000001e-06,8.428386060000001e-07,5.72870132e-07,4.4192060600000006e-07,3.6206158400000003e-07,3.0480748600000003e-07,2.6441838399999994e-07,5.805728140000001e-07,1.3900394800000002e-07,2.05318824e-06,84.87438569999999,45.564352,2.86258104e-10,9.195300199999998,0.00127026387,0.07856930100000001,2.7750734300000003e-06,4.95868795e-07,0.00128294099,0.08016407119999999,2.7750734300000003e-06,4.95868795e-07,0.000908020666,0.0401484737,2.7750734300000003e-06,4.95868795e-07,0.00123075658,0.07338255090000001,2.7750734300000003e-06,4.95868795e-07,2.4553066730499267
355,1695301200,1.62422806e-05,1.62422879e-05,0.0035249281999999993,-0.004968017123,0.016685550799999997,0.00321257141,0.00664391251,0.00516341421,1.19306054e-06,1.00145815e-05,3.3391609099999995,10.2,1.1952062900000002e-06,1.4156888100000001e-06,8.142915880000001e-07,5.67478149e-07,4.4187352399999994e-07,3.50069997e-07,3.14531765e-07,2.591752439999999e-07,5.86623879e-07,1.40167371e-07,2.0360032500000002e-06,84.72668000000002,45.263062500000004,2.88802801e-10,9.192618450000001,0.00126531225,0.0777078936,2.7674848199999998e-06,4.99348759e-07,0.00127344952,0.07810081399999999,2.7674848199999998e-06,4.99348759e-07,0.000894854225,0.03930109180000001,2.7674848199999998e-06,4.99348759e-07,0.0012795110899999997,0.0792074914,2.7674848199999998e-06,4.99348759e-07,2.455191707611084
355,1695301800,1.84426311e-05,1.8442633299999997e-05,0.06897177960999999,2.5479743145000002,0.026188332200000004,0.0033088364100000004,0.00673970441,0.00522654913,7.028901329999999e-06,6.238535479999999e-05,4.491258790000001,66.1,1.39383686e-06,2.10688393e-06,9.157099900000001e-07,6.15257034e-07,4.621043260000001e-07,3.7739400599999994e-07,3.11472851e-07,2.6776498200000003e-07,5.87873735e-07,1.37733897e-07,2.04525654e-06,82.890299,41.4483171,3.4985774499999995e-10,9.16680375,0.00128364867,0.0838316951,9.17234932e-06,1.0600209689999997e-06,0.00131911762,0.097930526,9.17234932e-06,1.0600209689999997e-06,0.0009156351619999999,0.0458620544,9.17234932e-06,1.0600209689999997e-06,0.00134807067,0.10949692650000001,9.17234932e-06,1.0600209689999997e-06,2.4553157806396486
355,1695302400,1.62394174e-05,1.62394222e-05,0.0016654208799999997,0.0165949426476,0.016908655,0.0032146256699999995,0.00660027254,0.005168544319999999,1.3108861799999999e-06,1.1947132450000001e-05,3.22377629,13.8,1.2107031100000002e-06,1.38736895e-06,7.963622730000001e-07,5.681959320000001e-07,4.4759619899999993e-07,3.64741033e-07,3.01563606e-07,2.64786719e-07,5.93947195e-07,1.3791427e-07,2.04651664e-06,84.76447759999999,45.3684504,2.87740939e-10,9.194514799999999,0.00125894308,0.07714407549999999,3.31165614e-06,5.30546626e-07,0.00126456669,0.07740095000000001,3.31165614e-06,5.30546626e-07,0.0009137378570000002,0.04075795889999999,3.31165614e-06,5.30546626e-07,0.0012538331,0.07725511060000001,3.31165614e-06,5.30546626e-07,2.4552608251571657
355,1695303000,1.59563963e-05,1.59564013e-05,0.00014051501000000022,-0.007682030500000001,0.0165815958,0.0031879537300000004,0.0065859497399999994,0.005133734599999999,1.13291387e-06,9.93812055e-06,3.05419586,10.0,1.1458509199999997e-06,1.34169053e-06,7.69376405e-07,5.59001911e-07,4.43589527e-07,3.61950776e-07,3.0939174399999997e-07,2.66819472e-07,5.89344041e-07,1.3975609599999998e-07,2.05138271e-06,85.1372102,46.1414057,2.7954682299999996e-10,9.199511399999999,0.00125796712,0.07706169160000001,2.49466043e-06,4.66994881e-07,0.00124798485,0.07536838679999999,2.49466043e-06,4.66994881e-07,0.0008760843179999999,0.0380073547,2.49466043e-06,4.66994881e-07,0.00123689175,0.0738592346,2.49466043e-06,4.66994881e-07,2.4551735162734984
355,1695303600,1.6172862699999996e-05,1.61728728e-05,-0.010225530665,-0.013851112270000004,0.0158813159,0.0032098622899999997,0.00661399092,0.00516295229,1.19072799e-06,1.06380203e-05,3.11013992,10.5,1.16359966e-06,1.39882922e-06,8.17656514e-07,5.523739560000001e-07,4.37440923e-07,3.7115166299999993e-07,3.09951551e-07,2.62472117e-07,5.894685259999999e-07,1.4040153399999997e-07,2.04303415e-06,84.800843,45.522141000000005,2.8627187299999997e-10,9.195347300000002,0.00126312943,0.0770059357,2.65420874e-06,4.9782211e-07,0.00127459391,0.0789072585,2.65420874e-06,4.9782211e-07,0.000884527163,0.038519553799999995,2.65420874e-06,4.9782211e-07,0.00126243711,0.076571998,2.65420874e-06,4.9782211e-07,2.455380153656006
355,1695304200,1.6190028666666665e-05,1.6190031555555558e-05,0.010087400722222223,0.026834575777777783,0.018996674444444445,0.003210023333333334,0.006625649011111111,0.005162697711111112,1.1983151333333333e-06,1.1333228055555556e-05,3.164335733333333,12.777777777777779,1.156482588888889e-06,1.4183908e-06,8.136174233333333e-07,5.721002055555556e-07,4.301666033333333e-07,3.678148866666667e-07,3.0069848e-07,2.5646718666666663e-07,5.834540988888889e-07,1.401529188888889e-07,2.0556020777777775e-06,84.87857277777779,45.50533022222223,2.8704881555555554e-10,9.194486444444443,0.0012736093666666668,0.07835830177777778,2.7841391666666667e-06,4.976745266666666e-07,0.0012790108333333335,0.07912938377777777,2.7841391666666667e-06,4.976745266666666e-07,0.0008898921322222221,0.03934030577777778,2.7841391666666667e-06,4.976745266666666e-07,0.0012577211222222222,0.07584926955555554,2.7841391666666667e-06,4.976745266666666e-07,2.455294052759806
355,1695304800,1.6275671799999998e-05,1.6275679e-05,-0.006080283349999999,0.032027401399999995,0.0173690552,0.00321625318,0.006617140390000001,0.00516070267,1.3272091700000002e-06,1.1829243249999998e-05,3.40209796,13.2,1.19441773e-06,1.39240802e-06,7.9714299e-07,5.80770216e-07,4.3305406400000005e-07,3.651077529999999e-07,3.27491903e-07,2.6662580500000003e-07,5.805648839999999e-07,1.3965217600000002e-07,2.0605629e-06,84.7613527,45.428528,2.8852445700000004e-10,9.194683350000002,0.00127320954,0.07910240140000001,2.88261093e-06,5.10676134e-07,0.0012729602,0.0781886399,2.88261093e-06,5.10676134e-07,0.0008828451870000001,0.038537988399999994,2.88261093e-06,5.10676134e-07,0.00125931552,0.077481777,2.88261093e-06,5.10676134e-07,2.4552786588668822
355,1695305400,1.6295497099999997e-05,1.6295500699999998e-05,-0.011643163510000002,-0.0014693706499999994,0.0161061385,0.00321827435,0.00663682681,0.005159895790000001,1.2013294799999998e-06,1.03504033e-05,3.39860144,11.3,1.21854329e-06,1.3748086900000001e-06,8.34016698e-07,5.821754980000001e-07,4.35136024e-07,3.60688106e-07,3.0169377100000007e-07,2.6575586399999994e-07,5.86934202e-07,1.3906851200000002e-07,2.04890777e-06,84.686288,45.1965152,2.89772241e-10,9.193696899999999,0.0012695960399999998,0.0780546114,2.7221825699999996e-06,4.99894098e-07,0.00127821482,0.078946861,2.7221825699999996e-06,4.99894098e-07,0.000922333339,0.041092345,2.7221825699999996e-06,4.99894098e-07,0.00125377408,0.0763630675,2.7221825699999996e-06,4.99894098e-07,2.4553066968917845
355,1695306000,1.61360639e-05,1.6136068299999997e-05,0.0014951060399999998,-0.00601224197,0.0162536598,0.0032056032400000004,0.00661002396,0.00516360962,1.15852483e-06,9.94568865e-06,3.24650355,10.0,1.13931424e-06,1.4170118000000002e-06,8.169113060000001e-07,5.67114764e-07,4.3357692299999995e-07,3.508915890000001e-07,3.10100187e-07,2.664219e-07,5.82691812e-07,1.40259319e-07,2.0436752200000003e-06,84.91446899999998,45.5990452,2.8536479300000006e-10,9.195864699999998,0.0012640752000000002,0.0779023942,2.85844021e-06,5.07042589e-07,0.0012738861699999999,0.0791787803,2.85844021e-06,5.07042589e-07,0.0008984310360000001,0.0395571955,2.85844021e-06,5.07042589e-07,0.00124754401,0.074575147,2.85844021e-06,5.07042589e-07,2.4552930116653444
355,1695306600,1.62461014e-05,1.62461074e-05,0.0055181948900000005,-0.008715967799999998,0.0160437547,0.00321716133,0.00662205946,0.00516848816,1.16855814e-06,1.02432504e-05,3.4230770199999996,10.6,1.1736939e-06,1.41501384e-06,8.15738916e-07,5.73546326e-07,4.49647936e-07,3.5261675700000003e-07,3.03321166e-07,2.67441461e-07,5.93714408e-07,1.38727216e-07,2.03956405e-06,84.6647214,45.269622299999995,2.88532296e-10,9.1935146,0.00127842193,0.0786405927,2.5988700799999997e-06,4.71593532e-07,0.0012758557800000001,0.0786326601,2.5988700799999997e-06,4.71593532e-07,0.000878697321,0.0379326559,2.5988700799999997e-06,4.71593532e-07,0.0012708707800000003,0.0787153977,2.5988700799999997e-06,4.71593532e-07,2.455289888381958
355,1695307200,1.63953374e-05,1.63953418e-05,0.0011741584,0.013870901299999999,0.0168422182,0.0032291264699999996,0.006666340830000001,0.00519202687,1.2310360900000002e-06,1.048868445e-05,3.35139866,12.2,1.20583023e-06,1.4389690499999999e-06,8.203283640000001e-07,5.800898579999999e-07,4.53251414e-07,3.66915782e-07,3.06928608e-07,2.6709620699999996e-07,5.70529303e-07,1.39335198e-07,2.04837479e-06,84.69651510000001,45.0638212,2.92346887e-10,9.192356499999999,0.0012715907299999999,0.078728571,3.16013435e-06,5.20640115e-07,0.00129705657,0.0818993665,3.16013435e-06,5.20640115e-07,0.0008912661799999999,0.039234158799999995,3.16013435e-06,5.20640115e-07,0.0012676902,0.07866050440000001,3.16013435e-06,5.20640115e-07,2.455266070365906
355,1695307800,1.61268956e-05,1.6126902599999998e-05,-0.00498493013,-0.009141420699999998,0.01640903065,0.0032054499399999997,0.006596356239999999,0.00516638296,1.1767065600000002e-06,1.0805281e-05,3.12937068,11.7,1.12083975e-06,1.4439073300000002e-06,8.14797912e-07,5.52173294e-07,4.33502292e-07,3.58494888e-07,3.02427081e-07,2.6017670000000004e-07,5.822987469999999e-07,1.3767581e-07,2.0571134899999998e-06,85.05490019999999,45.6824247,2.85185673e-10,9.1967578,0.0012602309499999999,0.0770399587,2.7469772399999997e-06,4.7640941300000006e-07,0.00127804088,0.0794328055,2.7469772399999997e-06,4.7640941300000006e-07,0.000854735905,0.0363666853,2.7469772399999997e-06,4.7640941300000006e-07,0.00126924457,0.07811895399999999,2.7469772399999997e-06,4.7640941300000006e-07,2.4552778005599976
355,1695308400,1.6234038e-05,1.62340399e-05,0.01654445161,-0.0023074055000000004,0.016746222600000003,0.0032164336600000003,0.00663695676,0.005163471869999999,1.20824683e-06,1.060734245e-05,3.31118887,12.0,1.22537458e-06,1.4108502899999998e-06,7.73621682e-07,5.57700361e-07,4.4215012699999996e-07,3.65907765e-07,2.98947696e-07,2.6748844899999995e-07,5.846730399999999e-07,1.4195283100000002e-07,2.0483097700000004e-06,84.84229210000001,45.3605777,2.8841043600000006e-10,9.193585350000001,0.0012497996600000002,0.0757019762,2.6408555e-06,4.89359379e-07,0.0012645410900000002,0.0773353476,2.6408555e-06,4.89359379e-07,0.0009145954329999999,0.040859620799999996,2.6408555e-06,4.89359379e-07,0.0012769321199999999,0.0792658338,2.6408555e-06,4.89359379e-07,2.455276894569397
355,1695309000,1.6132855899999997e-05,1.613286e-05,-0.0029665393479999993,0.002469591050000001,0.0164949701,0.0032049229500000003,0.006602058259999999,0.0051398433,1.2118839099999999e-06,1.10964298e-05,3.2832168600000005,12.0,1.18367848e-06,1.3921246e-06,7.92394387e-07,5.762951689999999e-07,4.37995705e-07,3.46507288e-07,3.0949704300000003e-07,2.66710018e-07,5.82555987e-07,1.4160362e-07,2.03704307e-06,84.90494300000002,45.51840969999999,2.8600664499999997e-10,9.194135200000002,0.0012547487899999999,0.07667749069999999,3.1250637799999994e-06,5.10075259e-07,0.0012834433,0.0801723184,3.1250637799999994e-06,5.10075259e-07,0.000897651408,0.0395899401,3.1250637799999994e-06,5.10075259e-07,0.00124293596,0.0750952121,3.1250637799999994e-06,5.10075259e-07,2.455277991294861
355,1695309600,1.61196498e-05,1.6119658e-05,0.00770427845,0.0053333063,0.0172546895,0.00320360973,0.00661957788,0.00513826799,1.1251775e-06,1.003521815e-05,3.1905595,11.0,1.1829980900000002e-06,1.37125016e-06,8.07077175e-07,5.577773280000001e-07,4.31959575e-07,3.6644325e-07,3.05439537e-07,2.63156995e-07,5.86962995e-07,1.38601954e-07,2.0481414799999996e-06,84.856076,45.6008672,2.84956709e-10,9.19556855,0.0012618996900000002,0.0771262187,3.0451802400000004e-06,5.278804770000001e-07,0.00127930556,0.0792653531,3.0451802400000004e-06,5.278804770000001e-07,0.0009125847900000001,0.040860910199999996,3.0451802400000004e-06,5.278804770000001e-07,0.00122229731,0.0734577314,3.0451802400000004e-06,5.278804770000001e-07,2.455282187461853
355,1695310200,1.6244788500000003e-05,1.62447897e-05,0.004947358139999999,0.014554913999999999,0.016512914899999998,0.00321213443,0.006627825580000001,0.00516636128,1.22065538e-06,1.0517209699999999e-05,3.2639861000000003,10.5,1.1924162499999999e-06,1.39466687e-06,8.20913761e-07,5.62794382e-07,4.40454987e-07,3.6631600500000003e-07,3.1135101599999997e-07,2.62067783e-07,5.916799419999999e-07,1.4057018900000002e-07,2.03914155e-06,84.79276200000001,45.3117641,2.88888907e-10,9.192928300000002,0.00127146917,0.0784287759,3.15152378e-06,5.2081224e-07,0.00127473221,0.0787322461,3.15152378e-06,5.2081224e-07,0.0008884416630000001,0.0396072522,3.15152378e-06,5.2081224e-07,0.0012571475499999999,0.07695726620000001,3.15152378e-06,5.2081224e-07,2.455526041984558
355,1695310800,1.60879138e-05,1.60879146e-05,-0.0042512157,-0.00301712749,0.0167348555,0.0031992972000000003,0.006611309130000001,0.00514069637,1.2024535599999998e-06,1.034775975e-05,3.1468532,10.7,1.2090355799999999e-06,1.3836753200000002e-06,7.9710979e-07,5.49202555e-07,4.26222053e-07,3.5619213e-07,3.04215937e-07,2.57353259e-07,5.76799247e-07,1.40714611e-07,2.04338975e-06,84.9389089,45.4735451,2.8536899399999994e-10,9.1945137,0.00124203978,0.07514549910000001,2.6825098199999998e-06,4.66660935e-07,0.0012810270799999998,0.0791098655,2.6825098199999998e-06,4.66660935e-07,0.000885790594,0.0381559194,2.6825098199999998e-06,4.66660935e-07,0.0012678405,0.07821087489999999,2.6825098199999998e-06,4.66660935e-07,2.4550221443176268
355,1695311400,1.62522291e-05,1.6252235e-05,-0.0012061861129999993,-0.0015692638300000006,0.016738597700000003,0.00321703354,0.00663044634,0.005162485109999999,1.19010946e-06,1.04515515e-05,3.11888118,9.8,1.18755592e-06,1.43370673e-06,8.03087139e-07,5.69055483e-07,4.3347183900000003e-07,3.52579682e-07,3.06651e-07,2.63534389e-07,5.87139933e-07,1.39997907e-07,2.04931158e-06,84.88193470000002,45.3772661,2.88263787e-10,9.19524715,0.0012578255,0.0765650006,2.88385493e-06,4.963622770000001e-07,0.0012940942900000001,0.0813703466,2.88385493e-06,4.963622770000001e-07,0.000884608517,0.0389121454,2.88385493e-06,4.963622770000001e-07,0.00126348425,0.07720915689999999,2.88385493e-06,4.963622770000001e-07,2.455264377593994
355,1695312000,1.61671815e-05,1.61671844e-05,0.007878824,-0.00869969047,0.016888436099999998,0.00320898727,0.006625017890000001,0.0051693534800000005,1.1829896899999998e-06,1.06396478e-05,3.2377623,10.6,1.1761661200000002e-06,1.40673278e-06,8.03881885e-07,5.641300200000001e-07,4.3653741799999997e-07,3.52289698e-07,3.04922989e-07,2.6364435299999996e-07,5.92432849e-07,1.4202290900000001e-07,2.04081291e-06,84.94217350000001,45.5517244,2.8595434699999994e-10,9.1957422,0.0012650977799999999,0.07739888639999999,2.96876702e-06,4.894148239999999e-07,0.00126939915,0.07843192000000002,2.96876702e-06,4.894148239999999e-07,0.0008997087729999999,0.0392494328,2.96876702e-06,4.894148239999999e-07,0.0012598798499999998,0.07675854959999999,2.96876702e-06,4.894148239999999e-07,2.4552428007125853
355,1695312600,1.61801045e-05,1.61801091e-05,-0.01220298102,0.012110892999999998,0.016358113799999997,0.00320818993,0.0066116288,0.00514656399,1.19116659e-06,1.033869655e-05,3.3269231500000003,11.7,1.18272111e-06,1.4049185e-06,8.01300365e-07,5.64071341e-07,4.38338054e-07,3.6693518600000004e-07,3.0752802e-07,2.66100923e-07,5.805538450000001e-07,1.39167235e-07,2.03839415e-06,84.79489939999999,45.3734144,2.8716727200000003e-10,9.193899499999999,0.0012663457,0.0777225342,3.03661076e-06,5.276037110000001e-07,0.0012663178100000001,0.07803071260000001,3.03661076e-06,5.276037110000001e-07,0.0008980750800000001,0.0401621031,3.03661076e-06,5.276037110000001e-07,0.00125898946,0.0774126241,3.03661076e-06,5.276037110000001e-07,2.455305480957031
355,1695313200,1.6120825799999998e-05,1.61208302e-05,-0.0077095876100000005,0.007925265269999999,0.0161790229,0.00320229846,0.006593623900000001,0.005139809480000001,1.14385094e-06,9.9976792e-06,3.173077,9.9,1.16140903e-06,1.37915455e-06,8.358167469999999e-07,5.74438769e-07,4.3480287200000004e-07,3.5981859e-07,3.0266416899999997e-07,2.63865635e-07,5.76637156e-07,1.4018210399999998e-07,2.0315850999999995e-06,84.9171557,45.4811489,2.85227054e-10,9.19674,0.0012682802199999999,0.0785799567,3.3968383200000003e-06,5.330384709999999e-07,0.0012816707899999998,0.079652207,3.3968383200000003e-06,5.330384709999999e-07,0.0008867231819999998,0.03875200560000001,3.3968383200000003e-06,5.330384709999999e-07,0.00124665892,0.0751579755,3.3968383200000003e-06,5.330384709999999e-07,2.4552999258041384
355,1695313800,1.61481395e-05,1.61481443e-05,-0.0003402077900000001,-0.0016708585800000002,0.016172363999999998,0.0032060298100000002,0.006594961619999999,0.00514793067,1.15116779e-06,1.048368765e-05,3.19230774,10.7,1.1551391049999998e-06,1.40089725e-06,8.03859222e-07,5.717373479999999e-07,4.4888047199999995e-07,3.5386769899999994e-07,2.98577853e-07,2.6365771999999995e-07,5.862852360000001e-07,1.38627756e-07,2.0524756000000003e-06,84.9280216,45.637737099999995,2.8543331299999996e-10,9.195739999999999,0.00126710512,0.0776796122,2.6165138099999998e-06,4.82018336e-07,0.00128568162,0.0805812156,2.6165138099999998e-06,4.82018336e-07,0.0008797832910000001,0.03791581979999999,2.6165138099999998e-06,4.82018336e-07,0.0012372217700000001,0.07464543800000001,2.6165138099999998e-06,4.82018336e-07,2.4552695512771607
355,1695314400,1.6197275100000005e-05,1.6197278100000003e-05,0.001962910794,0.0076031070000000004,0.0167113256,0.0032099624200000003,0.00662103904,0.0051663531799999995,1.24829171e-06,1.085683435e-05,3.18531472,12.9,1.21066138e-06,1.42502464e-06,7.72939525e-07,5.53382282e-07,4.4663702899999995e-07,3.5431523800000005e-07,3.1033768900000005e-07,2.6739287499999996e-07,5.81107427e-07,1.3956625e-07,2.0372528999999994e-06,84.90484539999999,45.332922,2.87864812e-10,9.1937998,0.00126543455,0.0775391088,2.99166712e-06,5.272691690000001e-07,0.00126379296,0.0776626135,2.99166712e-06,5.272691690000001e-07,0.000907186506,0.0404306291,2.99166712e-06,5.272691690000001e-07,0.0012722229800000001,0.07805104049999999,2.99166712e-06,5.272691690000001e-07,2.4552377223968507
355,1695315000,1.6086502e-05,1.60865074e-05,0.0019342760599999989,0.001831809610000001,0.01622927335,0.00320103723,0.00658572531,0.00514888119,1.15151173e-06,1.0763642e-05,3.1713286899999997,12.3,1.13631878e-06,1.40832513e-06,7.970023110000001e-07,5.63176256e-07,4.34973191e-07,3.57886852e-07,3.07768668e-07,2.6054961100000006e-07,5.83324627e-07,1.4142277800000002e-07,2.05249417e-06,85.15315239999998,45.85923760000001,2.8352023500000003e-10,9.19778155,0.00126372964,0.0769621827,3.11503396e-06,4.98715871e-07,0.00127047679,0.0781799856,3.11503396e-06,4.98715871e-07,0.0008760189749999999,0.03804245579999999,3.11503396e-06,4.98715871e-07,0.0012556408600000002,0.0762109616,3.11503396e-06,4.98715871e-07,2.455235171318054
355,1695315600,1.6312673899999998e-05,1.63126795e-05,0.00506940813,0.00674204319,0.0161903213,0.0032216079299999998,0.006650804960000001,0.00517015523,1.19733523e-06,1.0553944e-05,3.4318182399999997,12.0,1.1651316599999997e-06,1.44171509e-06,8.275071869999998e-07,5.837083010000001e-07,4.5036053100000004e-07,3.48146073e-07,3.01556594e-07,2.6352371099999993e-07,5.86311935e-07,1.39067446e-07,2.0492979600000002e-06,84.7116199,45.22542880000001,2.8968441199999996e-10,9.1940119,0.00127329619,0.0785370276,2.8538629299999995e-06,4.940668639999999e-07,0.00128813556,0.08073329330000001,2.8538629299999995e-06,4.940668639999999e-07,0.000891290296,0.0390304392,2.8538629299999995e-06,4.940668639999999e-07,0.0012640209699999998,0.0782000715,2.8538629299999995e-06,4.940668639999999e-07,2.455307149887085
355,1695316200,1.6268173999999997e-05,1.62681758e-05,-0.00435896372,0.02019883653,0.0161675525,0.00321605145,0.0066277483400000005,0.00515296839,1.20308455e-06,1.052995675e-05,3.3339161400000004,11.2,1.2146136000000002e-06,1.41830876e-06,8.0201445e-07,5.69988587e-07,4.35322246e-07,3.53574719e-07,3.04070237e-07,2.55694556e-07,5.78414426e-07,1.4045704800000001e-07,2.06160505e-06,84.92655900000001,45.354213699999995,2.8920278600000004e-10,9.1946137,0.00126409781,0.0774511874,2.59994486e-06,4.75331287e-07,0.0012779367800000003,0.07877150000000001,2.59994486e-06,4.75331287e-07,0.000889040984,0.0392480924,2.59994486e-06,4.75331287e-07,0.0012772333900000002,0.0797379527,2.59994486e-06,4.75331287e-07,2.455267095565796
355,1695316800,1.62639481e-05,1.6263952399999997e-05,-0.0017516120399999999,-0.0016813071699999997,0.016403791,0.0032171736300000003,0.00662474621,0.00516510256,1.17123756e-06,1.06415683e-05,3.43006995,12.1,1.19426886e-06,1.41701274e-06,8.13590376e-07,5.761222e-07,4.39455193e-07,3.45555131e-07,3.09576845e-07,2.69281961e-07,5.89336757e-07,1.3875299000000002e-07,2.03896693e-06,84.736069,45.2246564,2.88724703e-10,9.1938925,0.00127294518,0.0782916269,3.23471097e-06,5.47744382e-07,0.0012711929,0.07856047290000001,3.23471097e-06,5.47744382e-07,0.0008946209160000001,0.03994487410000001,3.23471097e-06,5.47744382e-07,0.00127199602,0.07808820920000001,3.23471097e-06,5.47744382e-07,2.4552408695220946
355,1695317400,1.60920398e-05,1.6092045400000004e-05,0.013171554999999998,0.01859614436,0.016484989749999998,0.00319820303,0.006597306850000001,0.00513542319,1.2501398900000002e-06,1.15689225e-05,3.1748252399999997,13.0,1.1841365100000001e-06,1.3889768100000001e-06,7.88342191e-07,5.554811459999999e-07,4.4476472500000006e-07,3.71088056e-07,2.9973669599999994e-07,2.56398622e-07,5.741820890000001e-07,1.3860989e-07,2.0442541e-06,85.03890570000002,45.591855,2.8497288899999995e-10,9.19608465,0.0012652998,0.0775000436,3.2709216200000004e-06,5.42978561e-07,0.0012540946400000001,0.0761863826,3.2709216200000004e-06,5.42978561e-07,0.000886402955,0.039292508,3.2709216200000004e-06,5.42978561e-07,0.00126040985,0.07737185210000001,3.2709216200000004e-06,5.42978561e-07,2.4553106307983397
355,1695318000,1.61441269e-05,1.61441333e-05,-0.00826461262,-0.006125522152999999,0.01589476895,0.0032073453,0.00660493994,0.00515817006,1.1698941199999999e-06,1.04406176e-05,3.18881123,11.3,1.2153796600000002e-06,1.3689646800000001e-06,8.12900862e-07,5.661419929999999e-07,4.2340955800000004e-07,3.6994048000000004e-07,3.00990921e-07,2.55447256e-07,5.8525927e-07,1.3783226899999998e-07,2.03575999e-06,84.89551309999999,45.388303199999996,2.8655948099999994e-10,9.19471165,0.0012595718,0.0770105774,2.56236212e-06,4.77980859e-07,0.0012661253399999998,0.0776272217,2.56236212e-06,4.77980859e-07,0.000911079057,0.040309638,2.56236212e-06,4.77980859e-07,0.0012513914199999998,0.0762993065,2.56236212e-06,4.77980859e-07,2.4552703619003298
355,1695318600,1.6164867100000003e-05,1.6164873399999998e-05,0.012175016463,-0.017575535999999996,0.0158586997,0.00321071699,0.00662975685,0.00515687731,1.1636634899999999e-06,1.00954711e-05,3.2307693200000003,9.8,1.20409061e-06,1.43184069e-06,7.95447083e-07,5.46254299e-07,4.24868636e-07,3.43625922e-07,3.01016568e-07,2.55744715e-07,5.80743224e-07,1.3784542599999998e-07,2.06090939e-06,85.0478255,45.504132500000004,2.86767845e-10,9.19525655,0.00124902423,0.0757783445,2.8248755100000006e-06,5.19772564e-07,0.0012683346699999998,0.0780728033,2.8248755100000006e-06,5.19772564e-07,0.000930237118,0.04190102529999999,2.8248755100000006e-06,5.19772564e-07,0.00125658227,0.0766781435,2.8248755100000006e-06,5.19772564e-07,2.455291819572449
355,1695319200,1.6223417100000003e-05,1.622342e-05,0.00290442123,0.00706490233,0.0168255421,0.0032142152399999998,0.00661671022,0.005166403630000001,1.15937584e-06,1.0530436700000001e-05,3.1905595,12.2,1.18330891e-06,1.39923164e-06,8.42708628e-07,5.62616516e-07,4.35822231e-07,3.67603676e-07,3.03057752e-07,2.65000475e-07,5.83846878e-07,1.40236896e-07,2.0282523799999998e-06,84.730176,45.2133746,2.88481945e-10,9.193150900000001,0.0012633348200000003,0.0773459316,2.61075214e-06,4.75882091e-07,0.00129537853,0.0812710984,2.61075214e-06,4.75882091e-07,0.000880783737,0.03778000620000001,2.61075214e-06,4.75882091e-07,0.0012730936899999997,0.07820461399999998,2.61075214e-06,4.75882091e-07,2.4552117586135864
355,1695319800,1.60782017e-05,1.6078205799999998e-05,0.007053778299999999,0.009821917099999999,0.016842927299999998,0.00319931102,0.00658317806,0.00513790118,1.1656892100000002e-06,1.0557223799999999e-05,3.31643363,11.7,1.13368849e-06,1.40723098e-06,8.038135659999999e-07,5.86888655e-07,4.3669493599999993e-07,3.61473776e-07,2.98728534e-07,2.60037335e-07,5.75971698e-07,1.3933225899999998e-07,2.0352323399999996e-06,85.0094917,45.588418,2.84989434e-10,9.19412685,0.0012650942999999997,0.0776930784,2.90023141e-06,4.85369797e-07,0.00128081425,0.0796412071,2.90023141e-06,4.85369797e-07,0.0008913838840000001,0.0387465463,2.90023141e-06,4.85369797e-07,0.00123745609,0.0746534996,2.90023141e-06,4.85369797e-07,2.455279302597046
355,1695320400,1.6176637700000003e-05,1.6176640899999997e-05,0.011058617124,0.012872835420000001,0.016521566,0.0032070496900000003,0.00662166018,0.00515080633,1.1800199600000001e-06,1.07483856e-05,3.24475531,12.0,1.1872328699999998e-06,1.3728259499999997e-06,8.11005643e-07,5.752523079999999e-07,4.48425532e-07,3.6547450799999994e-07,3.0196835699999997e-07,2.6179452599999997e-07,5.80650374e-07,1.3925509499999999e-07,2.0443744999999997e-06,84.9709741,45.51925960000001,2.86291871e-10,9.196386400000002,0.00126453379,0.0775058467,2.9758250900000005e-06,5.12407538e-07,0.0012733046799999997,0.0785953944,2.9758250900000005e-06,5.12407538e-07,0.0008927097440000001,0.039594458000000006,2.9758250900000005e-06,5.12407538e-07,0.0012541625300000001,0.0761625466,2.9758250900000005e-06,5.12407538e-07,2.455244255065918
355,1695321000,1.6155181e-05,1.61551889e-05,0.015174914765000002,-0.007659532356000001,0.016216999500000003,0.00320886354,0.00661267252,0.00514886301,1.15875739e-06,1.0462988950000002e-05,3.24650352,10.7,1.2001828200000001e-06,1.38078201e-06,8.060176749999999e-07,5.61972412e-07,4.4846450699999997e-07,3.5139187100000004e-07,3.09093542e-07,2.6546315999999997e-07,5.78255818e-07,1.42591937e-07,2.03333623e-06,84.9022679,45.4305275,2.86421787e-10,9.19478685,0.00126424701,0.0780765044,2.83214437e-06,5.126433420000001e-07,0.0012673610999999999,0.07751936239999999,2.83214437e-06,5.126433420000001e-07,0.000900926427,0.0398452375,2.83214437e-06,5.126433420000001e-07,0.00125891131,0.07642888350000002,2.83214437e-06,5.126433420000001e-07,2.4552392244338987
355,1695321600,1.60734172e-05,1.60734232e-05,1.3019316000000523e-05,-0.020750100789999996,0.015897261099999997,0.00320133774,0.006601608609999999,0.00515114355,1.15396472e-06,1.009177735e-05,3.1258741500000005,11.2,1.18821985e-06,1.3917366600000002e-06,7.857144830000001e-07,5.723329909999999e-07,4.2735032499999993e-07,3.55939922e-07,2.9691201700000004e-07,2.57281319e-07,5.78080596e-07,1.39155507e-07,2.0439591900000002e-06,85.0341105,45.608420699999996,2.84924617e-10,9.194517,0.0012566018100000002,0.0767914129,2.99364208e-06,5.193348070000001e-07,0.0012575316499999999,0.0768471624,2.99364208e-06,5.193348070000001e-07,0.0009005730390000001,0.0401618172,2.99364208e-06,5.193348070000001e-07,0.0012547870099999998,0.076272059,2.99364208e-06,5.193348070000001e-07,2.455295538902283
355,1695322200,1.60458888e-05,1.60458916e-05,-0.0017901243949999999,-0.016433640160000002,0.015549686000000002,0.00319546217,0.0066066350199999995,0.00513786162,1.13076557e-06,9.94119945e-06,3.09265741,10.4,1.1690495300000003e-06,1.35213114e-06,8.219167959999999e-07,5.63151018e-07,4.2366852500000003e-07,3.50947347e-07,3.08245804e-07,2.64670572e-07,5.815356609999999e-07,1.38796015e-07,2.0488191800000003e-06,85.02822499999999,45.7842123,2.83264564e-10,9.196300099999998,0.0012592102399999999,0.0769615764,2.8237674499999994e-06,5.207127900000001e-07,0.0012834544,0.07975473300000001,2.8237674499999994e-06,5.207127900000001e-07,0.000895189981,0.04005081070000001,2.8237674499999994e-06,5.207127900000001e-07,0.00122326185,0.0721914532,2.8237674499999994e-06,5.207127900000001e-07,2.4552335500717164
355,1695322800,1.60549074e-05,1.60549137e-05,-0.0039687643,0.01671145364,0.0157306446,0.0031952674200000004,0.00656992148,0.00512965789,1.15097561e-06,1.01660297e-05,3.2045455100000004,10.5,1.157657474e-06,1.40736738e-06,7.939494459999999e-07,5.57002124e-07,4.2861852199999997e-07,3.5857484699999997e-07,3.06521825e-07,2.60151397e-07,5.678153359999999e-07,1.35747331e-07,2.0540158000000003e-06,85.0364173,45.7479283,2.8310046e-10,9.19733785,0.00125242373,0.07634345690000001,2.8786466799999998e-06,5.173522060000001e-07,0.0012640555799999999,0.0781189866,2.8786466799999998e-06,5.173522060000001e-07,0.0008906721990000002,0.0393019438,2.8786466799999998e-06,5.173522060000001e-07,0.00124438746,0.07504736619999999,2.8786466799999998e-06,5.173522060000001e-07,2.4552183389663695
355,1695323400,1.62270645e-05,1.62270664e-05,-0.010583989214999999,-0.01053974026,0.0160098395,0.0032139724800000005,0.0066181101199999995,0.0051579745599999996,1.1999047299999997e-06,1.020909245e-05,3.24650356,11.6,1.20787033e-06,1.4125953099999998e-06,7.990471409999999e-07,5.656790779999999e-07,4.3414544899999996e-07,3.6018702500000006e-07,2.92965782e-07,2.65246148e-07,5.7866778e-07,1.4062518299999998e-07,2.05647026e-06,84.94879420000001,45.4032708,2.8801064900000003e-10,9.194703100000002,0.0012590731099999999,0.07677837929999999,3.169947199999999e-06,5.36929254e-07,0.0012622002300000002,0.077752429,3.169947199999999e-06,5.36929254e-07,0.000901131256,0.040255030100000005,3.169947199999999e-06,5.36929254e-07,0.00127112955,0.07837173850000001,3.169947199999999e-06,5.36929254e-07,2.4552419185638428
355,1695324000,1.62043463e-05,1.62043518e-05,-0.0004310677500000002,-0.005700658869999999,0.016284982,0.0032112946600000004,0.00661634643,0.00514791335,1.20458507e-06,1.0673997349999999e-05,3.24475531,12.2,1.18766477e-06,1.39877409e-06,8.1827924e-07,5.44682381e-07,4.4113477499999994e-07,3.5837321100000005e-07,3.04182292e-07,2.6460438600000006e-07,5.90587785e-07,1.3692447e-07,2.0569405e-06,84.8509156,45.5041115,2.87098484e-10,9.1943084,0.0012606337,0.07701834960000001,3.05948316e-06,5.527207130000001e-07,0.0012885047599999998,0.0800122684,3.05948316e-06,5.527207130000001e-07,0.0009036518130000001,0.0409247383,3.05948316e-06,5.527207130000001e-07,0.0012394819599999998,0.074173969,3.05948316e-06,5.527207130000001e-07,2.4552314281463623
355,1695324600,1.61539989e-05,1.61540005e-05,-0.0010082721199999992,0.014282993489999996,0.0163924183,0.00320675729,0.00660280683,0.00514089959,1.16995025e-06,1.00489304e-05,3.3199301300000004,10.4,1.19855708e-06,1.39317299e-06,7.954849890000001e-07,5.694042299999999e-07,4.285321840000001e-07,3.59321272e-07,3.07706938e-07,2.53575799e-07,5.8650754e-07,1.3845674199999997e-07,2.04624421e-06,85.03785789999999,45.50133199999999,2.86856982e-10,9.194462099999999,0.0012609578300000002,0.0770706709,2.8857011800000002e-06,5.1418251e-07,0.0012578361,0.0769056935,2.8857011800000002e-06,5.1418251e-07,0.000913465829,0.0409820523,2.8857011800000002e-06,5.1418251e-07,0.0012525472899999998,0.07666692680000001,2.8857011800000002e-06,5.1418251e-07,2.455220437049866
355,1695325200,1.62311778e-05,1.62311865e-05,0.00900382642,-0.009442013631999998,0.0157498502,0.00321559407,0.00664037426,0.00516668446,1.1578912599999998e-06,1.0209597050000002e-05,3.24300709,11.3,1.1815798200000001e-06,1.41310833e-06,8.3482153e-07,5.60650508e-07,4.48691155e-07,3.5040802399999995e-07,3.06684392e-07,2.61641432e-07,5.825817910000001e-07,1.37330757e-07,2.0380795600000004e-06,84.8664316,45.292548200000006,2.88398895e-10,9.19449045,0.0012745164000000002,0.07901478149999999,3.23506466e-06,5.10836267e-07,0.0012646561099999998,0.0775969325,3.23506466e-06,5.10836267e-07,0.000895468782,0.039362797899999996,3.23506466e-06,5.10836267e-07,0.0012711937,0.07870818809999999,3.23506466e-06,5.10836267e-07,2.4552545070648195
355,1695325800,1.6200728600000002e-05,1.62007339e-05,-0.0013780067969999996,0.015597173900000002,0.0163737043,0.0032088635300000002,0.006637244509999999,0.00517068899,1.1822534800000001e-06,1.00057256e-05,3.1590909700000003,11.9,1.17377175e-06,1.43205462e-06,7.962615409999999e-07,5.57903293e-07,4.32039673e-07,3.65469218e-07,3.07977917e-07,2.60455275e-07,5.84129849e-07,1.3731203800000004e-07,2.052904e-06,84.82422229999999,45.383572,2.8726594200000003e-10,9.1950351,0.00125448719,0.07641303959999998,2.5882088699999994e-06,4.7600584400000005e-07,0.00128707707,0.0796846785,2.5882088699999994e-06,4.7600584400000005e-07,0.0008954690939999999,0.039310443699999996,2.5882088699999994e-06,4.7600584400000005e-07,0.0012637262899999999,0.07779763849999999,2.5882088699999994e-06,4.7600584400000005e-07,2.4555180311203
355,1695326400,1.6115984e-05,1.61159857e-05,-0.0024362469499999997,-0.0161776782,0.016373815,0.00320666197,0.00659243692,0.00514572011,1.1096645600000001e-06,1.002637475e-05,3.08041964,9.8,1.1422232099999998e-06,1.3946543599999998e-06,8.05282802e-07,5.717315969999999e-07,4.41354421e-07,3.52587713e-07,3.0774398699999993e-07,2.69626407e-07,5.8323928e-07,1.4091258500000002e-07,2.0486175400000003e-06,84.91001939999998,45.670289399999994,2.8470571200000005e-10,9.195419699999999,0.00126696088,0.0776980642,2.8060991099999996e-06,4.85844177e-07,0.00126691694,0.0779705234,2.8060991099999996e-06,4.85844177e-07,0.0008869049280000001,0.038642718300000004,2.8060991099999996e-06,4.85844177e-07,0.0012502347900000001,0.0759262681,2.8060991099999996e-06,4.85844177e-07,2.454876446723938
355,1695327000,1.60926981e-05,1.6092701400000002e-05,0.0005058234800000005,0.004944622500000002,0.0169609849,0.0032001533299999994,0.006593257179999999,0.005145700509999999,1.1560442e-06,1.01675157e-05,3.2237763,11.8,1.16945494e-06,1.37371127e-06,8.011159170000001e-07,5.6744287e-07,4.4434426099999997e-07,3.56397809e-07,3.08949689e-07,2.5870817000000005e-07,5.8982158e-07,1.3970796799999999e-07,2.0366685199999996e-06,84.972436,45.6406026,2.8433514499999995e-10,9.1954179,0.00126595118,0.0776720249,2.73439545e-06,4.914584509999999e-07,0.0012664357399999999,0.0774717091,2.73439545e-06,4.914584509999999e-07,0.000884735144,0.0385195988,2.73439545e-06,4.914584509999999e-07,0.00125075547,0.075948534,2.73439545e-06,4.914584509999999e-07,2.4552472829818726
355,1695327600,1.6056317900000002e-05,1.6056323500000002e-05,-0.0010491208899999992,-0.002118341759999999,0.0162992175,0.00319696997,0.006586634650000001,0.00512879004,1.19354624e-06,1.0656528400000002e-05,3.1590909399999996,11.1,1.12167369e-06,1.42108271e-06,8.057965109999999e-07,5.61900221e-07,4.37412333e-07,3.5468389e-07,3.0517988200000003e-07,2.5836101e-07,5.841471809999999e-07,1.4065031700000002e-07,2.03723704e-06,84.9333359,45.6151291,2.83653524e-10,9.19635835,0.00126397584,0.0777065226,2.7521258899999996e-06,4.77175392e-07,0.00126427799,0.0776064469,2.7521258899999996e-06,4.77175392e-07,0.000875194552,0.0374999434,2.7521258899999996e-06,4.77175392e-07,0.00126213035,0.0769874576,2.7521258899999996e-06,4.77175392e-07,2.4552357673645018
355,1695328200,1.6145541849999997e-05,1.61455452e-05,-0.001678105429999998,-0.0035085021199999997,0.0167206185,0.0032065299900000004,0.006610273330000001,0.00514695177,1.22001924e-06,1.095709175e-05,3.2500000200000003,11.5,1.1661139000000002e-06,1.4316976600000002e-06,7.7713113e-07,5.56533888e-07,4.4677450800000007e-07,3.63189579e-07,2.9571251199999995e-07,2.59478923e-07,5.84579849e-07,1.3991189200000002e-07,2.0516093200000003e-06,84.97572840000001,45.6191824,2.8561408700000005e-10,9.195592649999998,0.00126405774,0.0775540515,2.7158123100000003e-06,4.811864630000001e-07,0.0012623097099999999,0.0769737019,2.7158123100000003e-06,4.811864630000001e-07,0.000890432699,0.03886552280000001,2.7158123100000003e-06,4.811864630000001e-07,0.00125872066,0.0774169999,2.7158123100000003e-06,4.811864630000001e-07,2.4552411794662476
355,1695328800,1.61523074e-05,1.6152310399999998e-05,0.009376579503000002,0.0264897016,0.016673869,0.0032033946699999995,0.006627770650000001,0.00514154389,1.21059099e-06,1.07682808e-05,3.314685360000001,11.3,1.15754637e-06,1.44991478e-06,7.889389440000002e-07,5.56483408e-07,4.2832707200000004e-07,3.66629156e-07,2.98940304e-07,2.67279952e-07,5.836906149999999e-07,1.4006292300000001e-07,2.03833225e-06,84.96423869999998,45.475339399999996,2.86421504e-10,9.19532225,0.0012535922,0.0763095012,2.77405247e-06,4.99527684e-07,0.00128590585,0.079839982,2.77405247e-06,4.99527684e-07,0.000872227058,0.0377981545,2.77405247e-06,4.99527684e-07,0.0012617762000000001,0.0775571105,2.77405247e-06,4.99527684e-07,2.4552454471588137
355,1695329400,1.6110252299999997e-05,1.6110260500000003e-05,0.0026191860999999995,0.027529065,0.016907039150000004,0.00319932645,0.00660011452,0.00512457398,1.2057005299999998e-06,1.0462744899999999e-05,3.26748259,11.8,1.18809931e-06,1.3748529799999999e-06,8.17016445e-07,5.47099423e-07,4.30656527e-07,3.62814834e-07,3.03045862e-07,2.5866937800000005e-07,5.8787802e-07,1.3877860099999998e-07,2.04617853e-06,84.962894,45.61366109999999,2.8494963599999995e-10,9.1960042,0.00126301365,0.077392703,2.9954240800000003e-06,5.29399109e-07,0.0012738441900000002,0.079303091,2.9954240800000003e-06,5.29399109e-07,0.0009050848020000001,0.0406707724,2.9954240800000003e-06,5.29399109e-07,0.0012210489599999998,0.072633372,2.9954240800000003e-06,5.29399109e-07,2.455223488807678
355,1695330000,1.62439728e-05,1.6243976e-05,-0.018186879540000003,-0.0175117881,0.016151933,0.00321776221,0.006620432720000001,0.005165055439999999,1.20561841e-06,1.026933455e-05,3.27447556,10.5,1.2065725300000001e-06,1.40617292e-06,7.92468694e-07,5.74773589e-07,4.3411190400000004e-07,3.60820073e-07,3.0387614199999997e-07,2.66886961e-07,5.84866528e-07,1.4162478800000002e-07,2.04977376e-06,84.8127364,45.3642893,2.8849205399999996e-10,9.1940486,0.0012687168499999999,0.0778116203,3.1445297099999997e-06,5.2703209e-07,0.00125985742,0.07709480599999999,3.1445297099999997e-06,5.2703209e-07,0.0009044322200000001,0.0403070264,3.1445297099999997e-06,5.2703209e-07,0.0012649083899999999,0.0782768919,3.1445297099999997e-06,5.2703209e-07,2.455227518081665
355,1695330600,1.61006913e-05,1.6100695099999998e-05,-0.005643509442999999,0.009502401604,0.0162360912,0.00320090132,0.00659584454,0.005130155879999999,1.1845332400000001e-06,1.00234086e-05,3.16083922,11.5,1.20063734e-06,1.37712033e-06,7.932360790000001e-07,5.7842021e-07,4.26676316e-07,3.6385077900000004e-07,2.9623022100000006e-07,2.59524105e-07,5.794736989999999e-07,1.3945295799999998e-07,2.0356909099999997e-06,84.97125349999999,45.480335,2.8558315000000003e-10,9.194939799999998,0.0012650584300000001,0.0777560464,2.94151326e-06,5.2095818e-07,0.00125820794,0.07662062649999998,2.94151326e-06,5.2095818e-07,0.0009083680180000001,0.0406333857,2.94151326e-06,5.2095818e-07,0.00125270426,0.0765319464,2.94151326e-06,5.2095818e-07,2.4552263975143434
355,1695331200,1.60545423e-05,1.60545435e-05,-0.0117890828,0.007707465999999999,0.01623726965,0.0031946977499999994,0.00659543883,0.0051208791399999995,1.19175314e-06,1.01611443e-05,3.16608397,12.0,1.14967622e-06,1.38671941e-06,8.296021589999999e-07,5.579628070000001e-07,4.28736495e-07,3.5653569400000004e-07,3.00799825e-07,2.61637634e-07,5.782176609999999e-07,1.40068565e-07,2.0372709099999997e-06,85.07914759999998,45.657688300000004,2.8462654600000004e-10,9.194806600000001,0.0012516525899999998,0.07628857959999999,2.61907816e-06,4.94063732e-07,0.00127375913,0.07936384449999999,2.61907816e-06,4.94063732e-07,0.000869579694,0.037969140900000004,2.61907816e-06,4.94063732e-07,0.00124821255,0.07518081889999999,2.61907816e-06,4.94063732e-07,2.4551973819732664
355,1695331800,1.63127369e-05,1.63127413e-05,0.0010976573999999996,0.00266164108,0.016230227,0.0032222508400000004,0.00665107338,0.00517437426,1.20042874e-06,1.0565834850000001e-05,3.43706295,12.7,1.2190498299999998e-06,1.46546604e-06,8.129357719999998e-07,5.593077679999999e-07,4.3847762500000006e-07,3.4140377200000005e-07,2.99466593e-07,2.6166596000000005e-07,5.831148119999999e-07,1.37618788e-07,2.0378252299999996e-06,84.811834,44.9969395,2.9195752399999993e-10,9.19138565,0.00126587678,0.07760131599999999,3.0124074099999997e-06,5.021766740000001e-07,0.0012767534299999998,0.0795832744,3.0124074099999997e-06,5.021766740000001e-07,0.0008886710700000001,0.0390567127,3.0124074099999997e-06,5.021766740000001e-07,0.00129898838,0.0817622969,3.0124074099999997e-06,5.021766740000001e-07,2.455192136764526
355,1695332400,1.61399609e-05,1.61399664e-05,0.0029936196500000003,-0.0040878238900000025,0.0161951755,0.00320739094,0.006621777850000001,0.00515861929,1.19653789e-06,1.085604615e-05,3.1818182399999997,11.9,1.15186558e-06,1.4224884600000002e-06,7.998767080000001e-07,5.635509860000001e-07,4.3822266499999994e-07,3.57917038e-07,2.98788226e-07,2.63734273e-07,5.889713949999999e-07,1.39749974e-07,2.0447736400000004e-06,85.0190479,45.6114668,2.8542098599999997e-10,9.196703500000002,0.00126536406,0.077288165,2.78387653e-06,4.873249680000001e-07,0.00126295771,0.07792550390000001,2.78387653e-06,4.873249680000001e-07,0.0008803118949999999,0.0381213812,2.78387653e-06,4.873249680000001e-07,0.00126511449,0.07729693800000001,2.78387653e-06,4.873249680000001e-07,2.45519642829895
355,1695333000,1.61753261e-05,1.6175329100000002e-05,-0.003612316619999999,-0.000677183749999998,0.0166941644,0.00320736826,0.006610614029999999,0.00515706747,1.1596196200000001e-06,1.05902058e-05,3.21328677,11.0,1.2207835399999998e-06,1.36939327e-06,7.800857699999999e-07,5.752606889999999e-07,4.38453953e-07,3.6091631e-07,3.02662648e-07,2.6958080299999996e-07,5.86598244e-07,1.3891942899999997e-07,2.0449454e-06,84.8650082,45.4489176,2.86852685e-10,9.194339500000002,0.00126064018,0.07719813049999999,2.81687205e-06,5.14426602e-07,0.00126276499,0.076818028,2.81687205e-06,5.14426602e-07,0.000918443862,0.0412851488,2.81687205e-06,5.14426602e-07,0.00125176995,0.076339895,2.81687205e-06,5.14426602e-07,2.455277752876282
355,1695333600,1.6046613499999997e-05,1.60466242e-05,-0.004281940523999999,0.027933367399999992,0.0172067126,0.0031980750700000005,0.006581628170000001,0.005135686330000001,1.2563929199999999e-06,1.1259825749999999e-05,2.9860140399999997,10.9,1.1049638299999999e-06,1.40389951e-06,8.23326082e-07,5.658355940000001e-07,4.3846145799999997e-07,3.6016861800000004e-07,3.00305907e-07,2.70373099e-07,5.7381324e-07,1.3796758e-07,2.0441749099999997e-06,84.93691039999999,45.742195300000006,2.83005178e-10,9.19764685,0.0012672706800000001,0.07785034,2.64559005e-06,4.752317499999999e-07,0.00126594967,0.0781838276,2.64559005e-06,4.752317499999999e-07,0.0008685060250000001,0.0370304533,2.64559005e-06,4.752317499999999e-07,0.00123967733,0.0752401555,2.64559005e-06,4.752317499999999e-07,2.455189847946167
355,1695334200,1.6079192599999998e-05,1.60791984e-05,-0.0088600767,-0.006444614674,0.0163561248,0.0032007595,0.006597371100000001,0.00515660777,1.1835576e-06,1.07933573e-05,3.22027978,11.0,1.1399275899999998e-06,1.41612538e-06,8.172460279999999e-07,5.609261740000001e-07,4.13422467e-07,3.547555319999999e-07,3.09766995e-07,2.61399357e-07,5.840226129999999e-07,1.38110344e-07,2.04387109e-06,84.9700574,45.6345688,2.841655089999999e-10,9.1960132,0.00125446472,0.0760489945,3.1924029299999995e-06,5.413211150000001e-07,0.0012709488299999998,0.07825218149999999,3.1924029299999995e-06,5.413211150000001e-07,0.0008764432240000002,0.038709951199999995,3.1924029299999995e-06,5.413211150000001e-07,0.00125212658,0.076367975,3.1924029299999995e-06,5.413211150000001e-07,2.455208921432495
355,1695334800,1.6298876099999997e-05,1.62988833e-05,0.011426097900000001,0.014744838529999998,0.0171558929,0.0032186420399999997,0.006642403230000001,0.0051827604,1.20456937e-06,1.03641052e-05,3.37587416,11.0,1.1921648400000001e-06,1.4530285099999998e-06,8.00285803e-07,5.508189160000001e-07,4.41720981e-07,3.6284366899999995e-07,2.96023933e-07,2.6467847700000005e-07,5.932648470000001e-07,1.3777994e-07,2.05678139e-06,84.89490959999999,45.3344156,2.89374278e-10,9.1954758,0.00125587379,0.0766992909,2.9232117700000004e-06,5.22334894e-07,0.00127577683,0.0790727156,2.9232117700000004e-06,5.22334894e-07,0.0009025604849999999,0.0403352097,2.9232117700000004e-06,5.22334894e-07,0.00126474356,0.07774371029999999,2.9232117700000004e-06,5.22334894e-07,2.4552584886550903
355,1695335400,1.63129137e-05,1.6312915999999998e-05,-0.00010413777999999955,0.0006822341999999997,0.0166415707,0.00322325684,0.00664338924,0.00516838342,1.17733787e-06,1.0114842149999999e-05,3.4143357100000005,10.7,1.19000871e-06,1.4690954100000001e-06,8.198156619999999e-07,5.46798485e-07,4.29236183e-07,3.5343557699999996e-07,3.11282432e-07,2.6630173300000004e-07,5.81795385e-07,1.3817194600000002e-07,2.05049788e-06,84.7580759,45.1152117,2.90893826e-10,9.19251705,0.00124855586,0.075818986,2.6408894699999997e-06,4.82640548e-07,0.00128094714,0.0793341175,2.6408894699999997e-06,4.82640548e-07,0.000895542954,0.039160934700000004,2.6408894699999997e-06,4.82640548e-07,0.0012947525500000001,0.08130807399999998,2.6408894699999997e-06,4.82640548e-07,2.455149269104004
355,1695336000,1.62588684e-05,1.62588713e-05,-0.004523910487,-0.014064088899999999,0.016433907799999998,0.003218659,0.00662231814,0.005174390950000001,1.2124177599999999e-06,1.02125013e-05,3.2989511300000003,11.6,1.2378446999999998e-06,1.43663354e-06,7.83206598e-07,5.631671650000001e-07,4.40338013e-07,3.37025061e-07,3.02778356e-07,2.6025516399999996e-07,5.783273030000001e-07,1.37156447e-07,2.05269441e-06,84.7467496,45.078284399999994,2.90216079e-10,9.192376200000002,0.00125383244,0.0764919964,2.93740612e-06,5.24933612e-07,0.00127114777,0.0788649938,2.93740612e-06,5.24933612e-07,0.000928425844,0.042030951100000005,2.93740612e-06,5.24933612e-07,0.0012666571900000001,0.07754815079999999,2.93740612e-06,5.24933612e-07,2.455151176452637
355,1695336600,1.5884514399999998e-05,1.5884518499999997e-05,0.001967684504,-0.014598185800000002,0.015939465899999998,0.0031813109899999996,0.006561790549999999,0.0051237539700000004,1.14538609e-06,1.009040235e-05,3.0646853700000003,10.0,1.13338517e-06,1.3275879900000003e-06,7.968918359999999e-07,5.70631119e-07,4.2380722900000004e-07,3.4762255800000005e-07,3.05850384e-07,2.6439805299999994e-07,5.82166018e-07,1.38625289e-07,2.05123792e-06,85.162075,46.179557599999995,2.78867554e-10,9.19828145,0.00125866346,0.07695706039999999,3.0474522000000003e-06,4.83034452e-07,0.0012571530299999999,0.07668626199999999,3.0474522000000003e-06,4.83034452e-07,0.000864000501,0.0372188758,3.0474522000000003e-06,4.83034452e-07,0.0012272698300000002,0.07334998259999999,3.0474522000000003e-06,4.83034452e-07,2.455094242095947
355,1695337200,1.61989802e-05,1.6198986899999998e-05,-0.005136263550000001,-0.0016398387000000013,0.016540394899999998,0.0032119194999999994,0.006614046090000001,0.00516032077,1.15505256e-06,1.05271642e-05,3.36013991,12.0,1.232881e-06,1.38011061e-06,7.76993349e-07,5.48575597e-07,4.481358790000001e-07,3.59111416e-07,3.16294656e-07,2.6832370400000005e-07,5.78613576e-07,1.38932366e-07,2.0514942e-06,84.910833,45.4562805,2.87055067e-10,9.1958947,0.00126864639,0.0783116245,2.82645363e-06,4.99176927e-07,0.0012572448499999999,0.076708891,2.82645363e-06,4.99176927e-07,0.000914918063,0.0405741129,2.82645363e-06,4.99176927e-07,0.0012651905,0.0774271579,2.82645363e-06,4.99176927e-07,2.4552958965301515
355,1695337800,1.62050911e-05,1.62051031e-05,-0.006895840010000001,0.009289132299999999,0.015977108499999997,0.0032113362199999995,0.006591727,0.00514564801,1.19774513e-06,1.073047905e-05,3.2272728,10.5,1.19980671e-06,1.4050791800000002e-06,7.861014199999999e-07,5.66616676e-07,4.34982612e-07,3.71114611e-07,3.11108541e-07,2.6300202799999996e-07,5.803510989999999e-07,1.3804080299999999e-07,2.04634024e-06,84.78490289999999,45.4268361,2.8685582599999993e-10,9.19559215,0.0012684257599999999,0.0778678757,2.7729681099999997e-06,4.88080719e-07,0.00126313951,0.0774098474,2.7729681099999997e-06,4.88080719e-07,0.0008967618259999999,0.039772441299999996,2.7729681099999997e-06,4.88080719e-07,0.0012730011200000001,0.07864604549999998,2.7729681099999997e-06,4.88080719e-07,2.4552977323532104
355,1695338400,1.62465363e-05,1.6246543700000003e-05,-0.0043703538200000015,-0.0128038036,0.015909142199999997,0.00321742098,0.00662680325,0.00515782921,1.1644561399999997e-06,1.017380295e-05,3.2237762699999997,11.6,1.1513113099999998e-06,1.4504683800000002e-06,8.07154589e-07,5.725691569999999e-07,4.33304802e-07,3.5546191000000003e-07,2.952494660000001e-07,2.6450340799999994e-07,5.93373551e-07,1.40949539e-07,2.05889899e-06,84.88120260000001,45.488830899999996,2.8865071499999996e-10,9.194108199999999,0.00126372633,0.0775464755,2.5916089000000004e-06,4.84098176e-07,0.00127285513,0.0788884019,2.5916089000000004e-06,4.84098176e-07,0.0008726856300000001,0.0378123883,2.5916089000000004e-06,4.84098176e-07,0.0012778014899999998,0.0789061325,2.5916089000000004e-06,4.84098176e-07,2.4552616357803343
355,1695339000,3.01209157e-05,3.0120922299999997e-05,-0.9287752551500003,71.77640689761,0.041943043900000004,0.0034787311899999998,0.0070376751799999995,0.005496351129999999,5.272873441e-05,0.00056157115045,4.92482514,24.1,3.2447191e-06,2.84354889e-06,1.3529043120000002e-06,8.90822474e-07,6.7753725e-07,5.46878864e-07,4.6953437800000005e-07,3.8686970300000006e-07,1.947951129e-06,1.4244896700000002e-07,2.5572054300000003e-06,81.9915202,43.6363827,6.402056070000001e-10,9.154547699999998,0.00127145319,0.17050720699999997,0.00014071306018,1.3482340915000002e-05,0.0012933938100000001,0.1414930356,0.00014071306018,1.3482340915000002e-05,0.000933104578,0.12751850620000002,0.00014071306018,1.3482340915000002e-05,0.00129029476,0.131425232,0.00014071306018,1.3482340915000002e-05,2.4557039022445677
355,1695339600,1.9030328299999998e-05,1.90303356e-05,-0.005185496760000001,-0.03649951690000001,0.0175670122,0.00348501303,0.007151712929999998,0.00559855556,1.2500832899999998e-06,1.16093055e-05,5.46678324,14.7,1.23298447e-06,1.4341347300000002e-06,7.989370789999999e-07,5.676949469999999e-07,4.3615255499999995e-07,3.63980238e-07,3.05787323e-07,2.67506912e-07,1.84775525e-06,1.41329063e-07,2.11889629e-06,84.3443934,45.6727666,3.728161059999999e-10,9.176978,0.0012642431,0.0775424931,3.27513162e-06,5.6151903e-07,0.00128321293,0.0796872818,3.27513162e-06,5.6151903e-07,0.0009108577979999999,0.041450515699999996,3.27513162e-06,5.6151903e-07,0.0012664812500000002,0.0784232214,3.27513162e-06,5.6151903e-07,2.455219531059265
355,1695340200,1.86425921e-05,1.8642600299999998e-05,-0.01279136461,-0.0211508476,0.0174400869,0.00344830738,0.007077362869999999,0.0055176381100000005,1.26522177e-06,1.1334033150000001e-05,5.225524490000001,14.2,1.14938376e-06,1.4013825300000002e-06,7.861712400000001e-07,5.58133065e-07,4.336479709999999e-07,3.5804555700000004e-07,3.1046087200000003e-07,2.67929003e-07,1.7914783e-06,1.39762796e-07,2.1248902999999997e-06,84.6030504,46.222902899999994,3.6159927099999997e-10,9.18064545,0.00126431511,0.0772946369,3.05105803e-06,5.19590793e-07,0.0012717624899999998,0.0785406844,3.05105803e-06,5.19590793e-07,0.000874087854,0.038112571600000006,3.05105803e-06,5.19590793e-07,0.00125422442,0.075980207,3.05105803e-06,5.19590793e-07,2.455206060409546
355,1695340800,1.8642717299999998e-05,1.864272e-05,-0.0010539057879999994,-0.0147924067,0.017064455799999996,0.0034480621699999998,0.00710317988,0.0055247629300000005,1.2220788299999998e-06,1.15037564e-05,5.24125874,15.3,1.18095808e-06,1.3847485299999997e-06,7.936844279999999e-07,5.699605700000001e-07,4.4213200799999993e-07,3.5351876499999997e-07,3.02062634e-07,2.74996078e-07,1.74787034e-06,1.42718482e-07,2.128696650000001e-06,84.5353606,46.14692279999999,3.6064582999999997e-10,9.1772541,0.00126376163,0.0776374153,3.17069869e-06,5.371116800000001e-07,0.0012736326600000002,0.07844577350000001,3.17069869e-06,5.371116800000001e-07,0.0009071994350000001,0.0405523369,3.17069869e-06,5.371116800000001e-07,0.00123883047,0.0745391981,3.17069869e-06,5.371116800000001e-07,2.4552286863327026
355,1695341400,1.86379107e-05,1.86379176e-05,-0.003333639499999999,-0.029527146440000002,0.0172932773,0.00344736415,0.0070793739200000014,0.0055435942600000005,1.1922329899999998e-06,1.143775135e-05,5.05419575,14.7,1.2367081200000002e-06,1.39853643e-06,8.203827299999999e-07,5.613028909999999e-07,4.4526939400000004e-07,3.55798723e-07,3.0442691100000005e-07,2.55821196e-07,1.7030233100000001e-06,1.3976689599999998e-07,2.0979081700000005e-06,84.41466410000001,45.632981199999996,3.6095846e-10,9.1770274,0.00126317271,0.0773934354,2.6609188e-06,5.17852871e-07,0.00129801846,0.08113412039999998,2.6609188e-06,5.17852871e-07,0.0009186734840000001,0.041298541700000004,2.6609188e-06,5.17852871e-07,0.00125466741,0.0771154191,2.6609188e-06,5.17852871e-07,2.4552398204803465
355,1695342000,1.87671722e-05,1.87671813e-05,-0.00102489222,-0.0105227962,0.017910238699999997,0.0034591446800000003,0.007134783289999999,0.00554986196,1.2376672900000002e-06,1.172126845e-05,5.06118881,12.9,1.18467342e-06,1.3867926699999997e-06,8.122216529999999e-07,5.853441300000001e-07,4.22435442e-07,3.62797768e-07,3.0468496100000005e-07,2.7239067199999997e-07,1.7791265799999997e-06,1.41993552e-07,2.1311090500000002e-06,84.607516,46.1269717,3.6444843600000007e-10,9.180561650000001,0.00126615667,0.078316016,2.8405265e-06,5.08485445e-07,0.00127914218,0.0787630343,2.8405265e-06,5.08485445e-07,0.000894180371,0.0395908146,2.8405265e-06,5.08485445e-07,0.00125548484,0.07687862329999999,2.8405265e-06,5.08485445e-07,2.4552428007125853
355,1695342600,1.94695854e-05,1.94695876e-05,-0.01230411992,-0.03495071107,0.0184206401,0.003526094749999999,0.007229453080000001,0.00566498399,1.2987035e-06,1.2358539800000002e-05,5.6853146500000005,15.1,1.20277474e-06,1.4013247599999999e-06,7.9185802e-07,5.77815833e-07,4.3154487699999997e-07,3.559101360000001e-07,3.0078579199999996e-07,2.7032970200000004e-07,2.08571391e-06,1.41015615e-07,2.17567437e-06,84.644215,46.3030828,3.85075191e-10,9.1760881,0.00126491046,0.07726252819999999,3.1146397000000002e-06,5.132554780000001e-07,0.00127139531,0.078587079,3.1146397000000002e-06,5.132554780000001e-07,0.00089218257,0.0390443403,3.1146397000000002e-06,5.132554780000001e-07,0.00126727699,0.07818586460000002,3.1146397000000002e-06,5.132554780000001e-07,2.4552605628967283
355,1695343200,1.90065171e-05,1.90065195e-05,-0.0034926030300000007,-0.03635317306000001,0.017313701,0.0034841540399999996,0.00716829852,0.0056106683300000005,1.22470555e-06,1.1463537050000002e-05,5.18181822,13.4,1.20590357e-06,1.4159419099999998e-06,7.932061979999999e-07,5.73292833e-07,4.3714371900000005e-07,3.49851361e-07,3.18195611e-07,2.71660031e-07,1.8819442499999997e-06,1.4108479099999998e-07,2.11497152e-06,84.3469856,45.751099700000005,3.72478539e-10,9.174007249999999,0.00126517504,0.0774272024,2.65024366e-06,5.159199610000001e-07,0.00127202298,0.079349975,2.65024366e-06,5.159199610000001e-07,0.0009166876799999999,0.0414062522,2.65024366e-06,5.159199610000001e-07,0.00125618294,0.0766646619,2.65024366e-06,5.159199610000001e-07,2.4552201986312867
355,1695343800,1.86704392e-05,1.86704414e-05,0.00821765053,-0.016015905469999998,0.0174933827,0.00344993139,0.007112535620000001,0.00554233101,1.2548964600000001e-06,1.2217026699999999e-05,5.26048957,16.1,1.16969638e-06,1.3953038499999998e-06,8.18277321e-07,5.683343060000001e-07,4.27647005e-07,3.576096600000001e-07,3.06580399e-07,2.77781813e-07,1.75990853e-06,1.3940758100000002e-07,2.1146210500000004e-06,84.4067498,45.974485599999994,3.62438148e-10,9.1766706,0.00127173494,0.07855891300000001,2.8873806500000004e-06,5.044496589999999e-07,0.00127078337,0.07840616730000001,2.8873806500000004e-06,5.044496589999999e-07,0.000897311371,0.03920334770000001,2.8873806500000004e-06,5.044496589999999e-07,0.0012569694800000002,0.0759211438,2.8873806500000004e-06,5.044496589999999e-07,2.455224895477295
355,1695344400,1.8355760699999996e-05,1.83557686e-05,-0.0024740445400000003,-0.02536219737,0.016576832599999997,0.00342194267,0.00704659178,0.00549522058,1.2281435299999999e-06,1.177523235e-05,4.75874131,13.5,1.1720593999999999e-06,1.43223273e-06,8.14199812e-07,5.4678143e-07,4.3565806100000003e-07,3.55218874e-07,3.03202997e-07,2.7568132099999997e-07,1.59709985e-06,1.3999047e-07,2.1057388e-06,84.50924080000001,45.7791746,3.5310932400000003e-10,9.1800816,0.00126507665,0.077497305,3.5015460699999995e-06,5.291704370000001e-07,0.00127594477,0.07917445649999999,3.5015460699999995e-06,5.291704370000001e-07,0.000896019381,0.039693581199999994,3.5015460699999995e-06,5.291704370000001e-07,0.00126465239,0.07741826700000001,3.5015460699999995e-06,5.291704370000001e-07,2.4552231788635255
355,1695345000,1.8619534099999998e-05,1.8619538900000002e-05,-0.0112824055,-0.0251566749,0.017600061,0.0034468822600000003,0.0070873468999999994,0.00552979141,1.2661717200000002e-06,1.20813646e-05,4.7377622200000005,12.9,1.2142207800000002e-06,1.42459002e-06,8.23009599e-07,5.72564556e-07,4.3613317000000004e-07,3.5342088900000005e-07,3.09310481e-07,2.58907575e-07,1.6502953799999999e-06,1.3879654499999999e-07,2.12849693e-06,84.278223,45.666033999999996,3.5881478099999996e-10,9.17681365,0.0012706551699999998,0.0782538015,2.86178472e-06,5.106006429999999e-07,0.00129629344,0.08151784699999999,2.86178472e-06,5.106006429999999e-07,0.000884895956,0.039069649100000006,2.86178472e-06,5.106006429999999e-07,0.0012812508099999999,0.078698843,2.86178472e-06,5.106006429999999e-07,2.455192232131958
355,1695345600,1.75667979e-05,1.7566803500000002e-05,-0.002377619120000001,-0.00977519243,0.016721141999999998,0.00334436706,0.0068808637500000006,0.005357468870000001,1.1741471300000002e-06,1.09114349e-05,4.40209794,13.4,1.17184412e-06,1.3919100600000002e-06,8.075681010000001e-07,5.66983128e-07,4.32002408e-07,3.6660261700000003e-07,3.08325175e-07,2.66557772e-07,1.250546697e-06,1.3874098700000002e-07,2.08227478e-06,84.687038,45.7871988,3.29223331e-10,9.1857532,0.00127213013,0.0781584428,2.7005138e-06,4.778841800000001e-07,0.0012692167,0.0780874973,2.7005138e-06,4.778841800000001e-07,0.000871847288,0.0373366209,2.7005138e-06,4.778841800000001e-07,0.00127835239,0.07890137950000001,2.7005138e-06,4.778841800000001e-07,2.4552098751068114
355,1695346200,1.63112378e-05,1.63112402e-05,-0.01632462789,-0.0067375959000000015,0.0161678771,0.00322306007,0.0066226294300000006,0.00517807666,1.17515448e-06,1.0251049899999999e-05,3.29370635,10.6,1.16670917e-06,1.39984795e-06,8.26720037e-07,5.628049170000001e-07,4.3116218300000003e-07,3.6767823099999996e-07,2.99968215e-07,2.6480906e-07,5.92477344e-07,1.39498276e-07,2.1039177499999997e-06,84.9661816,45.8430605,2.8781793400000006e-10,9.195545649999998,0.00126294329,0.07712870200000001,2.86268249e-06,5.02962286e-07,0.00128004121,0.0798725055,2.86268249e-06,5.02962286e-07,0.000887045043,0.038867777900000004,2.86268249e-06,5.02962286e-07,0.0012614213099999998,0.0765108295,2.86268249e-06,5.02962286e-07,2.455244255065918
355,1695346800,1.6366328700000004e-05,1.63663408e-05,-0.006807745600000001,0.013363651399999996,0.019015119049999998,0.0032297840699999996,0.006629593730000001,0.0051996743,1.2145819200000003e-06,1.0981651600000001e-05,3.3828671200000002,12.3,1.18105709e-06,1.3928284799999998e-06,8.19741945e-07,5.801716809999999e-07,4.315116489999999e-07,3.42623651e-07,2.9998436800000003e-07,2.69876394e-07,5.960542399999999e-07,1.42600773e-07,2.126686e-06,85.24227269999999,46.1673018,2.8731243800000004e-10,9.2002212,0.00126105718,0.0769845095,3.0525841400000003e-06,5.06135992e-07,0.00127918751,0.07913771350000001,3.0525841400000003e-06,5.06135992e-07,0.0008792053539999999,0.0384509236,3.0525841400000003e-06,5.06135992e-07,0.0012581381700000002,0.0770503609,3.0525841400000003e-06,5.06135992e-07,2.4552004814147947
355,1695347400,1.61761516e-05,1.61761546e-05,-0.006802256719999999,-0.010286406199999999,0.0160115584,0.0032114849099999995,0.006593446309999999,0.00515125673,1.19028321e-06,1.0282616250000002e-05,3.2097902499999997,11.1,1.1793985899999998e-06,1.3916262800000002e-06,7.86174192e-07,5.66846695e-07,4.5356194300000005e-07,3.37073659e-07,2.98140904e-07,2.7349976300000005e-07,5.931025779999999e-07,1.39444493e-07,2.06916486e-06,85.016392,45.7913755,2.8539210900000003e-10,9.1958015,0.0012647441,0.0776444779,2.6230926200000003e-06,4.97588968e-07,0.00126229946,0.0774198495,2.6230926200000003e-06,4.97588968e-07,0.0008909142049999999,0.0392009081,2.6230926200000003e-06,4.97588968e-07,0.0012446564899999998,0.0752370241,2.6230926200000003e-06,4.97588968e-07,2.455195999145508
355,1695348000,1.6135051999999996e-05,1.61350564e-05,-0.004047797519999999,-0.00665286098,0.0169587275,0.0032054865600000004,0.0066090365,0.005159773340000001,1.13722655e-06,1.066715075e-05,3.1363637,12.0,1.17400592e-06,1.4125681000000002e-06,7.763721309999999e-07,5.51566148e-07,4.30003123e-07,3.55109994e-07,2.9911967999999995e-07,2.6807485000000006e-07,5.853369719999999e-07,1.39334225e-07,2.0760030999999995e-06,85.08896039999999,45.8801754,2.84415753e-10,9.1978199,0.00125418485,0.07648412460000001,3.03021846e-06,5.13644665e-07,0.00125783818,0.0764235334,3.03021846e-06,5.13644665e-07,0.000896952971,0.0396463284,3.03021846e-06,5.13644665e-07,0.0012599856599999999,0.0764012549,3.03021846e-06,5.13644665e-07,2.4551846265792845
355,1695348600,1.6305530300000002e-05,1.63055384e-05,-0.00958068839,0.017200097749999997,0.01665888275,0.00321868556,0.0066298483,0.00517678149,1.251711e-06,1.1147132100000003e-05,3.37237767,13.7,1.1935339099999999e-06,1.4222608599999998e-06,8.079528990000001e-07,5.573871770000001e-07,4.33203887e-07,3.61149011e-07,2.89823416e-07,2.6590125099999995e-07,5.999285659999999e-07,1.41358917e-07,2.08025074e-06,84.951638,45.6086694,2.8879544099999997e-10,9.195689,0.00125814544,0.07671541309999999,3.0531185299999997e-06,5.24183599e-07,0.00127406343,0.0783679347,3.0531185299999997e-06,5.24183599e-07,0.000890321244,0.0393098233,3.0531185299999997e-06,5.24183599e-07,0.00127071969,0.07848575449999999,3.0531185299999997e-06,5.24183599e-07,2.45521023273468
355,1695349200,1.6128724499999997e-05,1.61287316e-05,-0.00629508812,0.01881395294,0.016593704199999997,0.0032015083800000003,0.006591885059999999,0.0051466086799999994,1.2077264899999998e-06,1.0336987499999999e-05,3.25349662,12.0,1.1326078700000001e-06,1.37996847e-06,8.148766179999999e-07,5.763853829999999e-07,4.294967589999999e-07,3.60764682e-07,2.8822293700000004e-07,2.6147913899999993e-07,5.92411344e-07,1.3857788299999998e-07,2.08951467e-06,85.14791439999999,46.06802369999999,2.83796225e-10,9.1984329,0.0012633557899999997,0.0776853599,2.95391765e-06,5.02136477e-07,0.00127190457,0.07840412929999999,2.95391765e-06,5.02136477e-07,0.000896436182,0.040115084399999994,2.95391765e-06,5.02136477e-07,0.00122328717,0.0733264909,2.95391765e-06,5.02136477e-07,2.455208349227905
355,1695349800,1.61523777e-05,1.6152379600000004e-05,-0.0070799126,0.029414002900000003,0.0168564665,0.0032034276099999993,0.0066062861600000005,0.0051409604,1.2391751000000002e-06,1.076460605e-05,3.16958047,11.1,1.1449615000000002e-06,1.4075617599999999e-06,8.20898362e-07,5.59573263e-07,4.32396434e-07,3.67241257e-07,3.08158712e-07,2.6538862599999996e-07,5.85051267e-07,1.40701501e-07,2.0442248800000003e-06,84.9613171,45.6213207,2.85227853e-10,9.19574575,0.00126295373,0.07748344609999999,3.0242389400000004e-06,5.206225609999999e-07,0.0012769545300000001,0.0793220895,3.0242389400000004e-06,5.206225609999999e-07,0.0008884511809999999,0.039260696299999995,3.0242389400000004e-06,5.206225609999999e-07,0.00124108268,0.07535702920000001,3.0242389400000004e-06,5.206225609999999e-07,2.455205488204956
355,1695350400,1.6132379199999997e-05,1.6132382800000002e-05,0.00290117954,-0.0115357479,0.0156715792,0.0032057890800000002,0.0066292565400000005,0.00515550345,1.1655600200000001e-06,1.042119925e-05,3.15034973,11.1,1.1854966e-06,1.3574301300000002e-06,7.99074652e-07,5.66560244e-07,4.43893635e-07,3.5293298499999995e-07,3.06100778e-07,2.64727844e-07,5.862642690000001e-07,1.4107943900000002e-07,2.0625893800000004e-06,85.071973,45.8434439,2.8487211400000004e-10,9.196564599999999,0.0012612473000000002,0.0771445296,2.5800843199999995e-06,4.71146141e-07,0.00125619124,0.0769306461,2.5800843199999995e-06,4.71146141e-07,0.0008799855810000002,0.0380077374,2.5800843199999995e-06,4.71146141e-07,0.00125400442,0.0770681616,2.5800843199999995e-06,4.71146141e-07,2.4552374601364138
355,1695351000,1.59099038e-05,1.59099095e-05,0.00361893353,-0.010303836117999999,0.0157297865,0.0031837827799999995,0.00656965335,0.00511203239,1.17104276e-06,1.0770265999999998e-05,2.9248252,11.1,1.0854400200000001e-06,1.3897405e-06,7.983946940000001e-07,5.51244515e-07,4.2805962e-07,3.575760220000001e-07,3.03591798e-07,2.64288859e-07,5.79800856e-07,1.4098135099999999e-07,2.05578389e-06,85.1714831,46.24041229999999,2.78449452e-10,9.20002635,0.0012607789899999999,0.0770274611,2.24697294e-06,4.4435927700000007e-07,0.0012550613500000001,0.076823407,2.24697294e-06,4.4435927700000007e-07,0.0008724577249999999,0.0369329271,2.24697294e-06,4.4435927700000007e-07,0.0012284894800000002,0.0734752265,2.24697294e-06,4.4435927700000007e-07,2.4552098751068114
355,1695351600,1.6003105e-05,1.60031091e-05,0.00571298594,-0.007999119241600003,0.01640309165,0.0031937326500000003,0.00656617586,0.005136968380000001,1.1099297399999998e-06,9.9379808e-06,3.0699301300000004,11.3,1.13984364e-06,1.35488539e-06,7.814418450000001e-07,5.766348869999999e-07,4.5394396700000004e-07,3.65002553e-07,3.03648096e-07,2.66714196e-07,5.76084637e-07,1.39492268e-07,2.04382435e-06,85.1127705,45.9438953,2.81748363e-10,9.197395599999998,0.00127750322,0.0797519029,2.7963574799999995e-06,4.85085692e-07,0.0012559227600000002,0.0761123204,2.7963574799999995e-06,4.85085692e-07,0.00087179488,0.03781043469999999,2.7963574799999995e-06,4.85085692e-07,0.0012447693300000002,0.07391737609999999,2.7963574799999995e-06,4.85085692e-07,2.4552467823028565
355,1695352200,1.62722953e-05,1.62722972e-05,-0.019494279469999997,-0.01098954935,0.0163557572,0.00321927412,0.006620219169999999,0.00517116726,1.16550782e-06,1.063909175e-05,3.2080420000000003,11.4,1.20916924e-06,1.42922077e-06,8.00147101e-07,5.45586059e-07,4.3617998000000007e-07,3.59113356e-07,3.02510396e-07,2.57629761e-07,5.8832677e-07,1.37913192e-07,2.0703189100000005e-06,85.0146569,45.493714499999996,2.88845621e-10,9.19431945,0.0012578897599999999,0.076983901,2.6025292699999997e-06,4.872485599999999e-07,0.0012704793999999998,0.0780584631,2.6025292699999997e-06,4.872485599999999e-07,0.0008956700139999999,0.0397229126,2.6025292699999997e-06,4.872485599999999e-07,0.00128232707,0.0792354947,2.6025292699999997e-06,4.872485599999999e-07,2.455184531211853
355,1695352800,1.6116851e-05,1.61168535e-05,-0.0006019157400000003,0.017601300326,0.015894478899999998,0.00320106119,0.006602066669999999,0.00513031506,1.1875551400000002e-06,1.0521580249999999e-05,3.2989511300000003,11.4,1.15346445e-06,1.39390529e-06,7.855808590000001e-07,5.665608359999999e-07,4.2809763e-07,3.6212455199999996e-07,3.05943523e-07,2.5713811900000004e-07,5.9570163e-07,1.3898643200000003e-07,2.07085547e-06,85.0339956,45.8808399,2.8384625400000003e-10,9.197434900000001,0.00126367837,0.0772378104,2.8279496e-06,4.995485879999999e-07,0.00125172113,0.0757538004,2.8279496e-06,4.995485879999999e-07,0.000877215684,0.0382053619,2.8279496e-06,4.995485879999999e-07,0.0012567575,0.0773874798,2.8279496e-06,4.995485879999999e-07,2.4552194833755494
355,1695353400,1.62920982e-05,1.62921029e-05,-0.025418393165000004,0.012580843480000003,0.0158573236,0.0032169544300000006,0.00660483632,0.005160586020000001,1.27837535e-06,1.109798555e-05,3.3951049500000003,11.9,1.14434292e-06,1.4769769200000001e-06,8.005219110000001e-07,5.57537188e-07,4.2993987800000003e-07,3.6102972799999996e-07,3.0048356800000003e-07,2.68122576e-07,5.936633649999999e-07,1.3953771399999998e-07,2.0738433300000002e-06,84.8401532,45.590931,2.88446299e-10,9.1955165,0.0012609809700000001,0.0773951125,2.9111895799999997e-06,4.97734013e-07,0.00128442929,0.0801996502,2.9111895799999997e-06,4.97734013e-07,0.0008627347900000001,0.0374185694,2.9111895799999997e-06,4.97734013e-07,0.0012691326299999997,0.0788271015,2.9111895799999997e-06,4.97734013e-07,2.4552112102508543
355,1695354000,1.62689488e-05,1.6268952e-05,-0.004086105540000001,-0.004333330599999998,0.0163053019,0.00321865,0.00661991931,0.00516145516,1.21524635e-06,1.0726258649999998e-05,3.39335675,11.0,1.2270899299999998e-06,1.3770802399999998e-06,8.105301299999999e-07,5.61937644e-07,4.2956810699999996e-07,3.6812441e-07,3.05433681e-07,2.66087925e-07,5.742248349999999e-07,1.38177627e-07,2.0762052099999998e-06,84.93559259999999,45.5623956,2.88178011e-10,9.1945741,0.00126876601,0.0778965959,3.12026034e-06,5.59611238e-07,0.0012618943800000002,0.0775429933,3.12026034e-06,5.59611238e-07,0.0009252855160000002,0.0423700848,3.12026034e-06,5.59611238e-07,0.0012450533,0.0755448721,3.12026034e-06,5.59611238e-07,2.455225944519043
355,1695354600,1.6434319799999998e-05,1.64343266e-05,-0.0152540746,0.023058016800000004,0.016101033150000003,0.0032320989799999996,0.00664639754,0.00517918896,1.25222021e-06,1.03197021e-05,3.23951055,12.0,1.19318482e-06,1.4085413699999999e-06,8.2759802e-07,5.525278070000001e-07,4.4364971999999997e-07,3.6711164600000005e-07,3.00978867e-07,2.5647739699999996e-07,6.05996465e-07,1.4144221e-07,2.1196257099999995e-06,84.8557655,45.76528400000001,2.9015793100000004e-10,9.1965918,0.0012577594099999999,0.07656905620000001,3.02337885e-06,5.46979078e-07,0.00129068372,0.08100769919999999,3.02337885e-06,5.46979078e-07,0.0009038420200000001,0.040939945600000006,3.02337885e-06,5.46979078e-07,0.0012445629,0.0753999209,3.02337885e-06,5.46979078e-07,2.455210280418396
355,1695355200,1.63477548e-05,1.63477586e-05,-0.004978356786,0.008980031949999998,0.016952020699999997,0.00322534966,0.00662936343,0.005177860080000001,1.23735755e-06,1.08488748e-05,3.4982518,12.5,1.18576794e-06,1.3943155600000003e-06,8.101834110000001e-07,5.771982979999999e-07,4.40646684e-07,3.6643201700000004e-07,3.0713333600000006e-07,2.6388646599999995e-07,5.97861098e-07,1.42170083e-07,2.0882358699999996e-06,84.902914,45.7022065,2.88464792e-10,9.196150900000001,0.0012566015600000001,0.07691255189999999,2.9349557799999995e-06,5.05318622e-07,0.0012777830099999997,0.0790074602,2.9349557799999995e-06,5.05318622e-07,0.0008819582329999999,0.0385134352,2.9349557799999995e-06,5.05318622e-07,0.00127422704,0.078701849,2.9349557799999995e-06,5.05318622e-07,2.455240774154663
355,1695355800,1.62430468e-05,1.6243058500000004e-05,-0.0021983740280000002,-0.004272800550000001,0.0163082361,0.00321562193,0.00662681733,0.0051552030599999995,1.1572058800000003e-06,9.979068000000002e-06,3.21678328,11.1,1.1346136199999998e-06,1.43375384e-06,8.054667890000001e-07,5.48138848e-07,4.37517728e-07,3.71493322e-07,3.0362077800000003e-07,2.59679157e-07,5.90153046e-07,1.40400143e-07,2.0966664700000003e-06,85.0209912,45.921626100000005,2.85896424e-10,9.198089450000001,0.0012540958499999998,0.0763851817,2.8052065299999996e-06,4.79165578e-07,0.0012819153,0.07950902909999999,2.8052065299999996e-06,4.79165578e-07,0.0008879376399999999,0.038367654900000006,2.8052065299999996e-06,4.79165578e-07,0.00124208292,0.076140677,2.8052065299999996e-06,4.79165578e-07,2.4552136182785036
355,1695356400,1.63658157e-05,1.6365817399999998e-05,-0.00579977419,-0.0206379309,0.016460785699999998,0.00322967644,0.0066596081299999995,0.0051827930599999995,1.19833137e-06,1.039128565e-05,3.2919581100000004,10.5,1.17471831e-06,1.47068293e-06,7.949227079999999e-07,5.74177778e-07,4.3556034200000004e-07,3.53487043e-07,3.08779293e-07,2.68450259e-07,5.89423569e-07,1.42213933e-07,2.0704807e-06,84.86890500000001,45.3806269,2.91122123e-10,9.19269565,0.00126488304,0.077515009,3.0110046000000002e-06,5.067979290000001e-07,0.00126409285,0.0775821007,3.0110046000000002e-06,5.067979290000001e-07,0.0008888956320000001,0.0391631503,3.0110046000000002e-06,5.067979290000001e-07,0.00128612488,0.08076836750000001,3.0110046000000002e-06,5.067979290000001e-07,2.4551977157592773
355,1695357000,1.63077533e-05,1.6307757400000002e-05,-0.00895368723,0.0015900417799999994,0.0171660867,0.00322240439,0.00663838507,0.005179084760000001,1.1963221059999998e-06,1.04988501e-05,3.3636364,11.2,1.1657387000000001e-06,1.41735698e-06,7.91676806e-07,5.86906846e-07,4.4390760600000006e-07,3.6163043500000003e-07,3.051189230000001e-07,2.62152032e-07,5.9119401e-07,1.40181348e-07,2.08794502e-06,84.9657299,45.7508425,2.8815845799999994e-10,9.19601615,0.00128175598,0.0793571734,2.77228802e-06,4.98138247e-07,0.0012614231,0.07743080900000002,2.77228802e-06,4.98138247e-07,0.0009060159969999998,0.040015429699999994,2.77228802e-06,4.98138247e-07,0.00125749885,0.075793215,2.77228802e-06,4.98138247e-07,2.4552157163619994
355,1695357600,1.619989e-05,1.61998965e-05,-0.0015896700495000005,0.008321366389999998,0.016566328800000002,0.0032103168600000004,0.00662267798,0.00517196858,1.21658305e-06,1.09066492e-05,3.2360140400000006,11.0,1.1565199900000002e-06,1.4484883399999998e-06,7.847883630000001e-07,5.53574712e-07,4.420580140000001e-07,3.51777389e-07,3.0188019499999997e-07,2.59715979e-07,5.80013662e-07,1.4160012599999998e-07,2.07948789e-06,84.9383719,45.7037214,2.8632549300000004e-10,9.196226600000001,0.0012575544999999999,0.0763093121,2.8549462400000004e-06,4.88087628e-07,0.0012644751400000002,0.0779222795,2.8549462400000004e-06,4.88087628e-07,0.00087659065,0.037775769,2.8549462400000004e-06,4.88087628e-07,0.00128087899,0.07923222919999999,2.8549462400000004e-06,4.88087628e-07,2.455200123786926
355,1695358200,1.64204975e-05,1.6420502699999996e-05,-0.006941388329999999,-0.0015072321699999996,0.016294012500000003,0.0032318957799999997,0.0066581767799999995,0.00518909459,1.2455492399999999e-06,1.0671596699999998e-05,3.3688811300000006,11.6,1.17228351e-06,1.4228150899999998e-06,7.9240761e-07,5.72910127e-07,4.4513499999999994e-07,3.5814290200000005e-07,3.0730506499999996e-07,2.6298494e-07,6.02148397e-07,1.41810375e-07,2.1322876200000003e-06,84.8754986,45.9771135,2.8876798700000004e-10,9.198003550000001,0.00127725118,0.0789753145,2.9561575800000005e-06,5.11572324e-07,0.00127131802,0.0781693641,2.9561575800000005e-06,5.11572324e-07,0.000886876636,0.0387514511,2.9561575800000005e-06,5.11572324e-07,0.0012572043000000001,0.0766100189,2.9561575800000005e-06,5.11572324e-07,2.455194926261902
355,1695358800,1.64547059e-05,1.6454711100000002e-05,-0.0018476056399999996,-0.002846822800000001,0.015793183,0.00323600589,0.006662921380000001,0.00520085185,1.2288805299999999e-06,1.074945385e-05,3.5909091900000005,11.5,1.23519624e-06,1.4351136300000001e-06,8.33241324e-07,5.49950401e-07,4.3548338800000004e-07,3.6201687299999994e-07,3.09829807e-07,2.60018374e-07,5.91938941e-07,1.39248051e-07,2.07527496e-06,84.81515639999999,45.2133088,2.92537425e-10,9.1941154,0.00126211002,0.07680045850000002,2.95899597e-06,5.16249629e-07,0.0012936421100000002,0.08084119609999998,2.95899597e-06,5.16249629e-07,0.0008993498590000001,0.04025681760000001,2.95899597e-06,5.16249629e-07,0.00127949793,0.0796417093,2.95899597e-06,5.16249629e-07,2.4552159786224363
355,1695359400,1.6271377700000003e-05,1.62713842e-05,1.3942199999999322e-05,-0.0047079207000000015,0.016815855999999997,0.00322043604,0.00663211507,0.0051690090199999995,1.23572284e-06,1.068927205e-05,3.22377628,12.6,1.2214860899999998e-06,1.40007187e-06,7.969241069999999e-07,5.50738771e-07,4.3221014099999996e-07,3.5519111699999997e-07,3.0051872700000003e-07,2.7291510299999996e-07,5.96270116e-07,1.38394166e-07,2.07095332e-06,84.899356,45.5296019,2.8837756399999995e-10,9.194690099999999,0.00125387726,0.0763474425,3.19715995e-06,5.359201860000001e-07,0.00125894225,0.0770948074,3.19715995e-06,5.359201860000001e-07,0.0009096333389999999,0.04089285830000001,3.19715995e-06,5.359201860000001e-07,0.0012662848000000002,0.07783005970000001,3.19715995e-06,5.359201860000001e-07,2.455227088928223
355,1695360000,1.63127201e-05,1.63127261e-05,0.01587111274,0.003284637699999999,0.016595942750000002,0.0032213727600000006,0.006669263910000001,0.005190653460000001,1.2133810300000001e-06,1.0620380300000001e-05,3.3356644199999996,11.5,1.24140814e-06,1.40963619e-06,7.82411453e-07,5.698289620000001e-07,4.32976269e-07,3.5695185600000004e-07,3.01240704e-07,2.6806154100000006e-07,5.93665013e-07,1.40041972e-07,2.0601148500000003e-06,84.70112780000001,45.264517,2.89482822e-10,9.194325899999999,0.0012690479,0.0777550341,2.9136169999999998e-06,5.336345809999999e-07,0.00126784584,0.0777787883,2.9136169999999998e-06,5.336345809999999e-07,0.0009112906239999999,0.0412488944,2.9136169999999998e-06,5.336345809999999e-07,0.00127415893,0.0781523454,2.9136169999999998e-06,5.336345809999999e-07,2.4551846742630006
355,1695360600,1.6269856900000002e-05,1.6269861399999998e-05,0.0026512554900000006,0.002912313616000001,0.016125308550000002,0.00321674255,0.00665504592,0.00517735774,1.1873947900000002e-06,1.064902525e-05,3.22202805,11.4,1.1985850900000002e-06,1.4195449e-06,8.02017432e-07,5.59356442e-07,4.36392799e-07,3.62276212e-07,3.05790892e-07,2.6553810600000005e-07,5.79335732e-07,1.37802967e-07,2.0682609799999997e-06,84.9491314,45.498597700000005,2.8891358299999994e-10,9.19441195,0.00126339197,0.07747941450000002,2.7757655099999998e-06,5.04386323e-07,0.00127659514,0.0790510294,2.7757655099999998e-06,5.04386323e-07,0.000908043581,0.040430460300000005,2.7757655099999998e-06,5.04386323e-07,0.0012551693200000002,0.07640629560000001,2.7757655099999998e-06,5.04386323e-07,2.455217981338501
355,1695361200,1.6213776700000003e-05,1.6213780000000003e-05,0.00313872962,-0.0135415014,0.0158005418,0.00321285589,0.0066336404,0.00515878236,1.1567716299999999e-06,1.02099481e-05,3.2587413499999998,10.9,1.16279802e-06,1.39651556e-06,8.046440849999999e-07,5.47592662e-07,4.3263835599999995e-07,3.6498134999999995e-07,2.95539701e-07,2.6856029700000004e-07,5.84497842e-07,1.43025189e-07,2.10607417e-06,85.23411,46.167776599999996,2.84600145e-10,9.198592299999998,0.0012511862400000002,0.07591411940000001,2.75407653e-06,5.10261215e-07,0.0012721056600000001,0.0781389284,2.75407653e-06,5.10261215e-07,0.000899816025,0.0400054816,2.75407653e-06,5.10261215e-07,0.00125091952,0.075843397,2.75407653e-06,5.10261215e-07,2.455190563201904
355,1695361800,1.6417853699999997e-05,1.6417860199999998e-05,-0.009683480099999999,-0.007080255500000002,0.016593249100000002,0.00323275009,0.006655666540000001,0.0051872620699999995,1.15892997e-06,1.06259712e-05,3.2534965500000004,11.2,1.1719642700000002e-06,1.41711277e-06,8.32483734e-07,5.669312980000001e-07,4.42131179e-07,3.5620024699999997e-07,3.07240412e-07,2.70298666e-07,5.8815075e-07,1.44053018e-07,2.1123079099999993e-06,85.312582,46.0966013,2.882508500000001e-10,9.199869999999999,0.0012680921999999998,0.077787517,3.0477120399999997e-06,4.935715169999999e-07,0.00128085423,0.07991343449999999,3.0477120399999997e-06,4.935715169999999e-07,0.000875758636,0.0378995804,3.0477120399999997e-06,4.935715169999999e-07,0.0012617089699999999,0.07817513179999999,3.0477120399999997e-06,4.935715169999999e-07,2.455216884613037
355,1695362400,1.61261007e-05,1.61261089e-05,-0.00672651637,-0.0047713993399999995,0.01663397545,0.0032055314100000003,0.006583970659999999,0.005146792209999999,1.1256678e-06,1.0057017250000001e-05,3.22202805,11.8,1.1624553799999998e-06,1.3779469699999999e-06,7.903287550000001e-07,5.54723827e-07,4.3737394599999997e-07,3.58836835e-07,3.06513309e-07,2.7166861200000004e-07,5.81470059e-07,1.4000521900000002e-07,2.0817079700000002e-06,85.30105590000001,46.2020133,2.828752e-10,9.1993111,0.0012661115800000002,0.0777226377,2.99213983e-06,5.08238398e-07,0.00126133725,0.0767656171,2.99213983e-06,5.08238398e-07,0.0008928416910000001,0.039013118400000005,2.99213983e-06,5.08238398e-07,0.00124329529,0.07534465739999999,2.99213983e-06,5.08238398e-07,2.45520441532135
355,1695363000,1.6215056099999998e-05,1.62150594e-05,-0.008420634866,0.002744582290000001,0.0157813421,0.00321117848,0.00660625108,0.00515940386,1.17896063e-06,1.0449696049999999e-05,3.2727273499999994,9.9,1.20004389e-06,1.3563926599999999e-06,8.033119130000001e-07,5.544381110000001e-07,4.3896427e-07,3.5903994e-07,2.9990776199999997e-07,2.6107522e-07,6.005892460000001e-07,1.43379787e-07,2.09031534e-06,85.1493621,46.007706299999995,2.8591292399999995e-10,9.197306999999999,0.00125291176,0.07624614340000001,3.04283639e-06,5.226462219999999e-07,0.0012658579099999998,0.0779565344,3.04283639e-06,5.226462219999999e-07,0.0009040741469999999,0.0405127496,3.04283639e-06,5.226462219999999e-07,0.0012448387699999998,0.07504713090000001,3.04283639e-06,5.226462219999999e-07,2.4552069664001466
355,1695363600,1.6105735300000005e-05,1.61057376e-05,0.0031893373399999995,-0.013333003264999999,0.0169142515,0.00320520578,0.006588530069999999,0.00515391737,1.15768672e-06,1.008897455e-05,3.11538468,10.7,1.1460946500000002e-06,1.4316477199999999e-06,7.87519183e-07,5.370369730000001e-07,4.3685083099999994e-07,3.49379649e-07,3.0611382400000003e-07,2.63747063e-07,5.819781990000001e-07,1.42321608e-07,2.07012798e-06,85.0147391,45.8015568,2.84536919e-10,9.19608405,0.00124852646,0.0755118842,3.36515896e-06,5.237112360000001e-07,0.00127710905,0.07888584450000001,3.36515896e-06,5.237112360000001e-07,0.0008987113039999999,0.0399476556,3.36515896e-06,5.237112360000001e-07,0.00124267353,0.0748600091,3.36515896e-06,5.237112360000001e-07,2.4552536487579344
355,1695364200,1.63459552e-05,1.6345959e-05,-0.0037424528100000005,0.0095978452,0.0172795178,0.00322531687,0.00664468736,0.005178126890000001,1.21963197e-06,1.0692304300000002e-05,3.3269231400000003,11.8,1.22822575e-06,1.42160964e-06,8.277450440000001e-07,5.47644971e-07,4.4051590800000006e-07,3.47312759e-07,2.9652064499999997e-07,2.72584508e-07,5.88661901e-07,1.3789997900000001e-07,2.0642236099999995e-06,84.8080106,45.264318900000006,2.90426509e-10,9.194148649999999,0.00126813048,0.07776852149999999,3.3666953100000004e-06,5.366144309999999e-07,0.00126232416,0.07718679480000001,3.3666953100000004e-06,5.366144309999999e-07,0.0009088751060000001,0.041009309199999996,3.3666953100000004e-06,5.366144309999999e-07,0.0012789602300000002,0.07903463660000001,3.3666953100000004e-06,5.366144309999999e-07,2.455227088928223
355,1695364800,1.6298731200000002e-05,1.6298738900000002e-05,0.00269426753,-0.0020804207149999984,0.01611687775,0.00322214189,0.00663477145,0.00517055426,1.18548288e-06,1.03336221e-05,3.29370637,11.2,1.2207326400000003e-06,1.4099996099999997e-06,7.980279879999999e-07,5.757143569999999e-07,4.2999283199999995e-07,3.5587898599999996e-07,3.0393741200000004e-07,2.63468859e-07,5.903148000000001e-07,1.4126554000000001e-07,2.06001215e-06,84.8066446,45.3522787,2.8946252599999997e-10,9.1946935,0.00126117674,0.0770085905,3.2688792e-06,5.21436436e-07,0.00127487805,0.0783798891,3.2688792e-06,5.21436436e-07,0.0009122366300000001,0.041190882,3.2688792e-06,5.21436436e-07,0.00126906719,0.07847183790000001,3.2688792e-06,5.21436436e-07,2.4552013635635377
355,1695365400,1.62235312e-05,1.62235379e-05,-0.01175203582,0.028483473,0.0165130965,0.00321027194,0.006594460290000001,0.00513793081,1.21798253e-06,1.0588611199999999e-05,3.2045455400000002,11.3,1.14581641e-06,1.43528089e-06,8.248420389999998e-07,5.769411910000001e-07,4.34909621e-07,3.51938572e-07,3.0660799599999995e-07,2.70031643e-07,5.87491328e-07,1.39150078e-07,2.0387201699999998e-06,84.71463209999999,45.31078180000001,2.88389385e-10,9.1936687,0.0012650118600000002,0.0774642401,2.9702639699999997e-06,5.21010951e-07,0.00129555574,0.081956801,2.9702639699999997e-06,5.21010951e-07,0.000889940019,0.0395761491,2.9702639699999997e-06,5.21010951e-07,0.00123457496,0.074444448,2.9702639699999997e-06,5.21010951e-07,2.455249285697937
355,1695366000,1.62661448e-05,1.62661483e-05,-0.0079199515,0.0245161302,0.017582076699999998,0.0032151448899999996,0.006621013499999999,0.00516210162,1.21522687e-06,1.12951245e-05,3.3199300999999997,12.9,1.1870213900000001e-06,1.42333138e-06,8.03381369e-07,5.76181421e-07,4.3732344699999996e-07,3.4124098700000004e-07,2.98979359e-07,2.68670763e-07,5.85923925e-07,1.3741274599999997e-07,2.073585e-06,84.9055755,45.51785580000001,2.88189283e-10,9.1955046,0.00125871043,0.0772092615,3.28126907e-06,5.388657190000001e-07,0.00127884962,0.079093445,3.28126907e-06,5.388657190000001e-07,0.0008934764859999998,0.039844277899999996,3.28126907e-06,5.388657190000001e-07,0.0012667399200000002,0.07726121799999999,3.28126907e-06,5.388657190000001e-07,2.455176067352295
355,1695366600,1.623867e-05,1.62386739e-05,-0.00951335109,-0.010630343750000002,0.016382103199999998,0.003214445,0.00662272919,0.00515850534,1.1627860099999998e-06,1.01545636e-05,3.1940560000000002,10.5,1.1610117700000001e-06,1.41697698e-06,7.97318666e-07,5.79331535e-07,4.372879020000001e-07,3.54445489e-07,3.08707811e-07,2.7281652399999997e-07,5.93858319e-07,1.3849731e-07,2.05902964e-06,84.769797,45.539685399999996,2.8762674899999997e-10,9.194711049999999,0.00126765804,0.07788530060000001,2.59346693e-06,4.5378097200000006e-07,0.0012674112,0.07868187939999999,2.59346693e-06,4.5378097200000006e-07,0.000862675089,0.036424099499999994,2.59346693e-06,4.5378097200000006e-07,0.00127866474,0.0791027785,2.59346693e-06,4.5378097200000006e-07,2.455201840400696
355,1695367200,1.60541696e-05,1.6054175199999998e-05,0.00740854192,0.04010030043,0.017637650999999997,0.00319419119,0.00658726609,0.005123482170000001,1.1679757599999998e-06,1.04531106e-05,3.2604895700000007,12.4,1.18283855e-06,1.35605696e-06,7.53630978e-07,5.44859542e-07,4.2695807799999997e-07,3.6133051e-07,3.0683274800000007e-07,2.69274767e-07,5.93766469e-07,1.41735862e-07,2.0897752100000004e-06,85.3890211,46.37125590000001,2.8074626399999995e-10,9.202416600000001,0.00124704914,0.0755827851,2.74311696e-06,5.18821223e-07,0.00124418404,0.07507012169999999,2.74311696e-06,5.18821223e-07,0.000905360708,0.0405131058,2.74311696e-06,5.18821223e-07,0.0012326112200000002,0.073515466,2.74311696e-06,5.18821223e-07,2.4552131414413454
355,1695367800,1.6304647700000003e-05,1.63046522e-05,-0.007646072000000001,0.008568341931000001,0.0164206946,0.0032214613500000005,0.00664160064,0.00515627229,1.20819221e-06,1.0054863300000001e-05,3.2622377899999995,10.8,1.18073822e-06,1.37643578e-06,7.9485938e-07,5.601298640000001e-07,4.32191404e-07,3.54407598e-07,3.05676404e-07,2.6616855899999997e-07,6.12533064e-07,1.4426602099999997e-07,2.12488974e-06,85.1612145,46.249956299999994,2.85556159e-10,9.19955565,0.00125918432,0.07672392289999999,2.47931227e-06,4.88692273e-07,0.00126850832,0.0780122461,2.47931227e-06,4.88692273e-07,0.000900910001,0.0397551399,2.47931227e-06,4.88692273e-07,0.00124207465,0.07507044519999999,2.47931227e-06,4.88692273e-07,2.4552160501480103
355,1695368400,1.6832695499999997e-05,1.6832698499999998e-05,0.004694060199999999,0.04038512951999999,0.0192434654,0.00327008549,0.00674507888,0.00525556048,1.29961185e-06,1.109789075e-05,3.74475531,13.2,1.1862058e-06,1.44891156e-06,8.089216210000001e-07,5.64344185e-07,4.31668609e-07,3.6397197200000006e-07,3.20499185e-07,2.7708115800000006e-07,6.46644058e-07,1.4792195399999998e-07,2.22013727e-06,85.10021950000001,46.5072704,2.94500249e-10,9.1986712,0.00126457689,0.0773595824,2.97744958e-06,5.04035921e-07,0.00128823197,0.0802266779,2.97744958e-06,5.04035921e-07,0.0008814846030000001,0.0385246378,2.97744958e-06,5.04035921e-07,0.00127016767,0.07887873590000001,2.97744958e-06,5.04035921e-07,2.455254006385803
355,1695369000,1.71516822e-05,1.7151686900000003e-05,-0.004045696200000001,0.05239792519999999,0.0173815402,0.0032975373600000004,0.006817060880000001,0.00529770556,1.25831112e-06,1.104596795e-05,4.061188829999999,12.9,1.2038919999999998e-06,1.37713127e-06,8.203533350000001e-07,5.6601854e-07,4.49524754e-07,3.5433975300000004e-07,3.39432461e-07,2.95862726e-07,6.971948010000001e-07,1.5316308699999998e-07,2.31889661e-06,85.3203185,47.3280659,2.96310682e-10,9.203338800000001,0.0012777838400000001,0.07941926560000001,3.05881251e-06,5.33072622e-07,0.00127685642,0.0795665179,3.05881251e-06,5.33072622e-07,0.0008960424950000001,0.039783775900000005,3.05881251e-06,5.33072622e-07,0.00125110621,0.0761007571,3.05881251e-06,5.33072622e-07,2.4552638292312623
355,1695369600,1.61785315e-05,1.61785355e-05,0.002170258839999999,0.005289216429999999,0.016282065000000002,0.0032089422100000002,0.00659523044,0.0051511349599999996,1.1778780400000002e-06,1.04370813e-05,3.2674825800000002,11.3,1.16529321e-06,1.42800973e-06,7.832810729999998e-07,5.548563490000001e-07,4.3263349899999996e-07,3.5847376899999997e-07,2.9826017300000007e-07,2.68726021e-07,5.94641489e-07,1.3924146500000002e-07,2.06581569e-06,85.010906,45.739880799999995,2.8575902299999996e-10,9.1968164,0.0012468368699999999,0.07552408860000001,3.1290269400000003e-06,5.056175559999999e-07,0.00127726806,0.0790859656,3.1290269400000003e-06,5.056175559999999e-07,0.0008996281809999999,0.039584457100000005,3.1290269400000003e-06,5.056175559999999e-07,0.0012558222699999998,0.07609801100000001,3.1290269400000003e-06,5.056175559999999e-07,2.455261778831482
355,1695370200,1.64513879e-05,1.6451391e-05,-0.004010117,0.0007524933999999997,0.0162907343,0.0032342399,0.0066777209799999985,0.00518466513,1.22439006e-06,1.04132572e-05,3.53496509,12.4,1.20803767e-06,1.41556919e-06,8.10486037e-07,5.9017545e-07,4.34944601e-07,3.56689057e-07,3.0926400600000003e-07,2.658167570000001e-07,5.88421104e-07,1.4003309999999999e-07,2.10618907e-06,84.9185256,45.5955587,2.9058950299999995e-10,9.1961084,0.0012722131,0.0786554195,2.86653396e-06,5.23617537e-07,0.0012807619699999999,0.08010141159999999,2.86653396e-06,5.23617537e-07,0.00091135592,0.041233352300000005,2.86653396e-06,5.23617537e-07,0.00125123811,0.0761803371,2.86653396e-06,5.23617537e-07,2.45522825717926
355,1695370800,1.63607742e-05,1.6360777599999998e-05,0.0009249242970000005,0.014825655050000002,0.0162664165,0.0032256202000000003,0.00666608534,0.00518634346,1.15311967e-06,1.024496675e-05,3.4038462199999997,11.7,1.1656905100000002e-06,1.41141955e-06,7.972307579999999e-07,5.708561389999999e-07,4.3477726499999996e-07,3.471313e-07,3.08547531e-07,2.700092e-07,6.074727119999999e-07,1.41796573e-07,2.1254087900000003e-06,85.14684159999999,46.1678194,2.8751516300000004e-10,9.197423500000001,0.0012664587,0.077632672,3.0516898e-06,5.11889218e-07,0.0012830354200000001,0.079542311,3.0516898e-06,5.11889218e-07,0.0008917422889999999,0.0389900598,3.0516898e-06,5.11889218e-07,0.00124806537,0.0753498693,3.0516898e-06,5.11889218e-07,2.4552130699157715
355,1695371400,1.6173901300000002e-05,1.61739061e-05,-0.0016689729100000008,0.0010154866749999994,0.016439004799999997,0.00321054017,0.006615613419999999,0.005150179440000001,1.20826931e-06,1.053490905e-05,3.17482523,12.1,1.1432589100000002e-06,1.4341300299999998e-06,7.74893617e-07,5.824588000000001e-07,4.4828959600000007e-07,3.5084717699999997e-07,3.01868936e-07,2.59975754e-07,5.910504770000001e-07,1.38260493e-07,2.06189662e-06,85.0737853,45.75388550000001,2.85139591e-10,9.19773935,0.00126382556,0.077342469,2.9652473799999995e-06,4.8963596e-07,0.00125796332,0.0773703819,2.9652473799999995e-06,4.8963596e-07,0.000878262666,0.037619045899999995,2.9652473799999995e-06,4.8963596e-07,0.0012590063000000001,0.07781824849999999,2.9652473799999995e-06,4.8963596e-07,2.4552417516708376
355,1695372000,1.61643529e-05,1.61643555e-05,-0.00167054945,0.008865968999999998,0.016228929149999998,0.0032061699499999997,0.00663293784,0.00515490194,1.18240398e-06,1.05991494e-05,3.1975525200000003,11.2,1.1277597099999998e-06,1.42566069e-06,7.94136717e-07,5.541313189999999e-07,4.47778668e-07,3.6293931e-07,3.08989665e-07,2.7221769100000003e-07,5.867259850000001e-07,1.42202293e-07,2.05960144e-06,84.9945026,45.8401607,2.8484701600000004e-10,9.196411399999999,0.00127120317,0.07849911529999999,2.83810483e-06,4.81277763e-07,0.0012649204399999999,0.0774510871,2.83810483e-06,4.81277763e-07,0.000873708856,0.0375649285,2.83810483e-06,4.81277763e-07,0.0012419359400000001,0.0761661965,2.83810483e-06,4.81277763e-07,2.4552531242370605
355,1695372600,1.6172847500000002e-05,1.61728502e-05,-0.009466139410000001,-0.004587115259999998,0.016618420099999996,0.0032107025999999995,0.006596153099999999,0.005160566260000001,1.1767816700000001e-06,1.058989245e-05,3.02097905,10.6,1.1797885200000002e-06,1.43708831e-06,7.673020250000001e-07,5.71307449e-07,4.3766152500000004e-07,3.56371691e-07,3.01617967e-07,2.62601019e-07,5.788199740000001e-07,1.3763291e-07,2.05620713e-06,85.0723223,45.6037244,2.8635742700000003e-10,9.195063399999999,0.0012644099,0.07733193099999999,3.00423875e-06,5.10476791e-07,0.0012602204900000003,0.0771168147,3.00423875e-06,5.10476791e-07,0.000900697775,0.0397823644,3.00423875e-06,5.10476791e-07,0.00125599169,0.076671724,3.00423875e-06,5.10476791e-07,2.4552114963531495
355,1695373200,1.62179156e-05,1.62179177e-05,0.01293664946,0.008752017659999996,0.0172743567,0.00321129663,0.006634471389999999,0.00515992823,1.1956856439999999e-06,1.1037479249999999e-05,3.30244762,11.3,1.14881332e-06,1.41385673e-06,7.99621543e-07,5.634506390000001e-07,4.3683790899999997e-07,3.57613986e-07,3.2525974400000007e-07,2.7082081800000004e-07,5.91462372e-07,1.4034922499999998e-07,2.0608585400000004e-06,84.80522859999999,45.6494515,2.86871139e-10,9.194202549999998,0.0012629404400000001,0.07751820709999999,2.9028355399999997e-06,4.7168588300000006e-07,0.0012671562399999999,0.0786948604,2.9028355399999997e-06,4.7168588300000006e-07,0.0008664548899999999,0.0369072846,2.9028355399999997e-06,4.7168588300000006e-07,0.0012647694000000001,0.07790888300000001,2.9028355399999997e-06,4.7168588300000006e-07,2.455273485183716
355,1695373800,1.61965684e-05,1.61965739e-05,0.01272901471,0.0052937411400000006,0.0173391746,0.0032105838499999996,0.0066284742300000005,0.00517609211,1.20939986e-06,1.0709328000000003e-05,3.2832168299999998,11.4,1.17263554e-06,1.3481705700000002e-06,7.75058987e-07,5.65033702e-07,4.5396327000000003e-07,3.5623033e-07,3.01960028e-07,2.8625378400000003e-07,6.100602120000001e-07,1.3800072300000002e-07,2.09088867e-06,84.91925260000001,46.0304643,2.84939419e-10,9.196837050000001,0.0012683834100000002,0.07815841300000001,2.8578233e-06,5.221134839999999e-07,0.00125713,0.07627407639999999,2.8578233e-06,5.221134839999999e-07,0.000880723034,0.038869297600000005,2.8578233e-06,5.221134839999999e-07,0.00123544634,0.0739998996,2.8578233e-06,5.221134839999999e-07,2.4552345752716063
355,1695374400,1.6385255e-05,1.63852621e-05,0.0015937588900000002,-0.0033480402400000004,0.016765478049999998,0.00322921994,0.006662352979999999,0.005181991790000001,1.1838006099999999e-06,1.020692075e-05,3.37412592,11.3,1.18182442e-06,1.43164313e-06,7.96878624e-07,5.52087373e-07,4.2490515099999994e-07,3.55538443e-07,3.1681957899999996e-07,2.95245825e-07,6.28050497e-07,1.40338946e-07,2.0692676300000003e-06,84.58337550000002,45.4580594,2.90240772e-10,9.1932749,0.00126006829,0.07698652450000001,2.84505193e-06,5.06850864e-07,0.00128483022,0.0792894037,2.84505193e-06,5.06850864e-07,0.000904537377,0.040107456400000005,2.84505193e-06,5.06850864e-07,0.00125042201,0.0761326513,2.84505193e-06,5.06850864e-07,2.4552424430847166
355,1695375000,1.67458423e-05,1.67458463e-05,0.0071850099,-0.00912196057,0.0163479532,0.00326440421,0.006748652650000001,0.0052469870500000005,1.3468839300000001e-06,1.0957063899999999e-05,3.6293706899999996,12.6,1.21434957e-06,1.41665287e-06,8.14785715e-07,5.863416889999999e-07,4.39695416e-07,3.59738208e-07,3.11714448e-07,2.71291807e-07,7.556731059999999e-07,1.3917213599999996e-07,2.06349344e-06,84.545057,45.213512800000004,3.01219635e-10,9.1907803,0.00127977508,0.0793776685,2.9833927e-06,5.07117469e-07,0.0012790371200000002,0.079258255,2.9833927e-06,5.07117469e-07,0.000908935055,0.040646851100000006,2.9833927e-06,5.07117469e-07,0.00126316786,0.07803435589999999,2.9833927e-06,5.07117469e-07,2.45525119304657
355,1695375600,1.65552267e-05,1.65552307e-05,-0.010248303700000001,-0.002070549349999999,0.016204243700000003,0.00324586554,0.00667533144,0.00521481053,1.2166174500000001e-06,1.084604125e-05,3.4248252400000005,12.8,1.1510042099999999e-06,1.4716639999999999e-06,7.873027510000001e-07,5.48290425e-07,4.518637380000001e-07,3.6026083099999997e-07,3.1836018e-07,2.91750676e-07,6.86802202e-07,1.3815467500000002e-07,2.07214405e-06,84.6239732,45.4554417,2.9518084500000005e-10,9.191272399999999,0.0012664473400000001,0.07783659499999998,2.6787915200000002e-06,4.831880189999999e-07,0.0012821714099999998,0.07971465600000001,2.6787915200000002e-06,4.831880189999999e-07,0.0008840752220000001,0.038560446600000006,2.6787915200000002e-06,4.831880189999999e-07,0.0012693205899999998,0.07779199629999999,2.6787915200000002e-06,4.831880189999999e-07,2.4552508115768434
355,1695376200,1.6439753e-05,1.64397672e-05,0.0121511263,0.01390953322,0.017661848600000002,0.0032324173800000002,0.00668533575,0.00519324698,1.2145065300000002e-06,1.0441826700000001e-05,3.54020983,12.8,1.1981121300000002e-06,1.4047361999999999e-06,7.962170120000001e-07,5.69738205e-07,4.47136718e-07,3.75328832e-07,3.196622010000001e-07,3.02253063e-07,6.01298464e-07,1.3993122999999997e-07,2.06544149e-06,84.70092450000001,45.440850299999994,2.91426915e-10,9.1943393,0.0012752787799999998,0.07878951110000001,2.57786884e-06,4.835901679999999e-07,0.00126600339,0.07813203490000001,2.57786884e-06,4.835901679999999e-07,0.0008823989400000001,0.0385392584,2.57786884e-06,4.835901679999999e-07,0.0012746383,0.078923426,2.57786884e-06,4.835901679999999e-07,2.4552531003952027
355,1695376800,1.64939452e-05,1.64939484e-05,-0.00410142834,-0.015193050060000001,0.0169934968,0.00324342693,0.006655872679999999,0.0052099243900000005,1.16745658e-06,1.0347397450000001e-05,3.4685315200000004,11.5,1.18107138e-06,1.37476708e-06,8.01228131e-07,5.50615732e-07,4.55120255e-07,3.74541484e-07,3.2073265300000003e-07,3.44594152e-07,6.34037282e-07,1.40557887e-07,2.06967997e-06,84.60831060000001,45.6178911,2.91724146e-10,9.193246399999998,0.00128484372,0.0800317097,2.7541464799999996e-06,4.88154788e-07,0.00126682879,0.07736050460000002,2.7541464799999996e-06,4.88154788e-07,0.0008991112279999999,0.039362533899999996,2.7541464799999996e-06,4.88154788e-07,0.0012443000800000002,0.0755868401,2.7541464799999996e-06,4.88154788e-07,2.4552276372909545
355,1695377400,1.62066127e-05,1.62066162e-05,-0.0012988033410000007,-0.01435405725,0.01624096295,0.00321487992,0.006615599129999999,0.00517247308,1.1540681e-06,1.04302813e-05,3.1083916599999997,10.1,1.1710555699999999e-06,1.44704409e-06,7.90919768e-07,5.57423381e-07,4.35413096e-07,3.62603175e-07,3.0464791600000003e-07,2.6863475500000003e-07,5.82398077e-07,1.39450603e-07,2.0436879900000003e-06,84.9139204,45.415463,2.87971001e-10,9.1934114,0.0012658862500000002,0.07774152940000001,3.00772068e-06,4.995313079999999e-07,0.0012789163599999998,0.0798118973,3.00772068e-06,4.995313079999999e-07,0.0008918671129999999,0.0390705909,3.00772068e-06,4.995313079999999e-07,0.0012568431699999999,0.07618548950000001,3.00772068e-06,4.995313079999999e-07,2.4552561044692993
355,1695378000,1.59835112e-05,1.5983517300000002e-05,0.01989040324,0.006941721099999999,0.016368117699999997,0.00318849081,0.00660878758,0.00512472607,1.1055514800000002e-06,9.936717850000001e-06,3.1748252299999997,11.2,1.13402504e-06,1.3467069e-06,8.091082619999999e-07,5.593783839999999e-07,4.319513649999999e-07,3.566429569999999e-07,3.10139718e-07,2.59828664e-07,5.78766653e-07,1.4098420699999997e-07,2.06418763e-06,85.56016650000001,46.4219192,2.79753427e-10,9.201029550000001,0.0012565335799999998,0.0764838774,2.75179421e-06,4.69925493e-07,0.00126378317,0.07768836109999999,2.75179421e-06,4.69925493e-07,0.0008759805519999999,0.037614976999999994,2.75179421e-06,4.69925493e-07,0.0012279832499999996,0.07358961620000001,2.75179421e-06,4.69925493e-07,2.4551929235458374
355,1695378600,1.6223295900000002e-05,1.62233e-05,0.00272495546,0.011813133140000001,0.016318237549999996,0.0032107801900000004,0.00662664644,0.00515886889,1.2152163300000002e-06,1.066308935e-05,3.30594411,11.2,1.15863388e-06,1.45627406e-06,7.87458544e-07,5.30275468e-07,4.40166342e-07,3.49890561e-07,3.04148137e-07,2.6172793900000004e-07,5.888565539999999e-07,1.42629351e-07,2.0915693600000003e-06,85.4622379,46.1472572,2.85165263e-10,9.2002518,0.00125955312,0.07732637249999999,2.69821457e-06,5.05357892e-07,0.00126014814,0.0767164762,2.69821457e-06,5.05357892e-07,0.00089894223,0.039962594899999995,2.69821457e-06,5.05357892e-07,0.00125558146,0.0775304797,2.69821457e-06,5.05357892e-07,2.4552616119384765
355,1695379200,1.6242694899999998e-05,1.62427016e-05,-0.0024236503800000005,0.011137164100000001,0.01658209425,0.00321170932,0.00663160783,0.0051653459799999996,1.17028245e-06,1.013656525e-05,3.2395105200000005,10.2,1.18213366e-06,1.4265596e-06,7.956057959999999e-07,5.598100149999999e-07,4.2731414e-07,3.56428155e-07,3.10318718e-07,2.6865579800000003e-07,5.78231325e-07,1.3950434300000003e-07,2.07674073e-06,85.087203,45.6997493,2.87857029e-10,9.194909849999998,0.00127403613,0.0782999434,2.9067827399999995e-06,4.86757139e-07,0.0012587069,0.076889292,2.9067827399999995e-06,4.86757139e-07,0.0009057617300000001,0.0397871888,2.9067827399999995e-06,4.86757139e-07,0.00126348741,0.0777679476,2.9067827399999995e-06,4.86757139e-07,2.4551977157592773
355,1695379800,1.6234176300000004e-05,1.62341809e-05,-0.00345032408,-0.005992644449999999,0.016408115999999997,0.003215550390000001,0.00660938086,0.00517149926,1.15316972e-06,1.020905905e-05,3.13461545,11.1,1.23932038e-06,1.37240293e-06,7.857930150000001e-07,5.55858167e-07,4.4483777500000003e-07,3.67230467e-07,3.0077777399999994e-07,2.64660997e-07,5.80123038e-07,1.41756347e-07,2.06429384e-06,84.941278,45.5444466,2.87691797e-10,9.19499165,0.0012662496300000002,0.0776309869,2.6844883200000003e-06,4.91240378e-07,0.00126581661,0.0772546088,2.6844883200000003e-06,4.91240378e-07,0.0008944999240000001,0.0393544631,2.6844883200000003e-06,4.91240378e-07,0.00127703728,0.07897002909999999,2.6844883200000003e-06,4.91240378e-07,2.455196762084961
355,1695380400,1.61309271e-05,1.6130931400000003e-05,0.0032427836,0.0012194551200000025,0.0166335659,0.0032063494499999998,0.006592471480000001,0.00513982279,1.15868849e-06,1.0106314399999998e-05,3.09790215,11.3,1.17888261e-06,1.3418533099999998e-06,8.2830701e-07,5.55762483e-07,4.34093457e-07,3.61284052e-07,3.12944589e-07,2.6327923200000003e-07,5.70580333e-07,1.4272162899999998e-07,2.0757041500000003e-06,85.1169496,45.96479119999999,2.84020562e-10,9.1977564,0.0012611079,0.0771849946,3.08854191e-06,5.28659832e-07,0.0012746653800000001,0.07872401469999998,3.08854191e-06,5.28659832e-07,0.0009044602,0.0403155403,3.08854191e-06,5.28659832e-07,0.0012333729100000002,0.0730934444,3.08854191e-06,5.28659832e-07,2.4551928281784057
355,1695381000,1.64184685e-05,1.6418475799999997e-05,-0.015812989004,0.02237771349,0.016501665399999997,0.00322911912,0.006653843080000001,0.00518517946,1.2762768900000002e-06,1.1529662549999999e-05,3.27272733,11.7,1.2365312e-06,1.3739980600000003e-06,8.07021586e-07,5.689397019999999e-07,4.3141178099999997e-07,3.54785949e-07,3.05443396e-07,2.68868741e-07,5.93806379e-07,1.4239652500000003e-07,2.12601974e-06,85.14700359999999,45.946249699999996,2.8911072499999997e-10,9.199085749999998,0.0012619791299999998,0.077083403,3.5324143300000004e-06,5.586498689999999e-07,0.00127894335,0.0796909004,3.5324143300000004e-06,5.586498689999999e-07,0.000908005567,0.041394481299999994,3.5324143300000004e-06,5.586498689999999e-07,0.0012449595799999998,0.07567482019999999,3.5324143300000004e-06,5.586498689999999e-07,2.4552138566970827
355,1695381600,1.6184758499999998e-05,1.61847633e-05,0.006285170480000002,0.00514580119,0.0168744365,0.0032103080800000004,0.006602349509999999,0.00514300287,1.19940573e-06,1.093328765e-05,3.19230774,11.0,1.1930092299999999e-06,1.3851088499999998e-06,8.081730720000001e-07,5.54419955e-07,4.2445222700000005e-07,3.3889243e-07,3.02038317e-07,2.60413753e-07,5.94281449e-07,1.40018464e-07,2.0915607999999997e-06,85.10142560000001,45.896448199999995,2.8577638e-10,9.197096750000002,0.0012522350399999998,0.0759485686,2.7917944e-06,4.924189709999998e-07,0.00126562303,0.0775686455,2.7917944e-06,4.924189709999998e-07,0.0008948911239999999,0.039216294,2.7917944e-06,4.924189709999998e-07,0.0012530272299999998,0.0771510564,2.7917944e-06,4.924189709999998e-07,2.455204224586487
355,1695382200,1.62855165e-05,1.6285522100000004e-05,0.00031453759000000023,-0.0036623537499999997,0.0166445716,0.0032197986400000003,0.0066327142300000004,0.005168936319999999,1.18408499e-06,1.06888075e-05,3.2272728200000005,10.2,1.15711495e-06,1.4101403700000002e-06,8.177283960000001e-07,5.605848409999999e-07,4.501782340000001e-07,3.6199443199999996e-07,3.02193466e-07,2.63426029e-07,5.887311559999999e-07,1.4212184099999999e-07,2.08852117e-06,84.99690009999999,45.8254091,2.87596346e-10,9.1964691,0.0012675772200000002,0.07747046610000001,2.95361555e-06,4.76528358e-07,0.0012813584400000002,0.07994441249999999,2.95361555e-06,4.76528358e-07,0.000877028315,0.0376974302,2.95361555e-06,4.76528358e-07,0.00125926552,0.07717959660000001,2.95361555e-06,4.76528358e-07,2.4551554679870606
355,1695382800,1.61938785e-05,1.61938815e-05,-0.0160240434,-0.009623560459999998,0.01552005415,0.00321242532,0.00659438555,0.005147620729999999,1.1699238100000002e-06,1.055231835e-05,3.11538467,10.4,1.2049711999999998e-06,1.39793743e-06,7.916993999999999e-07,5.67430431e-07,4.3846095599999994e-07,3.6897826099999995e-07,3.0229742999999994e-07,2.5400114899999996e-07,5.75668014e-07,1.4160489999999998e-07,2.05385919e-06,85.0006984,45.520146800000006,2.8693808700000003e-10,9.1952775,0.0012767574899999999,0.07896508849999999,2.8743044200000005e-06,5.18063548e-07,0.00126781105,0.0780439761,2.8743044200000005e-06,5.18063548e-07,0.0008881574199999999,0.0390021832,2.8743044200000005e-06,5.18063548e-07,0.0012634126799999999,0.07692356019999999,2.8743044200000005e-06,5.18063548e-07,2.4552135705947875
355,1695383400,1.60724531e-05,1.6072456200000002e-05,-0.0049967936,0.00594938735,0.016010309200000003,0.00319803008,0.006590512179999999,0.005138744830000001,1.1433557000000002e-06,9.936889849999998e-06,3.3531469199999995,10.3,1.15119253e-06,1.3715971e-06,7.92719012e-07,5.60212508e-07,4.28495588e-07,3.6348610799999994e-07,3.10932089e-07,2.6248022500000003e-07,5.834132629999999e-07,1.4160638e-07,2.0700592400000003e-06,85.01948589999999,45.992048499999996,2.82504056e-10,9.1977688,0.00125443189,0.0763546146,2.87151996e-06,4.866553550000001e-07,0.0012541408199999997,0.0766706756,2.87151996e-06,4.866553550000001e-07,0.000877780102,0.038064283600000005,2.87151996e-06,4.866553550000001e-07,0.0012498068,0.0759340417,2.87151996e-06,4.866553550000001e-07,2.455246925354004
355,1695384000,1.63052991e-05,1.6305302000000003e-05,-0.005515186149999999,-0.00465368531,0.0162475571,0.00322209833,0.006633365960000001,0.005170081879999999,1.1931855600000002e-06,1.01589407e-05,3.42132874,10.8,1.2073093600000001e-06,1.4290899699999998e-06,7.98854381e-07,5.6371742e-07,4.4364377399999995e-07,3.5883546099999995e-07,3.06683883e-07,2.6657708399999995e-07,5.717233049999999e-07,1.3865838500000002e-07,2.06750537e-06,84.98664919999999,45.4693906,2.88671798e-10,9.1955888,0.0012673569799999999,0.0779146042,2.6614703e-06,5.04252334e-07,0.0012733551,0.07885806170000001,2.6614703e-06,5.04252334e-07,0.000896344971,0.03947665820000001,2.6614703e-06,5.04252334e-07,0.00127315514,0.07895700959999999,2.6614703e-06,5.04252334e-07,2.4551920890808105
355,1695384600,1.61435969e-05,1.61436012e-05,0.0011723503099999998,0.0029288499999999993,0.016470814900000002,0.0032036618000000003,0.00659508068,0.005144996600000001,1.1827894800000003e-06,1.0865430200000001e-05,3.22727278,11.8,1.15730715e-06,1.4010233899999997e-06,8.146218520000001e-07,5.645295700000001e-07,4.22267924e-07,3.59645554e-07,3.00727727e-07,2.6464061500000003e-07,5.823397569999999e-07,1.41948535e-07,2.06273412e-06,85.0656358,45.7650101,2.8470339799999997e-10,9.197337800000001,0.0012580410299999998,0.0770519239,2.61118876e-06,4.63126356e-07,0.00127252803,0.0788078208,2.61118876e-06,4.63126356e-07,0.000886245766,0.037962961399999995,2.61118876e-06,4.63126356e-07,0.00125617686,0.0765293845,2.61118876e-06,4.63126356e-07,2.4552366733551025
355,1695385200,1.6244173400000002e-05,1.62441774e-05,0.011045614298,0.002402366299999999,0.016493763900000003,0.0032155402800000004,0.00663431184,0.005179456319999999,1.1747644799999999e-06,1.0201826199999999e-05,3.3391608699999997,11.7,1.2053254e-06,1.39467384e-06,8.05658684e-07,5.65825993e-07,4.5377617299999997e-07,3.50631381e-07,3.11782217e-07,2.63326308e-07,5.8007619e-07,1.40994246e-07,2.04999397e-06,84.89308600000001,45.4236278,2.88149339e-10,9.193477300000001,0.00127084321,0.0784200997,2.95921417e-06,5.155797820000001e-07,0.00125591839,0.07697156320000001,2.95921417e-06,5.155797820000001e-07,0.000914482535,0.0406845759,2.95921417e-06,5.155797820000001e-07,0.00125951066,0.0774740199,2.95921417e-06,5.155797820000001e-07,2.455226922035217
355,1695385800,1.63318563e-05,1.6331859099999998e-05,0.0031213639899999993,0.007907851249999999,0.016473585500000002,0.00322439885,0.00665449905,0.00517656509,1.2270242299999999e-06,1.05164994e-05,3.3933566500000003,11.3,1.22927798e-06,1.4763736899999998e-06,7.92098887e-07,5.543441079999999e-07,4.30055449e-07,3.622629079999999e-07,3.00373162e-07,2.5799664599999996e-07,5.733274779999999e-07,1.38389578e-07,2.0514023e-06,84.8202235,45.0472946,2.9180271e-10,9.1920562,0.00125211498,0.07597022500000002,2.99213264e-06,5.310737629999999e-07,0.00127450218,0.079129198,2.99213264e-06,5.310737629999999e-07,0.000914510781,0.0414574518,2.99213264e-06,5.310737629999999e-07,0.0012944928000000002,0.08086648889999999,2.99213264e-06,5.310737629999999e-07,2.4552475929260256
355,1695386400,1.59433176e-05,1.5943322200000004e-05,-0.007094112533999999,-0.012384840400000001,0.0160074919,0.00318754889,0.00656631301,0.00511171702,1.11127768e-06,9.73311775e-06,3.01223781,10.1,1.10002757e-06,1.41087634e-06,8.071606820000002e-07,5.64126163e-07,4.2719519099999993e-07,3.4915235200000003e-07,2.99373142e-07,2.54234938e-07,5.68965397e-07,1.40438358e-07,2.05004983e-06,85.1874035,45.945882999999995,2.8067319700000003e-10,9.198269849999999,0.00125180834,0.07554970059999999,2.43995145e-06,4.4219511400000004e-07,0.0012879572700000002,0.0801285069,2.43995145e-06,4.4219511400000004e-07,0.0008678945139999998,0.0366107076,2.43995145e-06,4.4219511400000004e-07,0.00123789182,0.0742793351,2.43995145e-06,4.4219511400000004e-07,2.4552241802215575
355,1695387000,1.6176699100000003e-05,1.61767036e-05,0.0038333036800000005,0.014293662200000001,0.0165563503,0.0032072527400000004,0.00664027876,0.0051581632099999995,1.20511087e-06,1.097332065e-05,3.21328677,11.4,1.1818382999999999e-06,1.42472764e-06,7.89144548e-07,5.56787542e-07,4.3884173099999996e-07,3.59650847e-07,2.9843457099999996e-07,2.668282949999999e-07,5.759641109999999e-07,1.3995172e-07,2.05614208e-06,84.9779905,45.5927248,2.8650996300000004e-10,9.194937200000002,0.00125952419,0.0772740669,3.6124594700000003e-06,5.70375273e-07,0.00125348835,0.0763880911,3.6124594700000003e-06,5.70375273e-07,0.000903910048,0.041017887399999994,3.6124594700000003e-06,5.70375273e-07,0.00127214806,0.07798257910000002,3.6124594700000003e-06,5.70375273e-07,2.4552621603012086
355,1695387600,1.611516105e-05,1.611516175e-05,-0.0008408153799999999,0.01481407609,0.016925212900000004,0.0032004083999999993,0.00660914566,0.005140319270000001,1.1888635899999998e-06,1.0587966249999997e-05,3.25000007,12.1,1.1496504900000004e-06,1.41235828e-06,7.88636921e-07,5.747129769999999e-07,4.3538287e-07,3.5545266999999997e-07,3.0277101299999997e-07,2.6385858300000003e-07,5.87287797e-07,1.3730222600000002e-07,2.0501367700000003e-06,84.94296039999999,45.686491000000004,2.84701988e-10,9.19485525,0.0012643019599999999,0.0774663605,2.56221766e-06,4.766443099999999e-07,0.0012728563999999999,0.07856465389999999,2.56221766e-06,4.766443099999999e-07,0.0008872167559999999,0.0385774239,2.56221766e-06,4.766443099999999e-07,0.0012467602,0.0757883395,2.56221766e-06,4.766443099999999e-07,2.455200219154358
355,1695388200,1.60603993e-05,1.60604049e-05,-0.013389381989999996,0.005927285067999999,0.01617789615,0.003197579069999999,0.0065733451,0.00512847384,1.1544735399999999e-06,1.022433755e-05,3.02097905,10.3,1.16757135e-06,1.3740762e-06,8.021813080000001e-07,5.572149749999999e-07,4.3488841399999996e-07,3.53312047e-07,3.08097286e-07,2.6413196899999997e-07,5.73751071e-07,1.40235259e-07,2.05467871e-06,85.15862150000001,45.878924000000005,2.82975573e-10,9.198952700000001,0.00126596091,0.0773304444,2.73153316e-06,4.78616844e-07,0.0012634979200000002,0.07709330950000001,2.73153316e-06,4.78616844e-07,0.0008883454129999999,0.0389919033,2.73153316e-06,4.78616844e-07,0.0012498726199999999,0.0761901116,2.73153316e-06,4.78616844e-07,2.4552265882492064
355,1695388800,1.6137475500000002e-05,1.61374776e-05,-0.0011339421699999997,0.02181560564,0.0163403846,0.0032034193000000004,0.00659391993,0.005148641450000001,1.2255253500000002e-06,1.043407325e-05,3.4615385099999996,11.0,1.16744829e-06,1.39324654e-06,8.06602562e-07,5.59729464e-07,4.309199490000001e-07,3.5928856100000006e-07,3.0486267000000004e-07,2.70980618e-07,5.713823689999999e-07,1.42314842e-07,2.06191515e-06,85.2244963,45.8567319,2.85072235e-10,9.197070700000001,0.00126042856,0.07712392039999999,2.7402679e-06,5.038979529999999e-07,0.00126781789,0.0780193669,2.7402679e-06,5.038979529999999e-07,0.000891718303,0.0395330309,2.7402679e-06,5.038979529999999e-07,0.00125321055,0.07633040290000001,2.7402679e-06,5.038979529999999e-07,2.4551980257034303
355,1695389400,1.6033331800000002e-05,1.60333359e-05,0.0014573651000000009,0.00047804996000000096,0.0163824583,0.0031958821800000003,0.006569727219999999,0.00513076104,1.16552647e-06,9.97422525e-06,3.19055952,11.1,1.1506457300000003e-06,1.38616107e-06,8.07555633e-07,5.5044122e-07,4.2801974200000006e-07,3.48844311e-07,3.01505167e-07,2.6698876999999997e-07,5.80933863e-07,1.4168043199999996e-07,2.0538647400000004e-06,85.15815740000001,45.9306661,2.81670069e-10,9.1996344,0.00125450041,0.07638456490000001,2.49429843e-06,4.6352605999999997e-07,0.0012669106799999999,0.07776683910000001,2.49429843e-06,4.6352605999999997e-07,0.0008808376000000002,0.0377530916,2.49429843e-06,4.6352605999999997e-07,0.0012548013299999998,0.07644359159999999,2.49429843e-06,4.6352605999999997e-07,2.4552406787872316
355,1695390000,1.6150782900000003e-05,1.6150786600000003e-05,-0.0028944683320000003,-0.010116073399999998,0.016624936100000005,0.0032084548099999997,0.006608045830000001,0.00515953191,1.1466452199999999e-06,1.02838918e-05,2.9982518000000002,10.5,1.14883179e-06,1.4121573700000002e-06,7.864721750000001e-07,5.72908691e-07,4.4975806699999995e-07,3.66163088e-07,3.03193899e-07,2.66162905e-07,5.774236139999999e-07,1.4091053e-07,2.0513827700000003e-06,84.9733077,45.698943899999996,2.85046492e-10,9.19554725,0.00126764327,0.07826503,2.87919059e-06,4.88260201e-07,0.00127328888,0.07845186559999999,2.87919059e-06,4.88260201e-07,0.0008803146950000001,0.0381840187,2.87919059e-06,4.88260201e-07,0.0012555509200000003,0.0756151331,2.87919059e-06,4.88260201e-07,2.4552323818206787
355,1695390600,1.62471974e-05,1.6247199699999998e-05,-0.01088923183,-0.0021058013000000014,0.017175055400000003,0.00321542394,0.00660835733,0.005149309539999999,1.20141534e-06,1.053597055e-05,3.29720285,13.1,1.1387666029999999e-06,1.4493580600000002e-06,8.166314130000001e-07,5.70354411e-07,4.415990200000001e-07,3.66131077e-07,2.99175216e-07,2.55354529e-07,5.833019409999999e-07,1.41787268e-07,2.06110434e-06,85.03338,45.617284999999995,2.8758075399999996e-10,9.194691599999999,0.00127202374,0.0784303778,3.27628982e-06,5.40213637e-07,0.00129174229,0.0805313276,3.27628982e-06,5.40213637e-07,0.000879737219,0.0388164795,3.27628982e-06,5.40213637e-07,0.00124913839,0.0757501254,3.27628982e-06,5.40213637e-07,2.4552302837371824
355,1695391200,1.6096722e-05,1.60967245e-05,-0.005347861300000001,0.039090176,0.0166574003,0.00319710865,0.006589492420000001,0.0051236667399999995,1.20690132e-06,1.04194861e-05,3.2639860900000004,11.9,1.1565839799999998e-06,1.4388142800000002e-06,7.77681974e-07,5.370993909999999e-07,4.3660191899999995e-07,3.5385148599999995e-07,3.01429836e-07,2.62833081e-07,5.84960719e-07,1.40184632e-07,2.05827158e-06,85.021507,45.673847,2.84855873e-10,9.195871100000002,0.0012506554,0.07616241859999999,2.69152002e-06,4.68563564e-07,0.0012488364499999998,0.07516420100000001,2.69152002e-06,4.68563564e-07,0.0009048619419999999,0.039329802000000004,2.69152002e-06,4.68563564e-07,0.00126908298,0.078105975,2.69152002e-06,4.68563564e-07,2.4552634000778197
355,1695391800,1.6038253299999998e-05,1.60382579e-05,-0.007754689249999999,-0.00905745833,0.01610663315,0.00319613421,0.00657855475,0.005137549199999999,1.17339967e-06,1.0334474450000002e-05,3.09615392,10.4,1.1600222899999999e-06,1.3555339700000002e-06,7.927318259999999e-07,5.744794679999999e-07,4.3867404599999996e-07,3.54321513e-07,3.0135120799999997e-07,2.6247750999999997e-07,5.818068860000001e-07,1.3637369499999998e-07,2.0613277900000003e-06,85.06906260000001,45.9322042,2.81948462e-10,9.198134749999998,0.0012582328600000002,0.07692746450000001,2.93449715e-06,5.287488679999999e-07,0.00125790449,0.07716529049999998,2.93449715e-06,5.287488679999999e-07,0.0008803543020000001,0.0386901424,2.93449715e-06,5.287488679999999e-07,0.0012404763399999998,0.0751664497,2.93449715e-06,5.287488679999999e-07,2.4552175760269166
355,1695392400,1.60865344e-05,1.6086539000000003e-05,-0.00032342764,-0.022108927433,0.0162737798,0.0032030731100000003,0.006615431899999999,0.00516165681,1.16841449e-06,1.02935203e-05,3.02447559,10.4,1.18338388e-06,1.41183366e-06,7.731886590000001e-07,5.497847480000001e-07,4.4008119999999997e-07,3.53235783e-07,3.0125153500000004e-07,2.66099283e-07,5.805904200000001e-07,1.4008988600000002e-07,2.04369822e-06,85.0402105,45.6326843,2.84855372e-10,9.1953998,0.0012587850400000002,0.0765973475,2.85323944e-06,5.26535002e-07,0.0012516469499999998,0.0759675724,2.85323944e-06,5.26535002e-07,0.0008943513359999999,0.03969002889999999,2.85323944e-06,5.26535002e-07,0.00126204225,0.07763412989999999,2.85323944e-06,5.26535002e-07,2.4553512573242187
355,1695393000,1.60261314e-05,1.60261414e-05,0.002686124057,0.00652058299,0.0162319133,0.00319324848,0.00658241904,0.0051269333700000004,1.14670924e-06,1.02280782e-05,3.173077,10.2,1.17321557e-06,1.35879122e-06,7.98736774e-07,5.574631509999999e-07,4.36212828e-07,3.54807722e-07,3.0821256499999997e-07,2.61306932e-07,5.833422789999999e-07,1.37098631e-07,2.0438334400000004e-06,84.97011230000001,45.73643259999999,2.82598723e-10,9.197368,0.0012583189299999998,0.0771221533,3.33309747e-06,5.267133080000001e-07,0.00125319839,0.0761045745,3.33309747e-06,5.267133080000001e-07,0.000899033011,0.0396913867,3.33309747e-06,5.267133080000001e-07,0.00124225206,0.0749729955,3.33309747e-06,5.267133080000001e-07,2.455124521255493
355,1695393600,1.6129058499999998e-05,1.6129062199999997e-05,-0.012330280050000003,-0.014412953249999999,0.01613957715,0.0032060825,0.006605021599999999,0.005148973730000001,1.1821497600000002e-06,1.025942615e-05,3.15384624,10.9,1.1628534900000002e-06,1.41983314e-06,7.927506820000001e-07,5.616547619999999e-07,4.36204624e-07,3.6116874699999995e-07,2.96849667e-07,2.6704657100000005e-07,5.80546043e-07,1.3943199e-07,2.0461681599999997e-06,85.0870227,45.6404259,2.85420485e-10,9.1957828,0.00125691168,0.076515688,2.8693242799999998e-06,4.90917297e-07,0.0012675560599999997,0.0775369764,2.8693242799999998e-06,4.90917297e-07,0.00088786714,0.0385291939,2.8693242799999998e-06,4.90917297e-07,0.00126925275,0.0782634874,2.8693242799999998e-06,4.90917297e-07,2.4552135944366453
355,1695394200,1.62283121e-05,1.62283144e-05,-0.0005914735899999995,0.0006889721370000005,0.0167002622,0.003214515949999999,0.00662568243,0.00516666421,1.1930046e-06,1.055679725e-05,3.18007,11.3,1.2222625e-06,1.40368979e-06,7.88343309e-07,5.638866080000001e-07,4.3227268700000005e-07,3.6900672900000004e-07,3.0250992399999996e-07,2.64144787e-07,5.838190500000001e-07,1.3888981e-07,2.04529254e-06,84.80991889999999,45.3105543,2.88409515e-10,9.1937362,0.00125903345,0.07725045039999999,3.01250687e-06,5.09768225e-07,0.00126239404,0.0776063249,3.01250687e-06,5.09768225e-07,0.000895049419,0.03954360450000001,3.01250687e-06,5.09768225e-07,0.00126984251,0.0791786951,3.01250687e-06,5.09768225e-07,2.4552123069763185
355,1695394800,1.61354244e-05,1.61354279e-05,-0.005973577190000001,0.014882266199999999,0.016642484,0.00320348131,0.00658531907,0.005139892950000001,1.1705687199999999e-06,1.0344113450000001e-05,3.1643357,10.6,1.1762756e-06,1.3796142800000002e-06,8.07274749e-07,5.61795537e-07,4.426367200000001e-07,3.6149909600000006e-07,2.99620357e-07,2.67848065e-07,5.792883390000001e-07,1.4133439400000001e-07,2.05049929e-06,85.05375009999999,45.7167124,2.8536759900000003e-10,9.1962245,0.00125699454,0.0767518693,3.09328609e-06,5.29267344e-07,0.00127831923,0.079518974,3.09328609e-06,5.29267344e-07,0.0008836304810000001,0.039114569999999994,3.09328609e-06,5.29267344e-07,0.0012421448499999998,0.0749437669,3.09328609e-06,5.29267344e-07,2.455208444595337
355,1695395400,1.60694863e-05,1.6069487e-05,-0.007892855590000001,0.0096272845,0.0163983075,0.00319646949,0.0065793445300000005,0.00512148899,1.17895943e-06,1.067802995e-05,3.4195805,12.4,1.17465421e-06,1.35798455e-06,7.861316689999999e-07,5.742144159999999e-07,4.335183619999999e-07,3.43954603e-07,3.0911739800000004e-07,2.72051386e-07,5.87211969e-07,1.39337047e-07,2.05651606e-06,84.93592449999998,45.8184835,2.82799442e-10,9.1965866,0.00126368637,0.0773112296,2.76032948e-06,5.001277709999999e-07,0.00126021853,0.076968289,2.76032948e-06,5.001277709999999e-07,0.000890934629,0.0392165337,2.76032948e-06,5.001277709999999e-07,0.0012392071600000002,0.0743048953,2.76032948e-06,5.001277709999999e-07,2.4552178144454957
355,1695396000,1.62579811e-05,1.62579833e-05,0.006741070050000001,-0.009818134269999999,0.0162559688,0.00321792886,0.00662630635,0.005169022860000001,1.096389174e-06,1.014182e-05,3.3898601999999998,11.2,1.20040205e-06,1.40376004e-06,8.205796420000001e-07,5.499871760000001e-07,4.47264616e-07,3.61351474e-07,3.07348768e-07,2.64222918e-07,5.818237e-07,1.4013773600000003e-07,2.0520800499999996e-06,84.82321780000001,45.370378,2.88686684e-10,9.19303115,0.0012649381600000002,0.07770547900000001,2.63483861e-06,4.93418143e-07,0.00128185297,0.079451278,2.63483861e-06,4.93418143e-07,0.000914333145,0.04068018650000001,2.63483861e-06,4.93418143e-07,0.00125581472,0.0764029164,2.63483861e-06,4.93418143e-07,2.4552408933639525
355,1695396600,1.61026327e-05,1.61026362e-05,0.005409610240000001,0.0158144951,0.01627802015,0.00320006267,0.0066077852200000006,0.00513609733,1.1457624069999998e-06,1.0163683650000001e-05,3.2377622800000005,10.8,1.176813e-06,1.42824729e-06,7.8551656e-07,5.56119024e-07,4.32038925e-07,3.60690944e-07,2.9939216e-07,2.52899056e-07,5.82963434e-07,1.3855559200000002e-07,2.0380407999999996e-06,85.0386465,45.508686700000005,2.8584926799999997e-10,9.194418500000001,0.00124734305,0.0757864158,2.8859047500000003e-06,4.986028049999999e-07,0.0012771622099999997,0.07872394549999999,2.8859047500000003e-06,4.986028049999999e-07,0.0008949122170000001,0.03930221589999999,2.8859047500000003e-06,4.986028049999999e-07,0.0012599817200000002,0.0772019211,2.8859047500000003e-06,4.986028049999999e-07,2.455226421356201
355,1695397200,1.59967983e-05,1.5996802999999997e-05,0.0016360284900000012,0.0028137984000000003,0.016448481100000002,0.0031909591699999995,0.0065821118,0.00513576373,1.20618267e-06,1.0254562550000002e-05,3.2272728,11.1,1.19218792e-06,1.362922e-06,7.81420063e-07,5.47287233e-07,4.289443929999999e-07,3.61539952e-07,3.03879987e-07,2.6126676900000004e-07,5.91755989e-07,1.37154266e-07,2.03002178e-06,84.995961,45.6801493,2.8280491900000005e-10,9.1957773,0.00125040428,0.07608840600000001,3.1529368799999994e-06,5.48762292e-07,0.0012662745400000002,0.0772520745,3.1529368799999994e-06,5.48762292e-07,0.000903134683,0.0407912549,3.1529368799999994e-06,5.48762292e-07,0.0012192087099999998,0.073630165,3.1529368799999994e-06,5.48762292e-07,2.455222177505493
355,1695397800,1.60634756e-05,1.60634802e-05,-0.00445348469,-0.015668920800000003,0.01630512305,0.0032010342900000003,0.00657648086,0.005129704529999999,1.15145385e-06,1.0251046149999999e-05,2.95979026,10.7,1.15610047e-06,1.4055347e-06,7.78993989e-07,5.605784049999999e-07,4.37381245e-07,3.5910601500000004e-07,3.1014001900000007e-07,2.5926887000000005e-07,5.74124267e-07,1.4079409899999997e-07,2.0496709599999997e-06,84.975368,45.69039790000001,2.8424583400000004e-10,9.19560015,0.00126112594,0.07715884449999999,3.1291453999999998e-06,5.155632829999999e-07,0.00126532561,0.07755269149999999,3.1291453999999998e-06,5.155632829999999e-07,0.0008830516410000001,0.0387844905,3.1291453999999998e-06,5.155632829999999e-07,0.0012479309299999997,0.07544365730000001,3.1291453999999998e-06,5.155632829999999e-07,2.4552279233932497
355,1695398400,1.62085574e-05,1.62085598e-05,0.00756648078,-0.00229911674,0.016495935600000004,0.00321312839,0.00662649362,0.005162607380000001,1.16003459e-06,1.0439951649999998e-05,3.28321685,11.1,1.2092632500000001e-06,1.40277883e-06,8.108450460000001e-07,5.49659573e-07,4.4304596e-07,3.55737251e-07,3.15759908e-07,2.63930568e-07,5.64901634e-07,1.3866102399999998e-07,2.0496742999999996e-06,84.84967549999999,45.3256943,2.88149144e-10,9.1935926,0.00127082363,0.07822819049999999,2.70916651e-06,4.997088099999999e-07,0.0012701496399999998,0.0783506136,2.70916651e-06,4.997088099999999e-07,0.000903356746,0.040157065,2.70916651e-06,4.997088099999999e-07,0.00126086757,0.0773110199,2.70916651e-06,4.997088099999999e-07,2.455230784416199
355,1695399000,1.62786948e-05,1.6278698599999998e-05,0.0026562389900000004,0.002872340570000001,0.0160246306,0.0032178534700000004,0.006655358310000001,0.005165875580000001,1.1945577999999998e-06,1.06529709e-05,3.33741268,10.4,1.22793664e-06,1.43770981e-06,8.033065450000001e-07,5.60509006e-07,4.2317652599999995e-07,3.5513324000000003e-07,2.9872126100000004e-07,2.62311431e-07,5.796609799999999e-07,1.39886024e-07,2.05094161e-06,84.79746010000001,45.1699458,2.89982148e-10,9.192391999999998,0.0012467596600000002,0.07531913339999999,2.86354309e-06,5.28768075e-07,0.00127771022,0.0791493659,2.86354309e-06,5.28768075e-07,0.000903543506,0.040527399699999994,2.86354309e-06,5.28768075e-07,0.0012831604399999997,0.07992500660000001,2.86354309e-06,5.28768075e-07,2.4552273988723754
355,1695399600,1.6189867699999997e-05,1.6189871400000003e-05,-0.015166600430000001,-0.010969104134,0.015896559100000002,0.0032133222000000003,0.00661785872,0.005151310520000001,1.1236555499999998e-06,9.98433535e-06,2.98776229,10.4,1.1741665399999999e-06,1.4192863299999999e-06,7.923672239999999e-07,5.6209051e-07,4.4501662400000003e-07,3.56580591e-07,2.99676415e-07,2.6564754400000004e-07,5.94945602e-07,1.38755489e-07,2.04630694e-06,84.8172474,45.44286519999999,2.86854137e-10,9.1952548,0.0012713511499999998,0.07822583540000001,2.70806189e-06,4.97515379e-07,0.00126382801,0.07723284299999998,2.70806189e-06,4.97515379e-07,0.0008806249269999999,0.03836795379999999,2.70806189e-06,4.97515379e-07,0.00127061507,0.077725268,2.70806189e-06,4.97515379e-07,2.4552401065826417
355,1695400200,1.62061336e-05,1.6206139e-05,0.001652588079999999,-0.01339567015,0.0162693894,0.00321383414,0.006625001619999999,0.005163782699999999,1.1202570500000002e-06,9.9096718e-06,3.29195809,11.3,1.1633064399999998e-06,1.41221177e-06,8.02327495e-07,5.825517729999999e-07,4.4433482200000003e-07,3.48104276e-07,3.1360153299999995e-07,2.6093097500000004e-07,5.85999526e-07,1.37379976e-07,2.05230065e-06,84.7806876,45.4820953,2.87073819e-10,9.194019100000002,0.0012714826,0.0780672136,3.08311419e-06,5.09947956e-07,0.00128080381,0.0794673842,3.08311419e-06,5.09947956e-07,0.0008672300119999998,0.03738324,3.08311419e-06,5.09947956e-07,0.00127106259,0.07797698859999999,3.08311419e-06,5.09947956e-07,2.4552483558654785
355,1695400800,1.6184626e-05,1.6184630000000003e-05,-0.0010357589,0.00682771851,0.0159587462,0.0032091138099999998,0.00661452949,0.005166029760000001,1.25208577e-06,1.09063531e-05,3.23601405,12.1,1.21139103e-06,1.40842636e-06,7.899610839999999e-07,5.535714999999999e-07,4.35096213e-07,3.71560103e-07,3.0847990999999996e-07,2.51897986e-07,5.81279798e-07,1.3890295399999998e-07,2.0416606299999996e-06,84.91503900000001,45.3672945,2.8768632699999997e-10,9.193721000000002,0.0012664922799999999,0.07748710519999999,3.1756994900000004e-06,5.31658543e-07,0.00124745448,0.0756522392,3.1756994900000004e-06,5.31658543e-07,0.000881233065,0.0389223479,3.1756994900000004e-06,5.31658543e-07,0.00129035509,0.0805113286,3.1756994900000004e-06,5.31658543e-07,2.4552175521850588
355,1695401400,1.60442037e-05,1.60442105e-05,0.0037912243799999995,0.008415303099999999,0.016086330000000003,0.0031949367300000003,0.00657614899,0.00513653082,1.163526164e-06,1.013877675e-05,3.25874131,11.3,1.12968725e-06,1.3946766500000002e-06,8.132548070000001e-07,5.65329075e-07,4.19961132e-07,3.55234957e-07,3.01317949e-07,2.6515012800000006e-07,5.80571176e-07,1.3848541e-07,2.05840289e-06,85.1469425,45.911716,2.8298974400000003e-10,9.1968215,0.0012488301100000002,0.0759496406,2.80316266e-06,4.922632799999999e-07,0.00127557019,0.078522173,2.80316266e-06,4.922632799999999e-07,0.0008782626469999999,0.0380610257,2.80316266e-06,4.922632799999999e-07,0.00124156756,0.0749808969,2.80316266e-06,4.922632799999999e-07,2.4552709817886353
355,1695402000,1.63060153e-05,1.6306016600000003e-05,0.0018895065100000003,-0.00200268947,0.0165185695,0.0032219442,0.00663817449,0.00518688661,1.1811750199999998e-06,1.0121854649999998e-05,3.3339161099999997,11.8,1.1638901499999998e-06,1.4411019500000001e-06,8.04504588e-07,5.8197302e-07,4.61921264e-07,3.5444521699999996e-07,3.0422370400000005e-07,2.61274157e-07,5.85317661e-07,1.37345361e-07,2.05695348e-06,84.8222426,45.333728,2.89565631e-10,9.1933073,0.00127928356,0.0791703996,2.76384016e-06,4.85525853e-07,0.0012841054100000003,0.0800542984,2.76384016e-06,4.85525853e-07,0.000910276991,0.040031129400000004,2.76384016e-06,4.85525853e-07,0.00125264993,0.0765607051,2.76384016e-06,4.85525853e-07,2.4552112102508543
355,1695402600,1.61244049e-05,1.61244078e-05,0.002783457177,0.0228487743,0.0165587558,0.00319955324,0.006608605910000001,0.00515075159,1.2035405299999998e-06,1.029801635e-05,3.32517492,11.5,1.20219451e-06,1.4043536599999999e-06,7.729682570000001e-07,5.71449243e-07,4.35989573e-07,3.66624497e-07,2.9389948100000003e-07,2.51276848e-07,5.797183089999999e-07,1.3957270100000003e-07,2.0441321600000002e-06,85.09443110000001,45.584842699999996,2.85462109e-10,9.1961376,0.00126428871,0.0776212414,2.96171294e-06,5.126740389999999e-07,0.0012487136699999997,0.07609072559999999,2.96171294e-06,5.126740389999999e-07,0.0008860109720000002,0.0389505177,2.96171294e-06,5.126740389999999e-07,0.00126671083,0.0783342015,2.96171294e-06,5.126740389999999e-07,2.455233097076416
355,1695403200,1.5921061499999997e-05,1.5921068e-05,0.004040291924,-0.01093709822,0.0163004044,0.0031847784,0.006580191270000001,0.00511773664,1.1063618099999999e-06,1.01364435e-05,3.00874132,10.0,1.1122600200000002e-06,1.3414699700000003e-06,8.214471630000001e-07,5.64390003e-07,4.3815373099999997e-07,3.57269715e-07,3.03889433e-07,2.5429245199999993e-07,5.75502267e-07,1.39184876e-07,2.05260295e-06,85.143983,46.166287,2.79164849e-10,9.198697750000001,0.0012668933900000002,0.077679733,2.70472897e-06,4.94562971e-07,0.0012641998299999999,0.0773206761,2.70472897e-06,4.94562971e-07,0.000883617498,0.038444317299999996,2.70472897e-06,4.94562971e-07,0.00121914998,0.07190824660000002,2.70472897e-06,4.94562971e-07,2.4552287817001344
355,1695403800,1.6172680500000002e-05,1.6172688300000004e-05,-0.010997125810000001,-0.01292532394,0.015955594400000002,0.0032114036999999996,0.00661263047,0.00515509591,1.19943194e-06,1.041830705e-05,3.06993012,10.9,1.1853623999999999e-06,1.4126811e-06,7.9083999e-07,5.612227360000001e-07,4.38945431e-07,3.5983234999999996e-07,3.0875778900000005e-07,2.5763329500000005e-07,5.73074767e-07,1.3925431600000002e-07,2.0587025800000003e-06,85.01224810000001,45.6198953,2.85862157e-10,9.19669765,0.00126033385,0.0770635666,2.9477772399999996e-06,5.26063878e-07,0.00127053159,0.07790542419999999,2.9477772399999996e-06,5.26063878e-07,0.000911704633,0.0409648211,2.9477772399999996e-06,5.26063878e-07,0.00125065751,0.07568408000000001,2.9477772399999996e-06,5.26063878e-07,2.4552289485931396
355,1695404400,1.6106313100000002e-05,1.61063175e-05,0.002418164050000001,-0.00710067283,0.01599336895,0.00320283492,0.00660168805,0.005156137619999999,1.22243867e-06,1.0554031199999999e-05,3.2447553300000003,11.1,1.1533862199999998e-06,1.38511933e-06,8.281976970000001e-07,5.61138859e-07,4.30396347e-07,3.62546009e-07,3.0112643800000005e-07,2.70968615e-07,5.75231381e-07,1.4188140099999997e-07,2.0431086600000005e-06,84.9985792,45.7208644,2.84125639e-10,9.1961683,0.0012540244000000002,0.0764023912,2.9667132000000004e-06,5.24904697e-07,0.00126989497,0.07838729800000001,2.9667132000000004e-06,5.24904697e-07,0.0008817950040000001,0.03882493929999999,2.9667132000000004e-06,5.24904697e-07,0.00125201134,0.0757906315,2.9667132000000004e-06,5.24904697e-07,2.455258011817932
355,1695405000,1.61625865e-05,1.61625939e-05,-0.0027329103400000007,0.009730607785000001,0.01610711155,0.00320624687,0.00662218659,0.0051498742299999995,1.1903297400000002e-06,1.02894229e-05,3.3129371300000003,11.9,1.11829789e-06,1.43366737e-06,8.153043670000001e-07,5.651606e-07,4.3484010699999996e-07,3.70888023e-07,2.9954167300000003e-07,2.64415895e-07,5.81534129e-07,1.3726721899999998e-07,2.0603640799999995e-06,85.06952559999999,45.797702099999995,2.84846447e-10,9.197197399999999,0.00126387865,0.0776974872,2.9160171000000003e-06,5.119161260000001e-07,0.00128285859,0.07986956199999999,2.9160171000000003e-06,5.119161260000001e-07,0.00086281224,0.037386606,2.9160171000000003e-06,5.119161260000001e-07,0.0012516790999999997,0.0758268608,2.9160171000000003e-06,5.119161260000001e-07,2.4552244424819945
355,1695405600,1.61317804e-05,1.61317872e-05,0.0004957827479999983,0.010422108369999999,0.0161251503,0.0032032209,0.0066162986699999995,0.0051458135300000004,1.16367302e-06,1.0369794550000001e-05,3.13986021,11.3,1.20081931e-06,1.3502994000000002e-06,7.894003180000001e-07,5.67155888e-07,4.2891963299999994e-07,3.6019676e-07,3.1105786199999995e-07,2.6013318100000004e-07,5.80153292e-07,1.43815798e-07,2.07390737e-06,85.3758246,46.1712296,2.83359352e-10,9.1996651,0.00125353535,0.0760801546,2.9176374599999998e-06,5.08265381e-07,0.0012622515899999999,0.0776994048,2.9176374599999998e-06,5.08265381e-07,0.0009057930299999999,0.040347957000000004,2.9176374599999998e-06,5.08265381e-07,0.00124480015,0.07495630760000001,2.9176374599999998e-06,5.08265381e-07,2.455252933502197
355,1695406200,1.62822538e-05,1.6282258499999998e-05,-0.01107575118,-0.001781008620000002,0.0173223428,0.00321865917,0.00662337555,0.00515653269,1.1471653000000001e-06,1.040684865e-05,3.3164336500000005,11.1,1.1786843599999998e-06,1.44212413e-06,7.706348349999999e-07,5.547897329999999e-07,4.43971454e-07,3.6086566399999997e-07,3.06564978e-07,2.5524697499999994e-07,5.96769626e-07,1.41076641e-07,2.09035722e-06,85.2767022,45.9784985,2.8667769299999997e-10,9.19911805,0.0012639759,0.07685933,2.6907109499999996e-06,4.93647019e-07,0.00125809933,0.07671402000000001,2.6907109499999996e-06,4.93647019e-07,0.000899561745,0.0399038528,2.6907109499999996e-06,4.93647019e-07,0.00126492775,0.0786410259,2.6907109499999996e-06,4.93647019e-07,2.4552546739578247
355,1695406800,1.6352203399999997e-05,1.63522085e-05,-0.014093534840000001,0.0007670496600000007,0.0165689425,0.0032268490999999996,0.006629339119999999,0.00518127775,1.1770013600000002e-06,1.07292208e-05,3.3444056699999996,10.7,1.2050961399999999e-06,1.43790216e-06,8.339519500000001e-07,5.52514141e-07,4.36255885e-07,3.5816819200000004e-07,3.01586346e-07,2.75901681e-07,5.804626030000001e-07,1.40166207e-07,2.0540641600000004e-06,84.96161000000001,45.341094899999995,2.90250903e-10,9.19447395,0.00126331215,0.0774436339,2.8525729100000002e-06,4.97730541e-07,0.00128207193,0.0804647018,2.8525729100000002e-06,4.97730541e-07,0.0009032085279999999,0.039702462800000005,2.8525729100000002e-06,4.97730541e-07,0.0012725013900000003,0.0789424585,2.8525729100000002e-06,4.97730541e-07,2.45525267124176
355,1695407400,1.61803521e-05,1.6180356399999998e-05,0.00394650079,-0.00491266663,0.016412350900000004,0.0032109916099999996,0.006625200919999999,0.005149544440000001,1.19902827e-06,1.02247456e-05,3.2132867600000004,12.0,1.19466849e-06,1.3825183400000001e-06,8.105209230000001e-07,5.544040910000001e-07,4.40450402e-07,3.67992957e-07,2.98278805e-07,2.60977734e-07,5.855106920000001e-07,1.43962151e-07,2.05085923e-06,85.1448604,45.6809911,2.86535319e-10,9.195587999999999,0.0012629127699999999,0.07774389949999998,2.7555722000000003e-06,4.95567841e-07,0.00126413928,0.07752091070000001,2.7555722000000003e-06,4.95567841e-07,0.0008931747550000001,0.039131332199999994,2.7555722000000003e-06,4.95567841e-07,0.00126401126,0.07713327880000001,2.7555722000000003e-06,4.95567841e-07,2.455250644683838
355,1695408000,1.6122574800000002e-05,1.6122580100000004e-05,-0.004176003839999999,-0.007603839000000001,0.01593550755,0.0032024497800000004,0.00661490601,0.0051404528399999995,1.1671426699999998e-06,1.0128854800000001e-05,3.0996504000000007,11.4,1.15698724e-06,1.39456698e-06,7.980554360000001e-07,5.526465510000001e-07,4.392181130000001e-07,3.7292675999999994e-07,3.03420895e-07,2.6599448299999997e-07,5.904426769999999e-07,1.40489266e-07,2.0465190400000003e-06,84.9941006,45.75835729999999,2.83854046e-10,9.197345,0.00126746196,0.0777850765,2.63197093e-06,4.68339898e-07,0.00125685111,0.0771204943,2.63197093e-06,4.68339898e-07,0.000871581781,0.0375168744,2.63197093e-06,4.68339898e-07,0.0012657009699999998,0.077543548,2.63197093e-06,4.68339898e-07,2.455251860618591
355,1695408600,1.62823132e-05,1.62823188e-05,-0.01563406555,0.02067567382,0.017113381100000002,0.00321516405,0.00662666066,0.00517098452,1.22563665e-06,1.088483175e-05,3.2657343400000003,11.6,1.2052457999999998e-06,1.44533996e-06,7.837068130000001e-07,5.78799536e-07,4.5254773500000005e-07,3.4942946600000005e-07,3.02585468e-07,2.57037539e-07,5.84950214e-07,1.41223182e-07,2.0402850899999997e-06,84.80928409999999,45.194248900000005,2.89607866e-10,9.193321000000001,0.00127081627,0.0783161809,2.8384793299999998e-06,5.176276439999999e-07,0.0012726965700000001,0.07810023,2.8384793299999998e-06,5.176276439999999e-07,0.000924906815,0.0419336127,2.8384793299999998e-06,5.176276439999999e-07,0.00125421005,0.0781981979,2.8384793299999998e-06,5.176276439999999e-07,2.4552026748657227
355,1695409200,1.6065793900000003e-05,1.6065798899999997e-05,-0.0004260931499999995,0.0030407160000000023,0.016559309699999997,0.0031968164800000006,0.006570941700000001,0.005126760689999999,1.21082949e-06,1.038840635e-05,3.13111895,12.0,1.14629003e-06,1.4300895000000001e-06,7.789235569999999e-07,5.60372528e-07,4.44725716e-07,3.6035397700000005e-07,2.98143207e-07,2.58202915e-07,5.809732089999999e-07,1.3910434000000002e-07,2.0356573500000003e-06,85.0490559,45.6232018,2.84232919e-10,9.195921599999998,0.0012576384699999998,0.0768534946,2.66496871e-06,4.682162199999999e-07,0.0012587272099999999,0.0771868222,2.66496871e-06,4.682162199999999e-07,0.000875810177,0.0373021042,2.66496871e-06,4.682162199999999e-07,0.00127089461,0.07851738509999999,2.66496871e-06,4.682162199999999e-07,2.455227828025818
355,1695409800,1.62724458e-05,1.62724512e-05,-0.010689561759999999,-0.01646841111,0.01573616585,0.00322048516,0.0066306687,0.005152110560000001,1.21566976e-06,1.0356587899999999e-05,3.251748310000001,10.2,1.1861342500000001e-06,1.40873525e-06,8.03304928e-07,5.924072800000001e-07,4.2213673800000007e-07,3.69858801e-07,3.0949823900000003e-07,2.5255762000000003e-07,5.91468295e-07,1.3934025e-07,2.06073283e-06,84.8886854,45.484703100000004,2.8828763000000003e-10,9.1948355,0.0012728129200000001,0.0784265961,2.55110319e-06,4.880407739999999e-07,0.00128105606,0.08022579690000001,2.55110319e-06,4.880407739999999e-07,0.0008864243689999998,0.039011576400000005,2.55110319e-06,4.880407739999999e-07,0.00124295785,0.07576818540000001,2.55110319e-06,4.880407739999999e-07,2.455212426185608
355,1695410400,1.62034205e-05,1.6203425400000003e-05,0.005580333600000002,-0.005968660599999999,0.016895644700000004,0.00321224184,0.00664226584,0.00515166749,1.1928989200000002e-06,1.038350595e-05,3.1398602099999997,10.9,1.2143013699999998e-06,1.4068252500000001e-06,8.077416239999999e-07,5.763888770000001e-07,4.24774341e-07,3.5560278499999997e-07,3.08860124e-07,2.6661583400000007e-07,5.63282668e-07,1.39246867e-07,2.03805071e-06,84.9855105,45.3045324,2.88114213e-10,9.1941252,0.0012606060499999999,0.0771403195,2.9397276400000003e-06,5.07433944e-07,0.0012796329800000002,0.07926658900000001,2.9397276400000003e-06,5.07433944e-07,0.0009025013210000002,0.0402868488,2.9397276400000003e-06,5.07433944e-07,0.00126581848,0.07786401,2.9397276400000003e-06,5.07433944e-07,2.455261492729187
355,1695411000,1.60825904e-05,1.6082595199999997e-05,0.010467216097000001,0.0006369735350000013,0.0163305214,0.00320092097,0.00659770906,0.00513732347,1.1676097e-06,1.0461908099999999e-05,3.2062937500000004,11.8,1.1536161000000002e-06,1.41852396e-06,7.89190686e-07,5.5728788e-07,4.3902706e-07,3.65643052e-07,2.91852221e-07,2.56478898e-07,5.87823071e-07,1.38096132e-07,2.04372848e-06,84.96473150000001,45.6189444,2.84537611e-10,9.195564049999998,0.00126023273,0.077115782,2.4364548000000002e-06,4.725488450000001e-07,0.0012632477199999998,0.0778135409,2.4364548000000002e-06,4.725488450000001e-07,0.0008782961740000002,0.0378699072,2.4364548000000002e-06,4.725488450000001e-07,0.0012591952899999998,0.0771552345,2.4364548000000002e-06,4.725488450000001e-07,2.455223894119263
355,1695411600,1.60476537e-05,1.60476586e-05,-0.008164941600000001,-0.015332275320000002,0.0156908243,0.00319659205,0.0065984374299999995,0.005140185089999999,1.19545125e-06,1.0766013849999999e-05,3.0611888599999997,10.4,1.1897002900000002e-06,1.3668107900000002e-06,7.948388740000001e-07,5.59466323e-07,4.3696159900000005e-07,3.41351032e-07,3.04812563e-07,2.56600335e-07,5.866650349999999e-07,1.39703085e-07,2.0468961100000003e-06,85.03209650000001,45.7698065,2.82758644e-10,9.198324750000001,0.0012563799300000004,0.0765373815,3.0713404599999995e-06,5.12560275e-07,0.00125486212,0.0761689426,3.0713404599999995e-06,5.12560275e-07,0.0008970286310000001,0.0396989197,3.0713404599999995e-06,5.12560275e-07,0.00124910111,0.0760172955,3.0713404599999995e-06,5.12560275e-07,2.455251932144165
355,1695412200,1.61906196e-05,1.61906221e-05,-0.006518663456000001,-0.012609342350000002,0.015764639599999998,0.0032141070200000003,0.00661715668,0.005164369100000001,1.20310483e-06,1.04122686e-05,3.1905594900000005,12.4,1.1640489499999997e-06,1.43646023e-06,8.07078912e-07,5.647940899999999e-07,4.3435697199999995e-07,3.55923194e-07,3.03653632e-07,2.53902743e-07,5.89733876e-07,1.3806616500000003e-07,2.04725538e-06,85.0122093,45.45949890000001,2.8754199100000004e-10,9.194811500000002,0.00125820623,0.076635381,2.97986601e-06,5.1594372e-07,0.0012764816,0.0786826771,2.97986601e-06,5.1594372e-07,0.0008751280219999999,0.038184299600000006,2.97986601e-06,5.1594372e-07,0.00128348393,0.079016841,2.97986601e-06,5.1594372e-07,2.455194616317749
355,1695412800,1.6138344e-05,1.6138349700000003e-05,0.0014219991240000003,-0.006757437950000002,0.01608041405,0.00320552471,0.00660723354,0.00514923525,1.16223086e-06,1.0673168099999999e-05,3.16258745,11.0,1.1586983e-06,1.41664002e-06,8.055015220000001e-07,5.576175439999999e-07,4.4625513799999997e-07,3.4853515499999997e-07,2.95776792e-07,2.64479298e-07,5.808206e-07,1.40031943e-07,2.0547944900000003e-06,85.0744605,45.6814207,2.8543008600000003e-10,9.195680399999999,0.00124646891,0.07567054749999999,2.90003264e-06,4.940064030000001e-07,0.00128732366,0.08002079009999999,2.90003264e-06,4.940064030000001e-07,0.000897189163,0.0393162896,2.90003264e-06,4.940064030000001e-07,0.0012481675300000002,0.0755681685,2.90003264e-06,4.940064030000001e-07,2.455260419845581
355,1695413400,1.6191769800000005e-05,1.61917747e-05,0.004096220879999999,-0.008599444650000001,0.01643427885,0.0032090501299999997,0.00662646355,0.00518038424,1.1868171500000002e-06,1.06077147e-05,3.10839166,11.6,1.2216909800000002e-06,1.40609998e-06,7.869685120000001e-07,5.590030259999999e-07,4.3629237400000003e-07,3.61249052e-07,2.99258269e-07,2.68740811e-07,5.813708410000001e-07,1.39729024e-07,2.03545939e-06,84.9005215,45.3478489,2.8756039099999996e-10,9.19453705,0.00125700929,0.0767135869,3.2836000700000002e-06,5.293219159999998e-07,0.0012738789599999998,0.0785567423,3.2836000700000002e-06,5.293219159999998e-07,0.0009007618099999999,0.04017245170000001,3.2836000700000002e-06,5.293219159999998e-07,0.00125665886,0.07719236799999998,3.2836000700000002e-06,5.293219159999998e-07,2.4552778244018554
355,1695414000,1.62531935e-05,1.6253200399999995e-05,-0.01265813141,0.005881823787000001,0.0168835925,0.0032178958699999997,0.006597332490000001,0.005159457699999999,1.15092138e-06,1.0240726600000003e-05,3.2919580699999997,10.7,1.1880449100000002e-06,1.41565588e-06,8.00931246e-07,5.78131286e-07,4.42752212e-07,3.52130908e-07,3.07464642e-07,2.6364499599999996e-07,5.823639060000001e-07,1.3932708199999997e-07,2.05612817e-06,84.85643809999999,45.4361838,2.8841090799999997e-10,9.1945282,0.0012690703900000001,0.07785002869999999,2.80346486e-06,4.99311894e-07,0.00127460522,0.07883753219999999,2.80346486e-06,4.99311894e-07,0.0008870944510000001,0.038805855099999995,2.80346486e-06,4.99311894e-07,0.00126555876,0.0781289676,2.80346486e-06,4.99311894e-07,2.4552614212036135
355,1695414600,1.62284839e-05,1.6228484500000003e-05,-0.0048825532,-0.013880090440000001,0.0156093159,0.00321636409,0.00662882262,0.005171327870000001,1.1059531e-06,1.03324581e-05,3.1293706699999997,10.0,1.18976168e-06,1.4381161799999999e-06,8.043198669999999e-07,5.72244825e-07,4.29361925e-07,3.53314359e-07,3.01252427e-07,2.67116366e-07,5.766501850000001e-07,1.40035665e-07,2.0420427500000004e-06,84.86245060000002,45.2817853,2.88645409e-10,9.193288200000001,0.00126036795,0.0769798065,2.6015437199999998e-06,4.657979110000001e-07,0.0012785084799999998,0.0790455691,2.6015437199999998e-06,4.657979110000001e-07,0.0008844673669999999,0.0382136453,2.6015437199999998e-06,4.657979110000001e-07,0.0012932211300000001,0.0805177133,2.6015437199999998e-06,4.657979110000001e-07,2.4552688360214234
355,1695415200,1.61863821e-05,1.61863833e-05,-0.0088237348106,0.0021333155800000005,0.0166243955,0.00321018991,0.006595425350000001,0.00515495206,1.15322885e-06,1.0172397999999999e-05,3.27797209,11.6,1.1644680800000003e-06,1.40816689e-06,7.956691399999999e-07,5.79352958e-07,4.3697570700000003e-07,3.6424586600000003e-07,3.1627504300000004e-07,2.65619448e-07,5.79428052e-07,1.40737114e-07,2.0422316800000003e-06,84.89931,45.4865882,2.8711674e-10,9.19387335,0.00126644243,0.07791171,3.08608082e-06,5.378908350000001e-07,0.00127615865,0.07842923400000001,3.08608082e-06,5.378908350000001e-07,0.0009073872549999999,0.040783559,3.08608082e-06,5.378908350000001e-07,0.0012422709400000001,0.07513529760000001,3.08608082e-06,5.378908350000001e-07,2.455204939842224
355,1695415800,1.6152549100000004e-05,1.61525588e-05,-0.007751240544400001,-0.00812214418,0.016182829500000002,0.00320990929,0.00659976352,0.00515487855,1.2129656799999999e-06,1.040834315e-05,3.1451049499999995,12.4,1.1771237999999999e-06,1.41267652e-06,8.238228990000001e-07,5.57774409e-07,4.3839248599999996e-07,3.56216105e-07,2.99330374e-07,2.60313057e-07,5.74751939e-07,1.40707423e-07,2.0351304599999997e-06,84.8534437,45.3328879,2.86803149e-10,9.194552400000001,0.00126346075,0.0774985991,2.91404453e-06,5.11433162e-07,0.0012791894500000002,0.0789496836,2.91404453e-06,5.11433162e-07,0.0009088994859999999,0.0404981106,2.91404453e-06,5.11433162e-07,0.0012475098099999997,0.0763251004,2.91404453e-06,5.11433162e-07,2.455278730392456
355,1695416400,1.61626577e-05,1.6162659599999998e-05,-0.00810226764,-0.0035635249599999994,0.016181238699999996,0.0032074512300000004,0.00661704181,0.00515106822,1.13867047e-06,9.969506900000003e-06,3.1258741399999996,9.9,1.1818751099999998e-06,1.3881865999999998e-06,8.155671529999998e-07,5.542715390000001e-07,4.548645649999999e-07,3.4886901599999995e-07,2.98837972e-07,2.6151345699999996e-07,5.9915089e-07,1.41887868e-07,2.0362935e-06,84.85873409999999,45.5128377,2.85789505e-10,9.194793350000001,0.0012665435299999998,0.07748482720000001,2.85496393e-06,5.03420144e-07,0.00126328963,0.07704408250000001,2.85496393e-06,5.03420144e-07,0.0009079944710000001,0.0405175871,2.85496393e-06,5.03420144e-07,0.0012524348399999999,0.07619875279999999,2.85496393e-06,5.03420144e-07,2.4552695751190186
355,1695417000,1.6071040700000003e-05,1.60710438e-05,-0.007205043089999999,-0.0029262125999999994,0.0163805462,0.0031990821599999996,0.00657321538,0.005138797709999999,1.17573788e-06,1.0247534650000002e-05,3.12412592,10.6,1.15861854e-06,1.41454454e-06,8.05850674e-07,5.500871609999999e-07,4.34969122e-07,3.5639060899999996e-07,3.06522039e-07,2.6479568999999997e-07,5.742723640000001e-07,1.37391008e-07,2.0320195300000005e-06,84.93706999999999,45.4479356,2.85051262e-10,9.1945841,0.0012568751100000002,0.0766358503,2.90451559e-06,4.877474399999999e-07,0.00128547427,0.08009364199999999,2.90451559e-06,4.877474399999999e-07,0.0008905627180000001,0.038718254300000005,2.90451559e-06,4.877474399999999e-07,0.00125321197,0.07560363789999999,2.90451559e-06,4.877474399999999e-07,2.455250287055969
355,1695417600,1.62567968e-05,1.6256800200000003e-05,-0.00011097860999999994,-0.00134803475,0.0164899615,0.00321839301,0.00662963568,0.00517273203,1.18810252e-06,1.03759489e-05,3.18531474,11.1,1.24884229e-06,1.42661916e-06,7.976667289999999e-07,5.56700815e-07,4.3385347499999994e-07,3.6046717100000006e-07,2.97661273e-07,2.6608008999999997e-07,5.654583030000001e-07,1.38150626e-07,2.036859e-06,84.7826532,45.011989899999996,2.9011282300000003e-10,9.1925379,0.0012567642000000001,0.0768417159,3.10313306e-06,5.330554920000001e-07,0.0012715929600000003,0.07843950920000001,3.10313306e-06,5.330554920000001e-07,0.000912378753,0.0410045738,3.10313306e-06,5.330554920000001e-07,0.0012822596700000001,0.079904223,3.10313306e-06,5.330554920000001e-07,2.455288791656494
355,1695418200,1.5832434600000004e-05,1.58324417e-05,0.005940213957000001,0.006579543599999999,0.0159892707,0.0031745763199999997,0.00656272368,0.00511174339,1.1076308499999997e-06,1.01650538e-05,3.15559446,10.3,1.1274747100000002e-06,1.3060718800000001e-06,7.996772410000001e-07,5.73017438e-07,4.28834794e-07,3.5760297000000005e-07,3.0196426e-07,2.5444340000000005e-07,5.849777780000001e-07,1.37640851e-07,2.0444786399999997e-06,85.2083944,46.2654001,2.77230469e-10,9.199833649999999,0.00126592043,0.07733510410000001,2.40238246e-06,4.57603394e-07,0.00124872438,0.0758498783,2.40238246e-06,4.57603394e-07,0.000888082092,0.037984188399999994,2.40238246e-06,4.57603394e-07,0.00122063149,0.07148561749999999,2.40238246e-06,4.57603394e-07,2.455245018005371
355,1695418800,1.6147536400000002e-05,1.6147541e-05,-0.007466605724,0.007606814300000002,0.0163005654,0.00320567478,0.00660260325,0.00514726096,1.1465007999999999e-06,1.0274211499999999e-05,3.3076923900000006,10.3,1.15957781e-06,1.43951472e-06,7.920752330000001e-07,5.54832936e-07,4.4209857300000003e-07,3.5435236200000004e-07,3.02682217e-07,2.59857404e-07,5.831232080000001e-07,1.40530165e-07,2.0450991e-06,84.9581651,45.5035129,2.86409983e-10,9.193989,0.00126336068,0.0771435149,2.72663283e-06,5.02521481e-07,0.0012709778899999999,0.0785853994,2.72663283e-06,5.02521481e-07,0.000903001745,0.040207966500000004,2.72663283e-06,5.02521481e-07,0.00124866461,0.07550278860000001,2.72663283e-06,5.02521481e-07,2.455252528190613
355,1695419400,1.6235462099999998e-05,1.6235468899999998e-05,-0.005094076689999999,-0.027294976950000004,0.016460389800000003,0.0032204937200000006,0.006620191459999999,0.005147904009999999,1.2060402e-06,1.1011621250000001e-05,3.2517483,11.8,1.18839168e-06,1.4427888900000001e-06,7.866733469999999e-07,5.52499665e-07,4.31267626e-07,3.63127735e-07,3.0012693600000003e-07,2.69846648e-07,5.84172729e-07,1.40183668e-07,2.05861076e-06,84.9138013,45.457012199999994,2.88199576e-10,9.194898,0.00126303301,0.0771360427,2.7194442100000002e-06,4.90273693e-07,0.0012715503499999999,0.07859267950000001,2.7194442100000002e-06,4.90273693e-07,0.000880308621,0.0384496159,2.7194442100000002e-06,4.90273693e-07,0.0012771432799999999,0.078557588,2.7194442100000002e-06,4.90273693e-07,2.4552276372909545
355,1695420000,1.61826491e-05,1.61826519e-05,-0.0055361148,-0.019253787890000002,0.015980741799999996,0.00321333459,0.00660467542,0.005158196129999999,1.21875998e-06,1.0478322899999999e-05,3.23776229,12.5,1.1616412e-06,1.4496482899999997e-06,8.084348699999999e-07,5.617028779999999e-07,4.21556727e-07,3.63230268e-07,2.9188900700000005e-07,2.57562202e-07,5.887790279999999e-07,1.3941299299999998e-07,2.04742834e-06,84.9288782,45.433241300000006,2.87218603e-10,9.1940972,0.0012526925799999998,0.0759615179,2.79905439e-06,4.934081960000001e-07,0.00128571303,0.0796887293,2.79905439e-06,4.934081960000001e-07,0.0008719644049999999,0.0373434119,2.79905439e-06,4.934081960000001e-07,0.00127022182,0.078435165,2.79905439e-06,4.934081960000001e-07,2.4552316188812258
355,1695420600,1.61465501e-05,1.61465549e-05,0.013753156139999997,0.015699687,0.0165676092,0.003204841,0.00661802735,0.005148194,1.2055669600000002e-06,1.1175648300000001e-05,3.2500000800000004,11.4,1.1951642500000001e-06,1.3790498599999999e-06,8.025707909999999e-07,5.614380869999999e-07,4.4694878299999994e-07,3.62426331e-07,2.9592116e-07,2.55165245e-07,5.883785259999999e-07,1.39270458e-07,2.04689927e-06,84.9932621,45.586710499999995,2.8614368699999997e-10,9.194675100000001,0.0012705430999999999,0.0782953734,3.45586473e-06,5.479421970000002e-07,0.00125266613,0.0763772518,3.45586473e-06,5.479421970000002e-07,0.0008853648489999999,0.039204082099999996,3.45586473e-06,5.479421970000002e-07,0.0012631348700000002,0.07752169,3.45586473e-06,5.479421970000002e-07,2.4552758932113647
355,1695421200,1.60261511e-05,1.6026153399999997e-05,0.0009242297100000005,0.004836664179999999,0.01670125685,0.0031941971900000003,0.006578005020000001,0.00511375442,1.1962808199999998e-06,1.0553299e-05,3.10839166,12.2,1.18020154e-06,1.3801973200000002e-06,7.85400989e-07,5.618384680000001e-07,4.21210565e-07,3.61618895e-07,2.8975813299999997e-07,2.67551594e-07,5.807341200000001e-07,1.38521289e-07,2.0460338200000003e-06,85.10262259999999,45.7587004,2.82887253e-10,9.1971785,0.0012494310499999999,0.07559592849999999,2.7965208699999995e-06,4.81662413e-07,0.00126307294,0.07769518,2.7965208699999995e-06,4.81662413e-07,0.000887473844,0.038392424300000005,2.7965208699999995e-06,4.81662413e-07,0.00125369741,0.076294564,2.7965208699999995e-06,4.81662413e-07,2.455237865447998
355,1695421800,1.6226669599999996e-05,1.62266742e-05,-0.0026552448199999995,0.002898354199999999,0.016463309099999997,0.00321555108,0.00661083549,0.005165709110000001,1.2161221e-06,1.06271082e-05,3.3671329300000004,12.7,1.2322207300000003e-06,1.40475052e-06,8.117785309999999e-07,5.72281121e-07,4.35585093e-07,3.4236616099999996e-07,2.97801119e-07,2.60441918e-07,5.74281274e-07,1.39156736e-07,2.0426257299999997e-06,84.98620489999999,45.2494398,2.88895244e-10,9.194042900000001,0.00126244254,0.077394858,3.4309408500000002e-06,5.418245780000001e-07,0.00127420056,0.0791077121,3.4309408500000002e-06,5.418245780000001e-07,0.0008958999910000001,0.0399380187,3.4309408500000002e-06,5.418245780000001e-07,0.0012708488600000002,0.07830417149999999,3.4309408500000002e-06,5.418245780000001e-07,2.455264115333557
355,1695422400,1.61639536e-05,1.6163956299999997e-05,-0.0028195761649999996,-0.00677969005,0.0163822568,0.0032089279399999996,0.00660458468,0.005148664450000001,1.2006926400000002e-06,1.026687095e-05,3.2307693100000003,10.5,1.17816075e-06,1.4222382e-06,7.947440480000001e-07,5.6831682e-07,4.3753607600000005e-07,3.5826994e-07,2.9699775600000004e-07,2.54487721e-07,5.870661010000001e-07,1.40314234e-07,2.0438346e-06,84.8768225,45.3944994,2.86479993e-10,9.194698850000002,0.00126757551,0.07742063460000001,2.96640426e-06,5.07726797e-07,0.0012696651400000002,0.0786250085,2.96640426e-06,5.07726797e-07,0.0008957601190000001,0.0396855768,2.96640426e-06,5.07726797e-07,0.00126417864,0.0769835147,2.96640426e-06,5.07726797e-07,2.4552414417266846
355,1695423000,1.60092768e-05,1.60092817e-05,0.0008565454200000003,-0.015482878119999998,0.016427223100000006,0.00319504867,0.00657426432,0.00514407316,1.16415626e-06,1.0202426849999999e-05,3.0664336299999997,10.3,1.15931263e-06,1.3841537e-06,7.77343208e-07,5.539223769999999e-07,4.306440959999999e-07,3.60323362e-07,3.0853565300000004e-07,2.6864275800000005e-07,5.784741150000001e-07,1.39175966e-07,2.04408094e-06,85.1399662,45.85032530000001,2.8216767e-10,9.1975637,0.0012636622400000002,0.0770207303,2.6264437699999997e-06,4.86023026e-07,0.00125622777,0.0763271838,2.6264437699999997e-06,4.86023026e-07,0.000880340988,0.0381756385,2.6264437699999997e-06,4.86023026e-07,0.00126210794,0.07633035969999999,2.6264437699999997e-06,4.86023026e-07,2.4552759885787965
355,1695423600,1.6288737899999998e-05,1.62887401e-05,0.00177167643,-0.005975742934,0.0168252105,0.0032221258599999998,0.006636052619999999,0.00518510599,1.1868771299999999e-06,1.011536225e-05,3.1573427,11.0,1.18538497e-06,1.3867048300000002e-06,8.19152326e-07,5.83112816e-07,4.42506457e-07,3.6058625700000006e-07,2.9900764199999995e-07,2.5952885199999996e-07,5.92459948e-07,1.3923773800000002e-07,2.0766405e-06,84.85455540000001,45.5684734,2.88852947e-10,9.193164549999999,0.00127720762,0.07854258749999998,2.909423e-06,5.12142711e-07,0.00127899104,0.0795366906,2.909423e-06,5.12142711e-07,0.0008841379529999999,0.0388040827,2.909423e-06,5.12142711e-07,0.00124610201,0.0752346536,2.909423e-06,5.12142711e-07,2.4552856922149657
355,1695424200,1.62675635e-05,1.6267569700000003e-05,-0.010622418897,-0.00422806963,0.0158337886,0.00321804828,0.00661434835,0.00515928807,1.17503023e-06,1.0786215249999999e-05,3.3024476199999997,10.8,1.1823330500000001e-06,1.4333366300000002e-06,7.761725310000001e-07,5.734580810000001e-07,4.3735423400000004e-07,3.5987461599999997e-07,3.07209991e-07,2.69407213e-07,5.777748819999999e-07,1.43122516e-07,2.07370611e-06,85.0387385,45.710387499999996,2.87679229e-10,9.197112649999998,0.00126201329,0.0773458865,2.92475449e-06,5.217048489999999e-07,0.00126650539,0.07799939250000001,2.92475449e-06,5.217048489999999e-07,0.0009109884060000001,0.0406994429,2.92475449e-06,5.217048489999999e-07,0.0012602424400000002,0.07671397999999999,2.92475449e-06,5.217048489999999e-07,2.455228018760681
355,1695424800,2.826262277777778e-05,2.8262625333333334e-05,0.07256402922222221,34.121940711848886,0.04423367066666667,0.0034911434555555555,0.007007045677777777,0.005482952411111111,4.104020285555556e-05,0.00043632219588888893,5.145687733333332,27.88888888888889,3.376589388888889e-06,2.8722359111111114e-06,1.3520725233333332e-06,8.0725216e-07,5.682138655555555e-07,4.3698506666666664e-07,3.6016071e-07,2.9527898444444444e-07,1.695487688888889e-06,1.4541221e-07,2.221564966666667e-06,81.78027844444445,42.908315111111115,6.274198633333333e-10,9.13823411111111,0.001272788388888889,0.08906476177777778,0.00014405369493333332,1.397591176111111e-05,0.0013059483777777777,0.12647313344444444,0.00014405369493333332,1.397591176111111e-05,0.0009433512655555555,0.14702372544444445,0.00014405369493333332,1.397591176111111e-05,0.001284999522222222,0.17930203355555555,0.00014405369493333332,1.397591176111111e-05,2.455329524146186
355,1695425400,1.80821755e-05,1.80821783e-05,-0.016874209512100002,-0.014541405299999999,0.0173217929,0.00339427333,0.006975874659999999,0.005446432240000001,1.2076562e-06,1.0862300550000002e-05,4.569930149999999,13.8,1.2054539400000001e-06,1.44565279e-06,8.057632400000001e-07,5.67817747e-07,4.3859664e-07,3.50108553e-07,3.0058430400000006e-07,2.6757772100000006e-07,1.40659386e-06,1.38273522e-07,2.11464233e-06,84.5143639,45.67994829999999,3.4275148799999996e-10,9.17994975,0.0012653087600000001,0.07756878349999999,3.14349269e-06,5.34184267e-07,0.0012723340100000001,0.07848278069999999,3.14349269e-06,5.34184267e-07,0.0009048664190000001,0.0406971943,3.14349269e-06,5.34184267e-07,0.00128613668,0.08075990499999999,3.14349269e-06,5.34184267e-07,2.4552643060684205
355,1695426000,1.7860190599999998e-05,1.78601953e-05,-0.010309294839999998,-0.0261766989,0.016213269,0.00337632864,0.00693811847,0.00543209901,1.2404385099999997e-06,1.1212329549999997e-05,4.356643400000001,12.0,1.21932678e-06,1.38004212e-06,7.862518100000001e-07,5.560169999999999e-07,4.3049209699999997e-07,3.565362e-07,3.08114438e-07,2.6816654e-07,1.38352075e-06,1.4121275899999998e-07,2.1003945e-06,84.6416328,45.898359600000006,3.37843093e-10,9.1829327,0.00126407911,0.0774692556,3.66544006e-06,5.509045620000001e-07,0.0012560980799999999,0.0765552414,3.66544006e-06,5.509045620000001e-07,0.000918637026,0.041197317100000005,3.66544006e-06,5.509045620000001e-07,0.0012455620199999999,0.07617857790000002,3.66544006e-06,5.509045620000001e-07,2.4552732944488525
355,1695426600,1.7729082299999998e-05,1.77290896e-05,-0.010850179140000001,0.0011898112300000017,0.0169255295,0.0033589466599999998,0.006913060590000001,0.00539277886,1.2248863100000002e-06,1.10821741e-05,4.34615394,12.4,1.18988531e-06,1.39018877e-06,8.080551540000002e-07,5.552857269999999e-07,4.24011687e-07,3.6279869700000003e-07,2.9569236900000004e-07,2.66641679e-07,1.3329428500000002e-06,1.4087577400000002e-07,2.0981465e-06,84.5853632,45.9192983,3.32624116e-10,9.18393715,0.00126628619,0.077805812,2.5334982000000006e-06,4.96527352e-07,0.00126399849,0.077636628,2.5334982000000006e-06,4.96527352e-07,0.0009006134090000001,0.040095712500000005,2.5334982000000006e-06,4.96527352e-07,0.00125014474,0.0759897251,2.5334982000000006e-06,4.96527352e-07,2.4552597761154176
355,1695427200,1.7951500899999997e-05,1.7951504499999998e-05,-0.0053530863299999995,-0.0010822618000000007,0.017248870700000002,0.0033808543400000004,0.00695769708,0.00542757765,1.2429571900000001e-06,1.114966525e-05,4.57342663,14.0,1.255826e-06,1.4114866e-06,7.993902070000001e-07,5.62275069e-07,4.4131356600000004e-07,3.43606682e-07,3.08911892e-07,2.65942943e-07,1.33672677e-06,1.3941831e-07,2.1107825200000003e-06,84.54986149999999,45.6062394,3.39027567e-10,9.1818614,0.00126364639,0.0777985385,2.8210551e-06,5.24030772e-07,0.00127893147,0.0787987044,2.8210551e-06,5.24030772e-07,0.0009181484049999999,0.041570389400000005,2.8210551e-06,5.24030772e-07,0.00127607543,0.07858569829999999,2.8210551e-06,5.24030772e-07,2.4552602529525758
355,1695427800,1.77177198e-05,1.7717725000000003e-05,-0.0009090672800000012,-0.0260616936,0.0171755281,0.00336149263,0.0069200194399999995,0.00538428649,1.17164499e-06,1.0913891000000001e-05,4.277971910000001,12.6,1.14877559e-06,1.43313642e-06,8.089099700000001e-07,5.674070650000001e-07,4.36346698e-07,3.62815541e-07,3.07231175e-07,2.6309854199999997e-07,1.30307771e-06,1.4034784600000003e-07,2.0876925799999997e-06,84.62279500000001,45.7774063,3.33312736e-10,9.1824198,0.0012647748200000002,0.0773866999,2.90594757e-06,5.02069628e-07,0.0012734510800000002,0.07867597640000001,2.90594757e-06,5.02069628e-07,0.0008802368219999999,0.0384019743,2.90594757e-06,5.02069628e-07,0.00127337108,0.0783352641,2.90594757e-06,5.02069628e-07,2.455207872390747
355,1695428400,1.75960061e-05,1.7596008e-05,-0.00567642663,-0.01962080671,0.017177954,0.00335015854,0.006900141850000001,0.00537823653,1.15966146e-06,1.05836e-05,4.13811191,12.6,1.1423736099999996e-06,1.36403029e-06,8.173072430000001e-07,5.5348391e-07,4.26128363e-07,3.6827621999999996e-07,3.0173650099999996e-07,2.6620351500000003e-07,1.3060631300000002e-06,1.40221014e-07,2.1121696999999996e-06,84.7976324,46.289540099999996,3.2887916e-10,9.18432515,0.00126644177,0.07778069979999999,2.7049112199999998e-06,4.87374111e-07,0.00127542545,0.07866575540000001,2.7049112199999998e-06,4.87374111e-07,0.0008766004399999999,0.0378427366,2.7049112199999998e-06,4.87374111e-07,0.0012495429599999998,0.07539167659999998,2.7049112199999998e-06,4.87374111e-07,2.455233097076416
355,1695429000,1.7954326400000003e-05,1.79543304e-05,-0.005909958219,-0.0017003452299999985,0.0174393701,0.00338314274,0.00695078027,0.00542476823,1.24556978e-06,1.1469414950000001e-05,4.541958119999999,13.6,1.15071834e-06,1.4260788500000004e-06,8.043501499999999e-07,5.69369712e-07,4.3586980699999993e-07,3.59858089e-07,2.9877272499999995e-07,2.6027909100000004e-07,1.419221e-06,1.3962576100000002e-07,2.1129833899999996e-06,84.6686444,46.020895100000004,3.3925988000000006e-10,9.182230099999998,0.00127084343,0.07798833590000001,2.65171639e-06,5.011300940000001e-07,0.0012679554600000002,0.07814956849999999,2.65171639e-06,5.011300940000001e-07,0.000898017746,0.03959429689999999,2.65171639e-06,5.011300940000001e-07,0.0012603071300000001,0.0769980983,2.65171639e-06,5.011300940000001e-07,2.4552407026290894
355,1695429600,1.82261006e-05,1.82261034e-05,-0.010124735030000002,0.00010985039999999966,0.0174648882,0.0034069028599999994,0.00702889401,0.00545567865,1.25984681e-06,1.18024292e-05,4.74475523,12.8,1.18966951e-06,1.3986533099999999e-06,8.09488144e-07,5.798187870000001e-07,4.4029401400000004e-07,3.6098428000000006e-07,3.03229101e-07,2.74363074e-07,1.4420344599999998e-06,1.4457819800000002e-07,2.16990195e-06,84.7405546,46.195513500000004,3.44797346e-10,9.183439,0.00127300892,0.07887414880000002,2.66487265e-06,4.81274988e-07,0.00127423279,0.0788506855,2.66487265e-06,4.81274988e-07,0.0008891951279999999,0.0387297078,2.66487265e-06,4.81274988e-07,0.0012646746699999998,0.0777638502,2.66487265e-06,4.81274988e-07,2.455197834968567
355,1695430200,1.82873195e-05,1.8287323e-05,-0.008521406129999999,-0.009913477600000001,0.0170407004,0.00341310777,0.0070108804200000015,0.00547707451,1.22376827e-06,1.173350845e-05,4.82692313,15.1,1.17769598e-06,1.41688636e-06,8.06977849e-07,5.538165029999999e-07,4.3348013100000004e-07,3.50899361e-07,3.09583727e-07,2.61682561e-07,1.57794591e-06,1.42140861e-07,2.1125274599999998e-06,84.60206249999999,45.984168200000006,3.5035674399999995e-10,9.1819788,0.00125810742,0.0767290878,3.0802531199999997e-06,5.141840199999999e-07,0.00128439333,0.0796918313,3.0802531199999997e-06,5.141840199999999e-07,0.00087754293,0.03820510629999999,3.0802531199999997e-06,5.141840199999999e-07,0.00125862748,0.07735255780000001,3.0802531199999997e-06,5.141840199999999e-07,2.455246996879578
355,1695430800,1.8442807500000003e-05,1.84428114e-05,-0.01232817457,-0.0207899167,0.017660515300000002,0.0034308387,0.0070347799099999995,0.00549361521,1.2063217e-06,1.126649605e-05,4.89685324,14.1,1.21068876e-06,1.42037149e-06,8.164864330000002e-07,5.54660887e-07,4.348496040000001e-07,3.62774361e-07,2.8953405800000003e-07,2.64390666e-07,1.59361921e-06,1.3962535e-07,2.13438312e-06,84.7112951,45.91105209999999,3.55174112e-10,9.181405499999999,0.00125814357,0.0763610504,2.5028536899999997e-06,4.9950185e-07,0.0012778251800000002,0.0798379379,2.5028536899999997e-06,4.9950185e-07,0.0008908841379999999,0.039153534899999995,2.5028536899999997e-06,4.9950185e-07,0.00127229617,0.0792864683,2.5028536899999997e-06,4.9950185e-07,2.4552011489868164
355,1695431400,3.484397609999999e-05,3.48439782e-05,-0.029190079485,18.607008589329997,0.043552015599999994,0.0035209073300000006,0.007020542070000001,0.005481213170000001,4.042140357999999e-05,0.00039586707370000004,5.458041980000001,29.5,4.90893373e-06,3.8716550699999996e-06,1.607699511e-06,9.509749640000001e-07,6.93301158e-07,5.39226097e-07,4.2339961900000004e-07,3.53258595e-07,1.5852753e-06,1.4914929400000002e-07,2.33906704e-06,81.60214429999999,42.6678795,8.189489990000001e-10,9.137022700000001,0.0012832865600000002,0.133927161,4.751013762000001e-05,5.627169161e-06,0.00131309927,0.1252781995,4.751013762000001e-05,5.627169161e-06,0.000988700642,0.10760987649999998,4.751013762000001e-05,5.627169161e-06,0.00137388469,0.3547668583000001,4.751013762000001e-05,5.627169161e-06,2.4555930614471437
355,1695432000,1.82691194e-05,1.8269123e-05,-0.005897381430000001,-0.0031922656800000004,0.0175454277,0.0034114496600000004,0.00702786576,0.0054743431,1.24472932e-06,1.1438406799999998e-05,4.736014150000001,12.5,1.1977751200000002e-06,1.4369731600000002e-06,8.06820119e-07,5.630199889999999e-07,4.45571813e-07,3.4400113100000004e-07,2.92563913e-07,2.6151185599999997e-07,1.5291282200000002e-06,1.38643278e-07,2.11853539e-06,84.52706610000001,45.767868500000006,3.49870001e-10,9.1805587,0.0012634741600000001,0.0772414236,2.8157131599999995e-06,4.829786199999999e-07,0.00126944783,0.07885148,2.8157131599999995e-06,4.829786199999999e-07,0.000905746553,0.0396221132,2.8157131599999995e-06,4.829786199999999e-07,0.00127805902,0.0793712679,2.8157131599999995e-06,4.829786199999999e-07,2.4552090406417846
355,1695432600,1.74970547e-05,1.74970571e-05,-0.0048343797099999995,0.006772363599999998,0.017479751300000002,0.0033352482999999995,0.00686829073,0.00534890981,1.19822892e-06,1.1337228299999999e-05,4.3059441199999995,14.0,1.1883959300000002e-06,1.39271346e-06,7.83208659e-07,5.620056769999999e-07,4.3967476499999994e-07,3.47089486e-07,2.92145476e-07,2.6159496e-07,1.167045422e-06,1.43072048e-07,2.17155146e-06,85.2514054,46.6324014,3.22518161e-10,9.190880199999999,0.00125868782,0.0768784995,2.75574515e-06,4.972216620000001e-07,0.00125574011,0.0767013331,2.75574515e-06,4.972216620000001e-07,0.0009021304649999999,0.039247745099999995,2.75574515e-06,4.972216620000001e-07,0.00125354723,0.0768115434,2.75574515e-06,4.972216620000001e-07,2.4552540302276613
355,1695433200,1.6248988400000003e-05,1.62489924e-05,-0.00863685145,0.0071111106000000006,0.016756469549999996,0.00321659304,0.006633155,0.0051582135,1.1749059899999999e-06,1.0448083699999999e-05,3.28671334,11.5,1.1801939899999997e-06,1.37311079e-06,8.04982482e-07,5.72304307e-07,4.3240294200000007e-07,3.6412135000000003e-07,3.0259915099999996e-07,2.72038906e-07,5.95876279e-07,1.4385107299999998e-07,2.08299193e-06,85.1305712,45.987812000000005,2.86222941e-10,9.1974478,0.0012682233999999999,0.07790832210000001,2.4855073599999998e-06,4.73531637e-07,0.0012682090900000003,0.07762234139999999,2.4855073599999998e-06,4.73531637e-07,0.0008827477990000001,0.0385510871,2.4855073599999998e-06,4.73531637e-07,0.0012562160400000002,0.07659235309999998,2.4855073599999998e-06,4.73531637e-07,2.4552684307098387
355,1695433800,1.6273662099999997e-05,1.62736651e-05,-0.014898013679999999,-0.012949561305000001,0.015895601999999998,0.0032198602199999997,0.006611482070000001,0.0051666713900000005,1.19116646e-06,1.0990405300000001e-05,3.1136364600000004,12.8,1.1552461999999998e-06,1.4205590799999998e-06,7.883613690000001e-07,5.64099073e-07,4.47219508e-07,3.6095233499999996e-07,3.06280066e-07,2.67938614e-07,6.026105460000001e-07,1.4099130200000003e-07,2.08253138e-06,85.03744309999999,45.8362342,2.8742235000000005e-10,9.1955804,0.0012682575899999999,0.0780553841,2.67741441e-06,4.870154379999999e-07,0.00125842354,0.077065141,2.67741441e-06,4.870154379999999e-07,0.0008708141589999999,0.0376941493,2.67741441e-06,4.870154379999999e-07,0.00127183433,0.07852541500000002,2.67741441e-06,4.870154379999999e-07,2.45527663230896
355,1695434400,1.61598633e-05,1.61598698e-05,0.0035301488699999994,0.0020901078,0.0170574455,0.00320653075,0.006613197159999999,0.0051674692,1.193195454e-06,1.0880453249999999e-05,3.1538462000000003,11.6,1.18448944e-06,1.37112173e-06,7.926929810000001e-07,5.669220049999999e-07,4.4151191899999996e-07,3.59985947e-07,3.03362833e-07,2.49648808e-07,5.9843378e-07,1.42459511e-07,2.06927608e-06,85.0271456,45.8262213,2.8527285799999997e-10,9.1963386,0.00126448094,0.0773271594,2.66520409e-06,4.81918099e-07,0.00126603573,0.077241511,2.66520409e-06,4.81918099e-07,0.000880323506,0.03781024610000001,2.66520409e-06,4.81918099e-07,0.00126055744,0.0772541731,2.66520409e-06,4.81918099e-07,2.455241060256958
355,1695435000,1.62313603e-05,1.62313617e-05,0.0033456841837,-0.0115334053,0.015676492049999997,0.0032140237500000004,0.00663417629,0.005179001339999999,1.2051685599999998e-06,1.03423438e-05,3.2657343400000003,11.4,1.2301808499999999e-06,1.4154374699999998e-06,7.64958142e-07,5.54774718e-07,4.38467465e-07,3.4895275e-07,2.9741850699999996e-07,2.62373027e-07,5.87188478e-07,1.40518596e-07,2.07537257e-06,85.0450291,45.6150953,2.87756037e-10,9.194939999999999,0.00125368137,0.0760587113,3.07111917e-06,5.37695808e-07,0.0012600602799999999,0.07694570170000001,3.07111917e-06,5.37695808e-07,0.0008978518059999999,0.0403899624,3.07111917e-06,5.37695808e-07,0.00127148212,0.07832894209999999,3.07111917e-06,5.37695808e-07,2.4552752017974853
355,1695435600,1.613871595e-05,1.6138725e-05,0.0006628105000000006,0.005431792240000001,0.016008673600000002,0.0032062031499999998,0.00660809988,0.00514643371,1.1468491430000003e-06,1.0353595249999999e-05,3.2255245,11.4,1.15035588e-06,1.3902221799999998e-06,7.850406609999999e-07,5.59494352e-07,4.30728341e-07,3.63109354e-07,3.0430498700000003e-07,2.7253193200000004e-07,5.926193280000001e-07,1.3873726200000006e-07,2.082185e-06,85.1052872,46.0472228,2.83514365e-10,9.1987657,0.00125171108,0.0767058196,2.78499234e-06,4.77354213e-07,0.00125855778,0.07667717439999999,2.78499234e-06,4.77354213e-07,0.000880491273,0.0385345618,2.78499234e-06,4.77354213e-07,0.00125505438,0.07600433100000001,2.78499234e-06,4.77354213e-07,2.4552476167678834
355,1695436200,1.62052061e-05,1.62052085e-05,-0.00137795502,-0.014212773399999998,0.016910148399999998,0.0032131151000000004,0.0066294434499999996,0.005163892469999999,1.15733346e-06,1.0144549400000001e-05,3.18531476,11.4,1.24297498e-06,1.3705080599999999e-06,7.775685800000001e-07,5.53037148e-07,4.284832650000001e-07,3.61493571e-07,3.06074056e-07,2.6795885300000005e-07,5.960839480000001e-07,1.3918952499999996e-07,2.05919504e-06,84.8537932,45.4873097,2.87227379e-10,9.194407150000002,0.00126575037,0.0772265228,2.87698965e-06,5.17344946e-07,0.00125555279,0.0763715505,2.87698965e-06,5.17344946e-07,0.000913391952,0.041214629600000004,2.87698965e-06,5.17344946e-07,0.00126666789,0.0770161878,2.87698965e-06,5.17344946e-07,2.455252265930176
355,1695436800,1.61119836e-05,1.61119856e-05,0.00409099709,0.0015663780499999991,0.0164642598,0.00320225419,0.00659589579,0.005150909689999999,1.16228603e-06,1.003386815e-05,3.2062937500000004,10.9,1.1240574599999998e-06,1.42174927e-06,7.964530719999999e-07,5.65539257e-07,4.4359911200000004e-07,3.6115899699999995e-07,3.0048508800000004e-07,2.64722657e-07,5.82860067e-07,1.4007409600000002e-07,2.05527733e-06,84.96417750000002,45.772049599999995,2.84476505e-10,9.1952836,0.0012679879899999999,0.0778627121,2.7908570799999996e-06,4.82202526e-07,0.00125780379,0.076934498,2.7908570799999996e-06,4.82202526e-07,0.0008675523920000001,0.037200889,2.7908570799999996e-06,4.82202526e-07,0.0012666135199999999,0.07738133459999999,2.7908570799999996e-06,4.82202526e-07,2.4552320718765257
355,1695437400,1.63176745e-05,1.6317675099999998e-05,0.013981681530000001,-0.00740614138,0.0174884589,0.0032252192999999998,0.006667680370000001,0.00518234493,1.21916521e-06,1.0655267399999999e-05,3.25699306,10.4,1.17598813e-06,1.4372046e-06,8.14117676e-07,5.692418380000001e-07,4.3546592299999995e-07,3.5683348400000004e-07,2.9284898e-07,2.6881286899999996e-07,5.86844404e-07,1.43453113e-07,2.0780013e-06,84.9732729,45.63510599999999,2.88663346e-10,9.195064849999998,0.00126363464,0.07726827850000001,3.06050249e-06,4.98899527e-07,0.00127140286,0.0786119172,3.06050249e-06,4.98899527e-07,0.000872918757,0.0375909671,3.06050249e-06,4.98899527e-07,0.00129196402,0.08069733799999998,3.06050249e-06,4.98899527e-07,2.455251431465149
355,1695438000,1.61451723e-05,1.61451767e-05,0.0006113426600000011,0.0071536579000000015,0.016408329200000002,0.00320302888,0.006607901420000001,0.005137962050000001,1.2140415499999999e-06,1.107623855e-05,3.2919581399999998,12.0,1.186643083e-06,1.38569838e-06,7.882831370000001e-07,5.64569464e-07,4.4212897300000004e-07,3.61555518e-07,2.91725801e-07,2.5856853099999993e-07,5.844719999999999e-07,1.4028616800000002e-07,2.0686210200000004e-06,85.1752142,45.751435099999995,2.86017615e-10,9.1962476,0.00125658187,0.07706807090000001,2.8385089600000003e-06,5.26350486e-07,0.0012559445,0.0757917811,2.8385089600000003e-06,5.26350486e-07,0.0008878624239999999,0.039426461700000005,2.8385089600000003e-06,5.26350486e-07,0.00125741385,0.07719732130000001,2.8385089600000003e-06,5.26350486e-07,2.4552552461624146
355,1695438600,1.6128375599999997e-05,1.6128379999999998e-05,-0.006114446289999999,-0.01001023425,0.0154283019,0.0032064148600000003,0.00660124386,0.005153069,1.15150705e-06,1.0114910599999999e-05,3.17657349,11.0,1.18233643e-06,1.3719919900000001e-06,8.113694599999999e-07,5.55303106e-07,4.38394071e-07,3.58418266e-07,3.09500864e-07,2.6345644499999997e-07,5.860245540000001e-07,1.36784512e-07,2.0505899400000003e-06,85.0011579,45.62683259999999,2.85198842e-10,9.19588665,0.00126254823,0.0777645244,2.7660284899999997e-06,4.826674260000001e-07,0.00126239463,0.07764383000000001,2.7660284899999997e-06,4.826674260000001e-07,0.00090497792,0.039797735900000006,2.7660284899999997e-06,4.826674260000001e-07,0.00124113843,0.0751258731,2.7660284899999997e-06,4.826674260000001e-07,2.4552377462387085
355,1695439200,1.6248269600000003e-05,1.62482733e-05,-0.0130862365,0.004554063549999999,0.0160401019,0.00321383094,0.00661864811,0.005148083289999999,1.17565391e-06,1.0614020749999999e-05,3.39335674,12.2,1.18207121e-06,1.42658154e-06,7.794942670000001e-07,5.579836490000001e-07,4.61328409e-07,3.5383182699999994e-07,3.0527913199999997e-07,2.6266065200000003e-07,5.96345788e-07,1.40911223e-07,2.05761758e-06,84.882566,45.5466172,2.87859734e-10,9.194684750000002,0.00127260091,0.07838142070000001,2.36807805e-06,4.583120429999999e-07,0.00126486357,0.0772833106,2.36807805e-06,4.583120429999999e-07,0.0008918835049999999,0.03831177520000001,2.36807805e-06,4.583120429999999e-07,0.00126737759,0.07849101840000001,2.36807805e-06,4.583120429999999e-07,2.455244255065918
355,1695439800,1.6167287399999998e-05,1.61672914e-05,-0.016746290396,0.010438276933999999,0.017131630400000004,0.00320522522,0.00659969344,0.00513818087,1.22713482e-06,1.0611458600000001e-05,3.35139859,11.4,1.1696585699999998e-06,1.40933844e-06,8.1182107e-07,5.678935370000001e-07,4.38209313e-07,3.5176134699999993e-07,3.0415986199999997e-07,2.6257093300000005e-07,5.84116056e-07,1.40648679e-07,2.0434242300000002e-06,84.8359511,45.46431779999999,2.86446255e-10,9.194496899999999,0.0012590441,0.07683665149999999,2.67657332e-06,4.96690944e-07,0.00127317859,0.0789604546,2.67657332e-06,4.96690944e-07,0.0008909391590000001,0.039522289,2.67657332e-06,4.96690944e-07,0.0012605964399999997,0.0774171195,2.67657332e-06,4.96690944e-07,2.455252742767334
355,1695440400,1.61970645e-05,1.6197066999999998e-05,0.0015478623799999997,-0.0007249725600000005,0.016441942999999997,0.00321000014,0.00662818392,0.00515259915,1.19797922e-06,1.0684189300000002e-05,3.3409092,11.3,1.1696469100000001e-06,1.40556902e-06,7.9810956e-07,5.567262729999999e-07,4.33655105e-07,3.56589249e-07,3.0259576900000003e-07,2.61039293e-07,5.979763060000001e-07,1.4072682600000002e-07,2.0758914999999996e-06,85.073899,45.869969399999995,2.8579420999999994e-10,9.196981849999998,0.00125861227,0.07669188699999999,2.62645253e-06,4.93155628e-07,0.0012720229599999999,0.0791741181,2.62645253e-06,4.93155628e-07,0.0008915993439999999,0.038973941600000006,2.62645253e-06,4.93155628e-07,0.001257832,0.0757780356,2.62645253e-06,4.93155628e-07,2.455238127708435
355,1695441000,1.6252868200000004e-05,1.6252874500000002e-05,-0.0004367547499999999,0.02407453898,0.016425013699999998,0.0032143200099999996,0.0066276108,0.00515683721,1.1815325199999998e-06,1.079961225e-05,3.3444056600000005,11.0,1.19537125e-06,1.4232418499999998e-06,7.76394664e-07,5.78169158e-07,4.3627937100000003e-07,3.70451217e-07,2.9760526200000005e-07,2.6572540699999995e-07,5.77605921e-07,1.39626664e-07,2.06593958e-06,84.9132726,45.4915589,2.8818385e-10,9.194921050000001,0.0012676097700000002,0.0778328396,2.76604729e-06,4.80528496e-07,0.0012748560699999997,0.07899371670000001,2.76604729e-06,4.80528496e-07,0.000893928163,0.0388465228,2.76604729e-06,4.80528496e-07,0.00126165707,0.07753545399999999,2.76604729e-06,4.80528496e-07,2.455227828025818
355,1695441600,1.60833721e-05,1.60833766e-05,0.005326131699999999,0.02801479077,0.017225767299999997,0.00319572065,0.006597906760000001,0.00512319283,1.2466775799999998e-06,1.120606065e-05,3.2569930899999995,11.9,1.16088264e-06,1.3841063e-06,7.88287143e-07,5.39139573e-07,4.42011828e-07,3.5224635399999995e-07,3.00766898e-07,2.6414596599999997e-07,5.79393068e-07,1.3996395000000003e-07,2.09072753e-06,85.1960929,46.1110508,2.8327627000000006e-10,9.197824299999999,0.00125403704,0.0762059714,2.91132159e-06,5.239976320000001e-07,0.0012444519799999997,0.07522007890000001,2.91132159e-06,5.239976320000001e-07,0.00087568742,0.0385102697,2.91132159e-06,5.239976320000001e-07,0.00125631241,0.07682508499999999,2.91132159e-06,5.239976320000001e-07,2.455206871032715
355,1695442200,1.63115399e-05,1.6311544100000003e-05,0.0015166966499999992,0.0011803687000000007,0.0162313745,0.00322245741,0.00664154958,0.0051723407,1.24558406e-06,1.083423285e-05,3.44230775,12.2,1.2089410499999998e-06,1.4391845199999999e-06,7.7532061e-07,5.77460284e-07,4.423564039999999e-07,3.65908818e-07,3.0133313100000004e-07,2.65580244e-07,5.81943135e-07,1.38149489e-07,2.0595655800000002e-06,84.84687360000001,45.286754200000004,2.8988228799999996e-10,9.1945435,0.00126969162,0.07804347940000002,3.2193153e-06,5.243947229999999e-07,0.00127140318,0.078521829,3.2193153e-06,5.243947229999999e-07,0.000901506147,0.0400285801,3.2193153e-06,5.243947229999999e-07,0.001271029,0.0785743474,3.2193153e-06,5.243947229999999e-07,2.4552736282348633
355,1695442800,1.62669303e-05,1.62669369e-05,-0.00011695375999999958,-0.0025662685189999997,0.0162367093,0.00322003144,0.00660986716,0.005170266010000001,1.1967080700000002e-06,1.0459218799999998e-05,3.27447558,11.0,1.17912745e-06,1.45303716e-06,8.15446957e-07,5.795719989999999e-07,4.295309549999999e-07,3.5527439400000004e-07,3.002296e-07,2.6442457799999997e-07,5.76602542e-07,1.40458733e-07,2.03974532e-06,84.7657835,45.1918164,2.89215094e-10,9.1933611,0.0012528304099999998,0.0764839561,2.71811305e-06,4.84864216e-07,0.00129329197,0.0809838729,2.71811305e-06,4.84864216e-07,0.000901465165,0.0395611253,2.71811305e-06,4.84864216e-07,0.0012767748500000001,0.07824347799999999,2.71811305e-06,4.84864216e-07,2.455228304862976
355,1695443400,1.6352572099999998e-05,1.6352575299999996e-05,-0.01064905536,0.0029740616000000003,0.0170138741,0.00322563467,0.00664570303,0.005174475279999999,1.19377287e-06,1.01240886e-05,3.34615392,10.3,1.2165398900000002e-06,1.3963135299999998e-06,8.07298456e-07,5.61572476e-07,4.344972540000001e-07,3.6738645799999997e-07,3.0432768399999994e-07,2.63325585e-07,5.85448374e-07,1.4381692e-07,2.0957274899999997e-06,85.11037840000002,45.7723888,2.89523608e-10,9.195681500000001,0.0012636811599999998,0.07781275,2.65782548e-06,5.19557648e-07,0.00126503316,0.07772832880000001,2.65782548e-06,5.19557648e-07,0.0009160791730000002,0.0410838884,2.65782548e-06,5.19557648e-07,0.00126424171,0.0773232006,2.65782548e-06,5.19557648e-07,2.4552305936813354
355,1695444000,1.62572999e-05,1.62573026e-05,0.0007499250999999992,-0.0234426119,0.0162473172,0.0032210495200000002,0.006629085359999999,0.005170766040000001,1.1640302e-06,9.9810436e-06,3.2622378500000004,10.0,1.19871007e-06,1.40869623e-06,8.060895769999999e-07,5.60374541e-07,4.41987494e-07,3.5570025399999996e-07,3.05475737e-07,2.6356274e-07,5.87764358e-07,1.39605129e-07,2.0606648900000004e-06,84.8344695,45.4495043,2.88106576e-10,9.19481935,0.00125735998,0.0765614718,2.62408015e-06,5.157975289999999e-07,0.0012904338700000001,0.08077756550000001,2.62408015e-06,5.157975289999999e-07,0.000913604493,0.0411174953,2.62408015e-06,5.157975289999999e-07,0.0012337535,0.07457612620000001,2.62408015e-06,5.157975289999999e-07,2.455232119560242
355,1695444600,1.62213679e-05,1.6221371700000002e-05,0.0003076005930000007,0.015781815999999997,0.016682946599999998,0.0032109925300000002,0.00660725893,0.005137702379999999,1.1887806499999999e-06,1.032734335e-05,3.29895111,13.6,1.16499511e-06,1.40046966e-06,8.16669522e-07,5.626959250000001e-07,4.40192361e-07,3.69665046e-07,3.06842422e-07,2.5446663899999996e-07,5.85581737e-07,1.42505116e-07,2.0665512700000003e-06,84.9179584,45.6792483,2.8673032099999997e-10,9.19510715,0.00127028279,0.0784991121,2.90650563e-06,4.829170099999999e-07,0.0012626809900000001,0.0776427316,2.90650563e-06,4.829170099999999e-07,0.000899315534,0.0391615993,2.90650563e-06,4.829170099999999e-07,0.00125826916,0.0770032581,2.90650563e-06,4.829170099999999e-07,2.4552211999893188
355,1695445200,1.6340534100000002e-05,1.6340539200000004e-05,-0.010206529774799999,0.046208210240000006,0.018097637,0.00322056587,0.00664292167,0.0051650008300000005,1.25430989e-06,1.0719282800000001e-05,3.5454545700000004,12.6,1.1635317500000001e-06,1.42231367e-06,8.273678240000001e-07,5.73994496e-07,4.30068813e-07,3.64936383e-07,3.0374906200000004e-07,2.59330641e-07,5.95667038e-07,1.4128347100000002e-07,2.0880029900000002e-06,84.75565209999999,45.5484334,2.8935336e-10,9.19420955,0.00126020367,0.077335428,2.8767965e-06,5.3001109e-07,0.00129071797,0.081007195,2.8767965e-06,5.3001109e-07,0.000889490859,0.0396002874,2.8767965e-06,5.3001109e-07,0.00124229777,0.0765798476,2.8767965e-06,5.3001109e-07,2.4552587985992433
355,1695445800,1.61759517e-05,1.61759568e-05,-0.0019911556300000006,-0.01439275816,0.016426779299999996,0.00321177719,0.006595397429999999,0.00517508741,1.16121355e-06,1.03793896e-05,3.22202804,11.5,1.1585291499999999e-06,1.38828177e-06,8.22189633e-07,5.498007259999999e-07,4.3155209e-07,3.63211044e-07,2.99747605e-07,2.6447138299999997e-07,5.917596979999999e-07,1.3955948099999998e-07,2.07884433e-06,85.04579749999999,45.867013199999995,2.85385796e-10,9.1964623,0.00125831504,0.0769393774,3.36313819e-06,5.295219449999998e-07,0.00126477854,0.0771213151,3.36313819e-06,5.295219449999998e-07,0.0008970942629999999,0.039832253500000005,3.36313819e-06,5.295219449999998e-07,0.00125960542,0.0762890097,3.36313819e-06,5.295219449999998e-07,2.4552370071411134
355,1695446400,1.6188730799999998e-05,1.6188735099999997e-05,-0.0050947745199999995,0.00886980832,0.016462828699999998,0.0032070547699999995,0.00661600203,0.00517495344,1.18856529e-06,1.0709713950000001e-05,3.41783224,12.1,1.1769453700000002e-06,1.3786726199999998e-06,7.95792611e-07,5.40501635e-07,4.3864973e-07,3.67082131e-07,3.1220913e-07,2.6926882e-07,5.93371624e-07,1.3953907899999999e-07,2.08230723e-06,85.1541596,45.9908513,2.8556444099999997e-10,9.19662765,0.0012515993399999999,0.0764242535,2.7947447e-06,4.945632400000001e-07,0.00126264459,0.07732485650000001,2.7947447e-06,4.945632400000001e-07,0.0008897288839999999,0.0389063437,2.7947447e-06,4.945632400000001e-07,0.0012558661300000001,0.07632699080000001,2.7947447e-06,4.945632400000001e-07,2.455213260650635
355,1695447000,1.61807034e-05,1.6180704800000003e-05,0.006724909550000001,-0.0199470415,0.015985553800000003,0.0032113068200000003,0.00662623127,0.00516432226,1.15955115e-06,1.036871425e-05,3.13636371,10.3,1.20035634e-06,1.36374277e-06,8.155312400000001e-07,5.828243639999999e-07,4.2374182299999995e-07,3.43787478e-07,3.03063886e-07,2.61676949e-07,5.84302106e-07,1.38853792e-07,2.07245078e-06,85.05042590000001,45.7384623,2.85937139e-10,9.1955307,0.00125973773,0.07693573249999999,2.7737794900000004e-06,4.800124330000001e-07,0.0012673796099999998,0.0778082845,2.7737794900000004e-06,4.800124330000001e-07,0.0009010075999999999,0.0396796889,2.7737794900000004e-06,4.800124330000001e-07,0.00126377264,0.0771845256,2.7737794900000004e-06,4.800124330000001e-07,2.4552335262298586
355,1695447600,1.64007037e-05,1.6400714599999998e-05,0.00113173379,-0.0045185204700000006,0.0162383116,0.0032316214600000004,0.0066615782100000005,0.0051869284299999995,1.21784658e-06,1.0293031650000001e-05,3.3269231400000003,11.4,1.1689923000000002e-06,1.41223293e-06,8.29779441e-07,5.56635933e-07,4.4471932399999996e-07,3.61545862e-07,3.1334538700000003e-07,2.69187976e-07,5.9259642e-07,1.40359474e-07,2.1109455900000004e-06,84.88531940000001,45.835439199999996,2.88712591e-10,9.197576699999999,0.00127866715,0.0786816885,2.8009673e-06,5.074603129999999e-07,0.00127664642,0.07899215750000001,2.8009673e-06,5.074603129999999e-07,0.0008819953030000001,0.0385846661,2.8009673e-06,5.074603129999999e-07,0.0012632752000000002,0.07794055450000001,2.8009673e-06,5.074603129999999e-07,2.455239105224609
355,1695448200,1.62881269e-05,1.62881315e-05,-0.02037221135,0.0340406667,0.0167998637,0.0032153006999999997,0.00661504814,0.005151335349999999,1.2038102e-06,1.05447752e-05,3.4580420199999997,11.8,1.2159911e-06,1.40397798e-06,8.189000009999999e-07,5.627751189999999e-07,4.3372406400000007e-07,3.55769917e-07,3.008659e-07,2.6151631899999996e-07,5.87289062e-07,1.40322663e-07,2.06285625e-06,84.8920024,45.3870657,2.89288306e-10,9.1947511,0.00125345757,0.07643969199999999,2.65729549e-06,5.02404705e-07,0.00127559707,0.07896538049999999,2.65729549e-06,5.02404705e-07,0.000909010417,0.040407611999999996,2.65729549e-06,5.02404705e-07,0.0012675683300000001,0.07822774119999999,2.65729549e-06,5.02404705e-07,2.455191969871521
355,1695448800,1.6105572700000002e-05,1.61055775e-05,-1.2844229999999651e-05,0.005954217499999999,0.0168169459,0.0032036855099999996,0.0065940305099999996,0.0051446763000000005,1.192404e-06,1.075312765e-05,3.11013993,11.6,1.1345614499999998e-06,1.39260089e-06,7.797355870000002e-07,5.77015993e-07,4.4209432800000004e-07,3.6428712899999995e-07,3.1224350200000005e-07,2.61047121e-07,5.794681760000001e-07,1.38340275e-07,2.07135179e-06,85.01694669999999,45.9436673,2.8387546399999997e-10,9.196269,0.00126096281,0.0776960881,2.78663377e-06,4.841907230000001e-07,0.0012628648900000002,0.0771261965,2.78663377e-06,4.841907230000001e-07,0.0008701312830000001,0.0375708008,2.78663377e-06,4.841907230000001e-07,0.0012410378300000001,0.07561330559999999,2.78663377e-06,4.841907230000001e-07,2.4552459001541136
355,1695449400,1.62046361e-05,1.6204638e-05,0.01050129814,-0.007657745699999999,0.0159356442,0.00321508229,0.0066149734500000005,0.00516204713,1.19522787e-06,1.07976413e-05,3.35664345,11.4,1.17858521e-06,1.4538054300000002e-06,7.86002104e-07,5.63606285e-07,4.36438839e-07,3.6680494000000005e-07,2.93087169e-07,2.6143283799999995e-07,5.754185120000001e-07,1.3760841700000003e-07,2.0495013400000002e-06,84.9589647,45.341920699999996,2.8840655000000003e-10,9.193474,0.00126381626,0.0771734779,2.95542712e-06,5.43929367e-07,0.001258126,0.0769528595,2.95542712e-06,5.43929367e-07,0.000905938121,0.0413485839,2.95542712e-06,5.43929367e-07,0.0012629759,0.0774965926,2.95542712e-06,5.43929367e-07,2.45521399974823
355,1695450000,1.61534083e-05,1.61534118e-05,0.00704260907,-0.018601210960000003,0.016411481149999997,0.00321019844,0.006618936840000001,0.00516191553,1.16390509e-06,1.051627475e-05,3.2709791000000004,11.7,1.1490393500000002e-06,1.42601349e-06,7.90940071e-07,5.84144089e-07,4.36785624e-07,3.4871654e-07,3.0693895100000003e-07,2.48898028e-07,5.82599943e-07,1.39205541e-07,2.0633920900000003e-06,85.01150299999999,45.700320399999995,2.8536694100000003e-10,9.1963835,0.0012636692599999999,0.0773931785,2.70819874e-06,4.862041900000001e-07,0.0012705691799999998,0.07818029700000002,2.70819874e-06,4.862041900000001e-07,0.0008808880809999999,0.0382235716,2.70819874e-06,4.862041900000001e-07,0.00127056823,0.0773164156,2.70819874e-06,4.862041900000001e-07,2.455248785018921
355,1695450600,1.6171116299999997e-05,1.61711194e-05,-0.013960879550000003,-0.0011183367700000001,0.01661128595,0.00320841231,0.0065967507800000005,0.00514216044,1.21161189e-06,1.0910892900000002e-05,3.2797203700000006,11.4,1.16886963e-06,1.4127305899999998e-06,8.037312790000001e-07,5.67632538e-07,4.43704426e-07,3.5641907500000004e-07,3.04776333e-07,2.61573597e-07,5.90231474e-07,1.3562804599999998e-07,2.0402062800000003e-06,84.82617629999999,45.443320299999996,2.8696535599999997e-10,9.193454149999999,0.0012621296100000002,0.07710509899999998,2.36372567e-06,4.68452535e-07,0.00126738763,0.0776787312,2.36372567e-06,4.68452535e-07,0.0008830860139999999,0.03799139829999999,2.36372567e-06,4.68452535e-07,0.0012750253999999996,0.078649454,2.36372567e-06,4.68452535e-07,2.4551908016204833
355,1695451200,1.60070625e-05,1.6007068699999998e-05,-0.007518705400000001,-0.014665437100000001,0.016191457599999997,0.0031952802600000003,0.00657259021,0.00511420405,1.1906287099999998e-06,1.0515988200000001e-05,3.0594406100000002,10.4,1.15655933e-06,1.36563603e-06,7.80369207e-07,5.608103969999999e-07,4.17136276e-07,3.53370605e-07,3.08771722e-07,2.6147917000000004e-07,5.93757379e-07,1.41429522e-07,2.06420637e-06,85.13129400000001,46.132199,2.8081281799999994e-10,9.199979100000002,0.0012535369499999999,0.0760654706,2.73657845e-06,4.6816157299999997e-07,0.0012542892799999998,0.0765008395,2.73657845e-06,4.6816157299999997e-07,0.00086324734,0.0366839621,2.73657845e-06,4.6816157299999997e-07,0.00124619094,0.0761484224,2.73657845e-06,4.6816157299999997e-07,2.4552449226379394
355,1695451800,1.61866528e-05,1.6186663799999997e-05,0.0022145927599999996,-0.0109669086,0.016682954899999998,0.0032130693699999996,0.00661292147,0.00516058991,1.1741056100000001e-06,1.036595605e-05,3.1153846799999996,10.3,1.20477149e-06,1.3570380400000002e-06,8.06179077e-07,5.57508065e-07,4.3342612e-07,3.5308296200000003e-07,3.07931668e-07,2.61222241e-07,5.96676186e-07,1.4079790999999998e-07,2.0746745100000003e-06,85.04607869999998,45.8339045,2.85416229e-10,9.1976859,0.0012589946799999997,0.07672325840000001,2.9003375199999997e-06,5.106253730000001e-07,0.0012546575799999998,0.07689507259999999,2.9003375199999997e-06,5.106253730000001e-07,0.0009026640729999999,0.04028949850000001,2.9003375199999997e-06,5.106253730000001e-07,0.0012604115099999998,0.0762575533,2.9003375199999997e-06,5.106253730000001e-07,2.4552390575408936
355,1695452400,1.62859761e-05,1.6285980900000003e-05,-0.010161502627400001,0.02505627814,0.0164063122,0.0032175151400000005,0.00661598268,0.00516922962,1.22358766e-06,1.0227374149999998e-05,3.39335667,11.0,1.1979976799999998e-06,1.4021054899999999e-06,8.191780169999999e-07,5.64995182e-07,4.3673000600000004e-07,3.58482268e-07,3.1031887900000005e-07,2.72705442e-07,5.92824045e-07,1.37979224e-07,2.04965634e-06,84.8019606,45.3760375,2.89087899e-10,9.193968099999998,0.0012660352499999999,0.07800109060000002,2.6315864300000005e-06,4.941003469999999e-07,0.0012728438199999998,0.0786676776,2.6315864300000005e-06,4.941003469999999e-07,0.0008882240230000001,0.0386772167,2.6315864300000005e-06,4.941003469999999e-07,0.00126450147,0.07852917749999999,2.6315864300000005e-06,4.941003469999999e-07,2.455205488204956
355,1695453000,1.6063518400000002e-05,1.6063523299999997e-05,-0.0005835039433,-0.018291107719999998,0.016668002100000003,0.00320190468,0.0065840735999999995,0.00512881646,1.14671475e-06,1.035148295e-05,2.98426579,11.4,1.15823895e-06,1.36866981e-06,7.96840131e-07,5.6340379e-07,4.3359813800000004e-07,3.53634259e-07,3.069436e-07,2.59011404e-07,5.802492619999999e-07,1.40405693e-07,2.0707027399999997e-06,85.02564709999999,46.016558499999995,2.81734126e-10,9.198867750000002,0.00126075375,0.0769612443,2.62811729e-06,4.8646317e-07,0.0012612134100000003,0.0775088726,2.62811729e-06,4.8646317e-07,0.0008868132549999999,0.0387035759,2.62811729e-06,4.8646317e-07,0.0012409194299999998,0.0741874299,2.62811729e-06,4.8646317e-07,2.4552213191986083
355,1695453600,1.62712596e-05,1.6271264000000003e-05,-0.00424593075,-0.01174873559,0.0163375338,0.0032205083799999997,0.00663218597,0.00517229984,1.1702330699999997e-06,1.04560857e-05,3.2849651200000003,11.9,1.18512812e-06,1.4361258e-06,8.217305180000001e-07,5.622845470000001e-07,4.3700508900000005e-07,3.55065151e-07,3.1042810800000003e-07,2.5984423099999997e-07,5.80765122e-07,1.3962779900000002e-07,2.04757103e-06,84.7737434,45.239535599999996,2.88964027e-10,9.194122750000002,0.00126757884,0.0782283369,2.76974104e-06,5.151643859999999e-07,0.00128510633,0.079202688,2.76974104e-06,5.151643859999999e-07,0.0009018040099999999,0.040162360300000005,2.76974104e-06,5.151643859999999e-07,0.00126813496,0.078565205,2.76974104e-06,5.151643859999999e-07,2.4552235126495363
355,1695454200,1.61837284e-05,1.61837383e-05,-0.0068252534400000025,0.0006871561699999995,0.016943857399999998,0.00321082469,0.00659490824,0.00515737273,1.2006982199999999e-06,1.0900501349999998e-05,3.1433566899999996,10.5,1.1644334e-06,1.41024346e-06,7.880265389999999e-07,5.78662908e-07,4.24430928e-07,3.6751927299999995e-07,3.0298827e-07,2.66649959e-07,5.856239299999999e-07,1.40116356e-07,2.0631704499999997e-06,85.00432550000001,45.68861,2.85658767e-10,9.198107900000002,0.00125480163,0.0764730288,2.93111091e-06,5.08254703e-07,0.0012727118900000003,0.07950738580000001,2.93111091e-06,5.08254703e-07,0.000889768765,0.039277703799999994,2.93111091e-06,5.08254703e-07,0.0012466613099999997,0.0764403686,2.93111091e-06,5.08254703e-07,2.455200433731079
355,1695454800,1.63490221e-05,1.6349025500000002e-05,0.0006379725273999986,0.000756889950000001,0.016783023,0.0032269917100000004,0.006636274709999999,0.00517655214,1.21870763e-06,1.0616385249999998e-05,3.4283217,12.1,1.23790051e-06,1.39906554e-06,8.01531987e-07,5.602394350000001e-07,4.5007337100000006e-07,3.60728326e-07,3.2745866700000003e-07,2.5579747e-07,5.923271469999999e-07,1.4198343699999998e-07,2.04739561e-06,84.75969470000001,45.20522630000001,2.9098908499999995e-10,9.193126600000001,0.00127600791,0.0791619611,2.7393597799999998e-06,5.151565439999999e-07,0.0012600811699999999,0.07704545110000001,2.7393597799999998e-06,5.151565439999999e-07,0.0009313785659999999,0.0418932953,2.7393597799999998e-06,5.151565439999999e-07,0.00127090543,0.077758455,2.7393597799999998e-06,5.151565439999999e-07,2.4552462577819822
355,1695455400,1.6115387199999996e-05,1.6115395100000003e-05,-0.0017028524400000008,-0.004527079876,0.0160607049,0.0032032597500000004,0.006594381049999999,0.0051444989500000005,1.17413977e-06,1.0137999250000001e-05,3.09090916,10.6,1.14101946e-06,1.3920112200000002e-06,7.8299709e-07,5.704163019999999e-07,4.3412630099999996e-07,3.71142244e-07,2.93877874e-07,2.7037848e-07,5.985627679999999e-07,1.3923815200000001e-07,2.0638848e-06,85.071968,46.012833,2.82863159e-10,9.198687799999998,0.00127057479,0.0784521751,2.5601823199999995e-06,4.85023067e-07,0.0012607938599999999,0.07683459279999999,2.5601823199999995e-06,4.85023067e-07,0.000880770882,0.038246073,2.5601823199999995e-06,4.85023067e-07,0.00124324914,0.07508657029999999,2.5601823199999995e-06,4.85023067e-07,2.4552329540252686
355,1695456000,1.63072014e-05,1.63072055e-05,0.006239365190000001,-0.0007847362000000009,0.016346782900000002,0.00322185951,0.0066570938,0.00517280993,1.1673293099999998e-06,1.0623910449999998e-05,3.32167839,11.8,1.1940548299999998e-06,1.3537079400000003e-06,7.98747866e-07,5.65031986e-07,4.3447635400000007e-07,3.58008498e-07,3.08468971e-07,2.73633298e-07,6.09424404e-07,1.40862598e-07,2.1171219700000003e-06,85.18940939999999,46.180661300000004,2.8693962800000006e-10,9.1979935,0.00126222382,0.0773126155,2.91243711e-06,5.315967279999999e-07,0.00125578707,0.0766440327,2.91243711e-06,5.315967279999999e-07,0.0008994026840000001,0.0404033397,2.91243711e-06,5.315967279999999e-07,0.0012442703,0.07498150220000001,2.91243711e-06,5.315967279999999e-07,2.455219030380249
355,1695456600,1.6300375600000002e-05,1.63003801e-05,-0.0021905057399999985,0.005426512939999999,0.016227772450000004,0.00321967998,0.0066372231700000004,0.005162734800000001,1.1909752799999998e-06,1.06675577e-05,3.3513986200000003,11.2,1.15026922e-06,1.3442643599999999e-06,7.764750540000001e-07,5.476213599999999e-07,4.37281086e-07,3.62594171e-07,3.08002696e-07,2.83736581e-07,6.19848978e-07,1.43302641e-07,2.17672059e-06,85.45120399999999,47.0678506,2.8264780699999993e-10,9.2029446,0.0012609445799999998,0.07693045999999999,2.7690823399999998e-06,4.83633064e-07,0.0012546814899999999,0.0767757249,2.7690823399999998e-06,4.83633064e-07,0.000890790376,0.038588263,2.7690823399999998e-06,4.83633064e-07,0.0012211530999999998,0.0723760949,2.7690823399999998e-06,4.83633064e-07,2.4552090883255007
355,1695457200,1.6197429599999997e-05,1.6197434899999996e-05,0.0009020282054000006,-0.013541313239999997,0.016149573,0.0032115612999999996,0.006624665300000001,0.00515247293,1.17862216e-06,1.065481075e-05,3.27622384,11.7,1.1588895900000002e-06,1.37039548e-06,8.227404e-07,5.728710810000001e-07,4.30180917e-07,3.58207783e-07,3.0154455100000003e-07,2.7553750400000004e-07,5.83197404e-07,1.3748432800000001e-07,2.0876416e-06,85.0053095,45.93787580000001,2.8522334300000005e-10,9.196870100000002,0.00125732893,0.077709651,3.06961074e-06,4.905509930000001e-07,0.00126559181,0.0774037097,3.06961074e-06,4.905509930000001e-07,0.0008836826729999999,0.038479905,3.06961074e-06,4.905509930000001e-07,0.00126106793,0.0775577446,3.06961074e-06,4.905509930000001e-07,2.4552154541015625
355,1695457800,1.66678545e-05,1.66678587e-05,0.0021839779000000004,0.0031446392000000004,0.0163472438,0.0032559178200000003,0.006714026989999999,0.00523684925,1.24653237e-06,1.065062785e-05,3.5874126599999996,12.1,1.1987948600000003e-06,1.38921416e-06,8.18829376e-07,5.68633788e-07,4.5433388500000003e-07,3.50473092e-07,3.06247919e-07,2.7692989399999997e-07,6.257135760000001e-07,1.4425872200000002e-07,2.20048549e-06,85.0609634,46.41107840000001,2.9087799800000003e-10,9.20052755,0.00127133812,0.0782782257,2.8541992499999997e-06,5.08637698e-07,0.00127859301,0.07910464240000001,2.8541992499999997e-06,5.08637698e-07,0.000908225247,0.0406766467,2.8541992499999997e-06,5.08637698e-07,0.00125477632,0.07601615960000001,2.8541992499999997e-06,5.08637698e-07,2.455236005783081
355,1695458400,1.6360140300000004e-05,1.6360146400000002e-05,0.0025755922299999993,0.00548805787,0.016546787099999998,0.00322629928,0.006642997789999999,0.00517234087,1.1819721100000001e-06,1.052902725e-05,3.46328672,12.7,1.19660725e-06,1.42197339e-06,8.08875798e-07,5.62331323e-07,4.4504295499999994e-07,3.5213952600000006e-07,3.14115568e-07,2.6189928900000005e-07,5.892151e-07,1.40192132e-07,2.0876008699999997e-06,84.8039704,45.561910499999996,2.8960391599999997e-10,9.1942299,0.00126575376,0.07803440519999999,2.82007815e-06,4.94211887e-07,0.0012719874999999998,0.07835705339999999,2.82007815e-06,4.94211887e-07,0.0009024783550000001,0.0398207317,2.82007815e-06,4.94211887e-07,0.00126096941,0.0775788927,2.82007815e-06,4.94211887e-07,2.455175757408142
355,1695459000,1.61525608e-05,1.61525645e-05,0.0005309248209999998,-0.00155381075,0.0172185521,0.0032072433900000004,0.006605474379999999,0.005153906590000001,1.1973811499999998e-06,1.0481461899999999e-05,3.13811193,11.1,1.1655505300000002e-06,1.39620574e-06,7.929309140000001e-07,5.569580420000001e-07,4.4169864e-07,3.5211087399999994e-07,3.0855309399999994e-07,2.6062951400000006e-07,5.913517169999999e-07,1.3835026400000002e-07,2.0719241799999996e-06,85.0342035,45.824616000000006,2.8473944099999997e-10,9.19743155,0.00125940898,0.0768207674,3.23776468e-06,5.357529620000001e-07,0.00126382083,0.077743337,3.23776468e-06,5.357529620000001e-07,0.0008866636310000001,0.03962208960000001,3.23776468e-06,5.357529620000001e-07,0.00124986929,0.0760357113,3.23776468e-06,5.357529620000001e-07,2.4552261590957642
355,1695459600,1.6084265000000002e-05,1.60842693e-05,0.0088809147,0.0007230020700000006,0.01658277285,0.0031982187300000006,0.0066085643099999996,0.005151112920000001,1.1418087799999999e-06,9.9833691e-06,3.1451049400000004,10.4,1.17953899e-06,1.39088121e-06,7.870571290000001e-07,5.76361053e-07,4.324037479999999e-07,3.53091415e-07,3.01361264e-07,2.6268689600000005e-07,5.80830797e-07,1.38565638e-07,2.0393168199999997e-06,85.1832457,45.7021285,2.83983954e-10,9.19763155,0.0012612195,0.0767189758,2.69686662e-06,5.073137660000001e-07,0.00128027561,0.0791297664,2.69686662e-06,5.073137660000001e-07,0.0009166581749999999,0.0409776926,2.69686662e-06,5.073137660000001e-07,0.0012335618999999999,0.07346985939999999,2.69686662e-06,5.073137660000001e-07,2.455242133140564
355,1695460200,1.6138078500000002e-05,1.61380873e-05,-0.0018926624800000014,-0.0046345491499999985,0.015993838000000003,0.00320378151,0.00662413214,0.00515109416,1.15580792e-06,1.0478275299999999e-05,3.3216783800000003,10.7,1.16841357e-06,1.4158165599999998e-06,7.968272650000001e-07,5.59884378e-07,4.48215606e-07,3.64274534e-07,2.93787231e-07,2.62532553e-07,5.754704770000001e-07,1.3790382500000002e-07,2.0458858399999996e-06,84.91385740000001,45.54699120000001,2.8575452799999995e-10,9.194706700000001,0.00127021455,0.0781935535,2.8255529300000002e-06,5.08694136e-07,0.0012648594800000002,0.07798603800000001,2.8255529300000002e-06,5.08694136e-07,0.0009098726389999999,0.040743094,2.8255529300000002e-06,5.08694136e-07,0.00124158022,0.07511001999999999,2.8255529300000002e-06,5.08694136e-07,2.4552242755889893
355,1695460800,1.63034993e-05,1.63035031e-05,-0.0008511905000000003,-0.005492753099999999,0.0162388907,0.00322343213,0.006649295559999999,0.005189377970000001,1.17904081e-06,1.0229510400000001e-05,3.2849650700000006,12.7,1.21702931e-06,1.43563837e-06,7.94556374e-07,5.785287709999999e-07,4.37885653e-07,3.5728123e-07,3.03217806e-07,2.66839942e-07,5.789888190000001e-07,1.39116843e-07,2.04261848e-06,84.7973136,45.160406699999996,2.9061809e-10,9.192652399999998,0.0012655037300000002,0.077498611,3.01346003e-06,5.310076869999999e-07,0.0012724668500000002,0.0788668508,3.01346003e-06,5.310076869999999e-07,0.000905398583,0.040407352800000004,3.01346003e-06,5.310076869999999e-07,0.00127975327,0.07887104140000001,3.01346003e-06,5.310076869999999e-07,2.4552276372909545
355,1695461400,1.61659158e-05,1.6165922e-05,0.00524897063,-0.00949714446,0.016265499,0.00320829978,0.0066123739,0.00515963065,1.18013571e-06,1.0590119499999999e-05,3.11888117,10.5,1.21653285e-06,1.37627401e-06,8.18744534e-07,5.326762369999999e-07,4.3285979099999996e-07,3.52034854e-07,3.11599561e-07,2.59966488e-07,5.80383535e-07,1.3978448600000002e-07,2.0620938600000003e-06,85.034579,45.6402342,2.8590036299999995e-10,9.1963215,0.0012548933499999999,0.0765137374,2.62759254e-06,4.82389101e-07,0.0012684486199999998,0.0778168155,2.62759254e-06,4.82389101e-07,0.0008832098320000001,0.0383532252,2.62759254e-06,4.82389101e-07,0.0012754421,0.0792307382,2.62759254e-06,4.82389101e-07,2.4552467107772826
355,1695462000,1.6140378300000004e-05,1.6140384e-05,-0.014116214659999998,-0.00015734479000000106,0.0156125938,0.00320546933,0.006602000249999999,0.00514669475,1.15390157e-06,1.0136822050000002e-05,3.18531476,12.4,1.1330460099999998e-06,1.39863066e-06,8.31076783e-07,5.45141576e-07,4.45572026e-07,3.6196455700000006e-07,3.0784385900000006e-07,2.54825197e-07,5.83739031e-07,1.40245261e-07,2.0680767500000003e-06,84.9756756,45.80236430000001,2.84595088e-10,9.197003999999998,0.00126758748,0.0777721438,2.5976759099999998e-06,4.83228264e-07,0.00127373701,0.0782991761,2.5976759099999998e-06,4.83228264e-07,0.000879975836,0.0382869525,2.5976759099999998e-06,4.83228264e-07,0.0012455147,0.07524096039999999,2.5976759099999998e-06,4.83228264e-07,2.455210256576538
355,1695462600,1.6098261099999996e-05,1.6098267800000004e-05,-0.008132852020000001,0.0028094557260000008,0.015905020699999998,0.0031985405100000003,0.006591306700000001,0.00512501854,1.1842387099999998e-06,1.0275969349999999e-05,3.21853153,10.0,1.1976909500000002e-06,1.3648864200000001e-06,7.93183316e-07,5.49071516e-07,4.392958850000001e-07,3.58390266e-07,3.03820501e-07,2.65560738e-07,5.844339869999999e-07,1.3890638100000002e-07,2.05385141e-06,84.9841974,45.7188637,2.84703734e-10,9.19518025,0.0012587291899999998,0.07706267279999998,2.89202164e-06,5.008512640000001e-07,0.0012540178000000001,0.076190291,2.89202164e-06,5.008512640000001e-07,0.000894835069,0.039504190700000004,2.89202164e-06,5.008512640000001e-07,0.0012479349299999998,0.0755175847,2.89202164e-06,5.008512640000001e-07,2.4552508115768434
355,1695463200,1.61770845e-05,1.6177087800000002e-05,0.006453216940000001,-0.00534247964,0.0158785687,0.0032082142799999998,0.006636652660000001,0.00515726372,1.18144769e-06,1.0765684350000001e-05,3.16258746,11.4,1.15119711e-06,1.4536264500000002e-06,7.96647087e-07,5.637148490000001e-07,4.21852178e-07,3.5870551899999996e-07,3.0731350900000004e-07,2.71752113e-07,5.829915279999999e-07,1.39548303e-07,2.04114474e-06,84.73415940000001,45.4026398,2.8695526500000006e-10,9.1931668,0.0012603141999999999,0.0769805049,2.66955781e-06,4.84072501e-07,0.00127373952,0.07835590049999999,2.66955781e-06,4.84072501e-07,0.00088213766,0.0380318296,2.66955781e-06,4.84072501e-07,0.00127612307,0.0796229089,2.66955781e-06,4.84072501e-07,2.4552324295043944
355,1695463800,1.61322333e-05,1.6132240400000004e-05,-0.008386859200000001,-0.01676761055,0.0163736693,0.00320732502,0.0066066597500000004,0.00516403507,1.1885308900000002e-06,1.064075605e-05,3.05944062,11.0,1.2187160299999998e-06,1.43798388e-06,7.55937753e-07,5.6624064e-07,4.1977492999999994e-07,3.51224499e-07,3.0380120300000003e-07,2.5005174900000004e-07,5.764560660000001e-07,1.3979167e-07,2.04609855e-06,84.907283,45.3147791,2.8627624199999996e-10,9.1952773,0.0012437683800000001,0.0749988404,3.0523118399999993e-06,5.151746420000001e-07,0.00125855494,0.0768187514,3.0523118399999993e-06,5.151746420000001e-07,0.0009167134439999998,0.04105461410000001,3.0523118399999993e-06,5.151746420000001e-07,0.0012749543799999998,0.07903751540000001,3.0523118399999993e-06,5.151746420000001e-07,2.4552156209945677
355,1695464400,1.6139000000000003e-05,1.6139008100000003e-05,-0.0009627071700000003,0.032393317830000004,0.0165299121,0.0032023606900000003,0.00659511074,0.005129120730000001,1.1658896900000002e-06,1.014752885e-05,3.28671333,10.6,1.20389838e-06,1.37201383e-06,7.817826969999999e-07,5.603252510000001e-07,4.50871786e-07,3.5892899200000005e-07,3.04452306e-07,2.6784323600000003e-07,5.80118642e-07,1.3948822700000001e-07,2.04974939e-06,84.9148204,45.5845484,2.85546139e-10,9.196090649999999,0.0012646090699999998,0.0775348664,2.76499318e-06,4.82094699e-07,0.0012541599900000003,0.07625688890000001,2.76499318e-06,4.82094699e-07,0.0009069302319999999,0.039568758499999995,2.76499318e-06,4.82094699e-07,0.00126403503,0.07742213839999999,2.76499318e-06,4.82094699e-07,2.4552465200424196
355,1695465000,1.6015763499999997e-05,1.60157663e-05,0.002096338345,0.007434879139999998,0.0165220328,0.00319190277,0.00659386403,0.00512958618,1.13849859e-06,1.0621076100000002e-05,3.14335669,9.5,1.1361882000000002e-06,1.3716457e-06,7.8448936e-07,5.56438795e-07,4.39785992e-07,3.66146249e-07,3.0672153800000006e-07,2.636324e-07,5.808474180000001e-07,1.36757442e-07,2.06520918e-06,85.12840109999999,46.0215515,2.81576172e-10,9.1984614,0.0012693504600000001,0.07784902499999999,2.74096653e-06,4.815855799999999e-07,0.0012584315699999999,0.0762126481,2.74096653e-06,4.815855799999999e-07,0.000885309506,0.0387239972,2.74096653e-06,4.815855799999999e-07,0.00123081584,0.07379453820000001,2.74096653e-06,4.815855799999999e-07,2.4552046775817873
355,1695465600,1.6224161400000003e-05,1.62241653e-05,0.0002752437599999987,-0.0028693468499999997,0.0160697761,0.0032151447199999994,0.00662897499,0.0051705903499999996,1.1896953200000002e-06,1.073863255e-05,3.2849651099999995,11.1,1.2143849199999997e-06,1.3953756000000002e-06,7.941959950000001e-07,5.56577626e-07,4.47028732e-07,3.57646374e-07,3.0763291000000003e-07,2.67330018e-07,5.89568e-07,1.38525001e-07,2.04380761e-06,84.8144675,45.33419189999999,2.88257162e-10,9.19321285,0.0012671560199999999,0.0776519691,2.90454237e-06,5.28201554e-07,0.0012627460900000002,0.0780748296,2.90454237e-06,5.28201554e-07,0.0009371717390000001,0.04295938889999999,2.90454237e-06,5.28201554e-07,0.00124182278,0.0741256885,2.90454237e-06,5.28201554e-07,2.455238938331604
355,1695466200,1.6193079300000003e-05,1.6193084e-05,0.0025827518400000004,0.015180706339999999,0.016858496699999996,0.0032103378,0.00661517551,0.00513644999,1.20318582e-06,1.061968685e-05,3.23776229,13.5,1.15987821e-06,1.46344388e-06,8.03299927e-07,5.574887869999999e-07,4.3525011099999996e-07,3.46190544e-07,3.01164253e-07,2.6135315100000004e-07,5.846431340000001e-07,1.41097898e-07,2.04264839e-06,84.9671989,45.4542167,2.87501064e-10,9.194189499999998,0.0012521896099999999,0.07634986510000001,2.7246288800000003e-06,4.70162675e-07,0.00127968873,0.0794795154,2.7246288800000003e-06,4.70162675e-07,0.000871573776,0.0371413425,2.7246288800000003e-06,4.70162675e-07,0.00128115533,0.08048638749999999,2.7246288800000003e-06,4.70162675e-07,2.4552100896835327
355,1695466800,1.6126270400000003e-05,1.61262755e-05,0.006317855209999999,0.003734082197,0.016132218599999998,0.0032036469599999997,0.006621946619999999,0.005152313800000001,1.16024247e-06,1.06565572e-05,3.2290210400000006,10.2,1.1613812470000003e-06,1.4038331199999999e-06,7.886487309999999e-07,5.71454277e-07,4.426621480000001e-07,3.55341089e-07,2.97706796e-07,2.68135343e-07,5.7551108e-07,1.38115587e-07,2.0603251e-06,84.890615,45.660798699999994,2.8530509199999995e-10,9.19466595,0.00126449678,0.0774251304,2.3847834599999997e-06,4.73981333e-07,0.00127675165,0.0788915713,2.3847834599999997e-06,4.73981333e-07,0.0008946416640000001,0.0388019552,2.3847834599999997e-06,4.73981333e-07,0.0012428022,0.0746524116,2.3847834599999997e-06,4.73981333e-07,2.455212140083313
355,1695467400,1.61989391e-05,1.61989408e-05,-0.011534380680000001,0.007238568449999999,0.015937551700000004,0.0032086892,0.006594073840000001,0.00513901258,1.21436345e-06,1.07001551e-05,3.26398602,11.2,1.1755975499999998e-06,1.42832168e-06,7.78968404e-07,5.61519493e-07,4.2959998199999997e-07,3.6807465700000004e-07,3.0296665999999997e-07,2.62816638e-07,5.843762269999999e-07,1.41217786e-07,2.06595659e-06,85.0231869,45.668623600000004,2.86793424e-10,9.1953383,0.00125152102,0.0760986615,2.7974118199999998e-06,4.94553241e-07,0.0012610257300000002,0.0774620344,2.7974118199999998e-06,4.94553241e-07,0.000894154707,0.03912879130000001,2.7974118199999998e-06,4.94553241e-07,0.0012604492800000003,0.07783549000000001,2.7974118199999998e-06,4.94553241e-07,2.455197048187256
355,1695468000,1.6449908300000003e-05,1.6449912600000002e-05,-0.014543575142999999,0.0230056217,0.016914588999999997,0.0032305275599999995,0.006679191950000001,0.00519929327,1.1805421500000002e-06,1.017200875e-05,3.4335664800000005,10.9,1.1427856199999998e-06,1.4479215e-06,8.331807390000001e-07,5.77100748e-07,4.3521365599999997e-07,3.59152316e-07,3.0953935000000003e-07,2.7380640600000003e-07,5.997687819999999e-07,1.4091945100000001e-07,2.1055413300000002e-06,84.81374550000001,45.6917366,2.90258285e-10,9.195623399999999,0.00126758464,0.0780424028,2.7436309300000005e-06,4.63932539e-07,0.0012972506099999997,0.0817119311,2.7436309300000005e-06,4.63932539e-07,0.000887820277,0.0380630818,2.7436309300000005e-06,4.63932539e-07,0.0012572264599999999,0.0764982858,2.7436309300000005e-06,4.63932539e-07,2.4552316427230836
355,1695468600,1.62002369e-05,1.6200244e-05,0.007054810820000002,-0.013162235629999996,0.0168184387,0.0032130384900000003,0.006642797660000001,0.0051568441,1.1510871999999998e-06,1.0053879749999998e-05,3.1835664699999997,10.7,1.1339819399999998e-06,1.40984575e-06,7.811236270000001e-07,5.6943277e-07,4.3422365399999995e-07,3.59855774e-07,3.08004956e-07,2.56090368e-07,5.95776984e-07,1.4115266099999998e-07,2.11059723e-06,85.0554559,46.153045000000006,2.8412278999999997e-10,9.199155450000001,0.0012598508600000001,0.076672933,3.02308539e-06,5.19151023e-07,0.0012456229799999998,0.0753624177,3.02308539e-06,5.19151023e-07,0.0008869892210000001,0.0391507039,3.02308539e-06,5.19151023e-07,0.00126037059,0.07655911350000001,3.02308539e-06,5.19151023e-07,2.455206108093262
355,1695469200,1.6298231e-05,1.62982416e-05,0.00571861326,0.01446917506,0.0164070438,0.0032175011,0.00663845074,0.0051808520499999995,1.20443853e-06,1.0636656199999999e-05,3.4318182299999997,12.1,1.23549072e-06,1.3946035599999997e-06,7.86674976e-07,5.661100820000001e-07,4.3243126899999996e-07,3.56683126e-07,3.1024977100000003e-07,2.69724824e-07,5.877687739999999e-07,1.37652175e-07,2.07168713e-06,84.801059,45.4082129,2.88660131e-10,9.195892499999998,0.0012576161700000002,0.07671977149999999,3.0588220299999995e-06,5.53954278e-07,0.0012738007499999999,0.0786872795,3.0588220299999995e-06,5.53954278e-07,0.000926663686,0.042580887899999996,3.0588220299999995e-06,5.53954278e-07,0.00125189172,0.07573319049999998,3.0588220299999995e-06,5.53954278e-07,2.4552292346954347
355,1695469800,1.63309273e-05,1.6330934800000002e-05,0.00199215483,-0.020823493593000002,0.016105453750000002,0.0032270234599999998,0.00665328716,0.0051877339500000005,1.19188164e-06,1.0674367499999998e-05,3.32867136,11.2,1.19930958e-06,1.4493481300000001e-06,7.82093239e-07,5.85179474e-07,4.3600768100000006e-07,3.6264354e-07,2.99965236e-07,2.67188621e-07,5.81562433e-07,1.3873643e-07,2.06342613e-06,84.69016549999999,45.2536971,2.90134328e-10,9.1933251,0.0012647461299999999,0.077862297,2.81534177e-06,5.03690206e-07,0.0012882023999999997,0.0800116245,2.81534177e-06,5.03690206e-07,0.000876450082,0.0382292338,2.81534177e-06,5.03690206e-07,0.00127590954,0.078989,2.81534177e-06,5.03690206e-07,2.455240774154663
355,1695470400,1.62113032e-05,1.62113068e-05,0.010893366302000001,-0.0058456631,0.01598894895,0.00321415106,0.00663329606,0.005164408929999999,1.1841510999999999e-06,1.0241353899999999e-05,3.2465035400000004,9.7,1.16700904e-06,1.40749199e-06,8.130939759999998e-07,5.67481041e-07,4.4165877e-07,3.54489745e-07,2.9822881099999997e-07,2.6231902599999994e-07,5.95369465e-07,1.3983401800000002e-07,2.05865877e-06,84.8941314,45.61396499999999,2.8681358000000004e-10,9.194818600000001,0.00127120889,0.078280263,3.11953014e-06,5.20029311e-07,0.00126973424,0.0775838958,3.11953014e-06,5.20029311e-07,0.000890303269,0.039234286699999996,3.11953014e-06,5.20029311e-07,0.00126792384,0.07751099859999999,3.11953014e-06,5.20029311e-07,2.455199384689331
355,1695471000,1.6386211200000002e-05,1.6386217299999997e-05,-0.013693063620000001,0.02374696174,0.017026106550000003,0.0032264581099999993,0.0066617501,0.00517969916,1.24776055e-06,1.11183291e-05,3.39335673,11.7,1.2592662e-06,1.45668735e-06,8.06505705e-07,5.48728543e-07,4.3756238099999996e-07,3.55215748e-07,2.96153587e-07,2.61563503e-07,5.791428229999999e-07,1.4230176199999998e-07,2.04996374e-06,84.7485676,44.9693391,2.92534019e-10,9.19343035,0.0012551183800000002,0.07664431699999999,3.0159907099999996e-06,5.409199750000001e-07,0.00128640741,0.0806146608,3.0159907099999996e-06,5.409199750000001e-07,0.0009288135710000001,0.042530562699999996,3.0159907099999996e-06,5.409199750000001e-07,0.00127540258,0.07866535589999998,3.0159907099999996e-06,5.409199750000001e-07,2.455235505104065
355,1695471600,1.61659633e-05,1.6165966300000003e-05,0.00289187183,-0.02542813652,0.0158052097,0.0032108059100000004,0.00661878198,0.00516854632,1.1107907e-06,9.860554699999999e-06,3.15209795,10.4,1.17260572e-06,1.39895351e-06,8.269190499999999e-07,5.51843767e-07,4.328605140000001e-07,3.5692461499999995e-07,3.07146159e-07,2.63379611e-07,5.882818580000001e-07,1.39201517e-07,2.0448164499999996e-06,84.945136,45.542026199999995,2.86303797e-10,9.19507855,0.00125946434,0.076737395,2.8044950699999997e-06,5.02528712e-07,0.00127435515,0.0790085145,2.8044950699999997e-06,5.02528712e-07,0.0009082593390000001,0.0399778681,2.8044950699999997e-06,5.02528712e-07,0.0012478676500000002,0.07546926379999999,2.8044950699999997e-06,5.02528712e-07,2.4550341844558714
355,1695472200,1.6083225000000004e-05,1.60832308e-05,-0.00687194114,-0.027354587399999998,0.015905090500000003,0.0032026370299999994,0.0065802914,0.00514637241,1.14020514e-06,1.0232420150000001e-05,3.1695805000000004,10.6,1.1917478600000001e-06,1.3933040299999999e-06,7.90110831e-07,5.463770499999999e-07,4.3153250400000003e-07,3.5449471599999995e-07,3.1555098e-07,2.60882236e-07,5.773550750000001e-07,1.3950497e-07,2.0407366300000003e-06,84.96837230000001,45.5444349,2.8485007299999994e-10,9.195332,0.0012529005199999998,0.07599110510000001,2.74320349e-06,5.162342019999999e-07,0.00125512208,0.07633407559999998,2.74320349e-06,5.162342019999999e-07,0.0009039751870000001,0.0403132252,2.74320349e-06,5.162342019999999e-07,0.00126490911,0.0778256411,2.74320349e-06,5.162342019999999e-07,2.4554214239120484
355,1695472800,1.61852542e-05,1.618525785e-05,-0.0013622780550000006,0.036553669053999996,0.0162971166,0.00320507558,0.00660573386,0.00514619572,1.1572773399999999e-06,1.031947485e-05,3.3164336,11.4,1.19704672e-06,1.39702884e-06,8.12381748e-07,5.609265659999999e-07,4.46320497e-07,3.53580769e-07,3.0339915400000003e-07,2.6453624400000005e-07,5.77480304e-07,1.35434623e-07,2.0444634500000003e-06,84.82508189999999,45.348692400000004,2.86884793e-10,9.194999,0.00127023621,0.078451965,2.8428053500000003e-06,5.14360926e-07,0.00125470586,0.07695609610000001,2.8428053500000003e-06,5.14360926e-07,0.000903494045,0.04026923810000001,2.8428053500000003e-06,5.14360926e-07,0.0012613794599999999,0.07685315919999999,2.8428053500000003e-06,5.14360926e-07,2.4552079916000364
355,1695473400,1.6210044000000003e-05,1.62100452e-05,0.00299506791,0.00785756707,0.017027120599999997,0.0032129131599999998,0.006626653840000001,0.00516344433,1.16604343e-06,1.0481057800000002e-05,3.3199301600000006,13.2,1.19260313e-06,1.3976073500000002e-06,7.91595184e-07,5.67499591e-07,4.415696910000001e-07,3.6072228000000003e-07,3.02159069e-07,2.6380844999999997e-07,5.87907751e-07,1.39611252e-07,2.0598947e-06,85.03045399999999,45.54618320000001,2.87540747e-10,9.195001999999999,0.00127305194,0.0784172315,2.88259186e-06,5.07464273e-07,0.00126352578,0.07742675080000001,2.88259186e-06,5.07464273e-07,0.000887771688,0.0391836388,2.88259186e-06,5.07464273e-07,0.0012651348300000002,0.0774403044,2.88259186e-06,5.07464273e-07,2.4552066564559936
355,1695474000,1.6186519e-05,1.61865236e-05,0.0036831894699999993,-0.0220574324,0.016500622,0.0032146304199999996,0.0065985365,0.0051593637800000005,1.19502131e-06,1.0733556600000001e-05,3.0174825700000003,9.8,1.20461583e-06,1.3899325799999998e-06,7.96290615e-07,5.638436259999999e-07,4.35552662e-07,3.52735812e-07,3.0862889e-07,2.6487248700000004e-07,5.85286633e-07,1.38808093e-07,2.0526264900000002e-06,85.0392318,45.5210431,2.87165241e-10,9.19598665,0.00125890813,0.0765712221,2.6711432699999998e-06,4.854450490000001e-07,0.00125646759,0.0764963111,2.6711432699999998e-06,4.854450490000001e-07,0.0008948416589999999,0.039151690100000004,2.6711432699999998e-06,4.854450490000001e-07,0.00127698687,0.07899679690000001,2.6711432699999998e-06,4.854450490000001e-07,2.455253005027771
355,1695474600,1.6113742800000002e-05,1.61137461e-05,-0.007812721740000002,-0.0041286839,0.016015088,0.0032017352800000004,0.006594120659999999,0.005136260179999999,1.1823050099999998e-06,1.0505233450000002e-05,3.12762241,11.4,1.19893367e-06,1.3586613600000002e-06,8.17505129e-07,5.57329458e-07,4.2795825300000004e-07,3.61865581e-07,3.01444451e-07,2.6482293399999996e-07,5.852289829999999e-07,1.39653554e-07,2.04343061e-06,84.997875,45.6118024,2.85702259e-10,9.194980099999999,0.00126067612,0.07697894320000001,2.6587898699999997e-06,5.080737720000001e-07,0.00126948664,0.0777071951,2.6587898699999997e-06,5.080737720000001e-07,0.000877330581,0.0383995943,2.6587898699999997e-06,5.080737720000001e-07,0.00125541976,0.076362741,2.6587898699999997e-06,5.080737720000001e-07,2.455245018005371
355,1695475200,1.61451718e-05,1.61451762e-05,-0.004836145903999999,-0.0074384307900000005,0.0159687257,0.00320674746,0.006596442250000001,0.005139738810000001,1.14156282e-06,1.0439060350000001e-05,3.3041958399999998,11.8,1.1391844400000001e-06,1.42873712e-06,8.0169709e-07,5.78399215e-07,4.203501300000001e-07,3.56340998e-07,2.95127664e-07,2.6654048799999997e-07,5.935465370000001e-07,1.38118223e-07,2.05449988e-06,84.93085040000001,45.61329010000001,2.85900546e-10,9.19468195,0.0012520666300000001,0.07601627920000001,2.4605526e-06,4.6047920800000004e-07,0.0012722255800000002,0.07879473480000002,2.4605526e-06,4.6047920800000004e-07,0.000881175369,0.0378441099,2.4605526e-06,4.6047920800000004e-07,0.00126132002,0.0778395839,2.4605526e-06,4.6047920800000004e-07,2.455183243751526
355,1695475800,1.60514235e-05,1.60514262e-05,-0.00016732020000000038,0.006925280099999998,0.0166627174,0.0031956029400000002,0.00658775983,0.00514257879,1.12512201e-06,9.656272300000001e-06,3.0594406199999997,10.4,1.1514303800000002e-06,1.41147361e-06,7.76217796e-07,5.60462447e-07,4.3839213699999997e-07,3.6023554899999995e-07,2.99659787e-07,2.63647271e-07,5.796877359999999e-07,1.41281912e-07,2.04320305e-06,85.01743059999998,45.7504442,2.8315618800000003e-10,9.1961006,0.00126337428,0.0770712719,2.8670948200000003e-06,4.7450748099999995e-07,0.00126532953,0.07794316990000001,2.8670948200000003e-06,4.7450748099999995e-07,0.000868821212,0.0371939754,2.8670948200000003e-06,4.7450748099999995e-07,0.0012537236,0.07648227490000001,2.8670948200000003e-06,4.7450748099999995e-07,2.455220079421997
355,1695476400,1.6074201799999998e-05,1.60742048e-05,-0.002753647339999999,-0.006121478349999999,0.0161510039,0.00319771793,0.00661389974,0.0051519767499999996,1.1598068e-06,9.951908199999999e-06,3.2325175600000002,10.7,1.15673596e-06,1.4073352999999998e-06,7.86404219e-07,5.705443060000001e-07,4.3871136199999995e-07,3.5287521100000007e-07,2.974509820000001e-07,2.5543991199999996e-07,5.736706640000001e-07,1.3947610399999998e-07,2.0584098399999998e-06,85.0061053,45.7239564,2.8364985300000004e-10,9.1966168,0.0012626641000000002,0.0770951074,2.8153400900000003e-06,4.99001938e-07,0.0012677475800000001,0.078059798,2.8153400900000003e-06,4.99001938e-07,0.0008878003380000001,0.038928339699999995,2.8153400900000003e-06,4.99001938e-07,0.0012463739800000003,0.0757131288,2.8153400900000003e-06,4.99001938e-07,2.4551952600479128
355,1695477000,1.62473317e-05,1.6247333400000003e-05,-0.00757712629,-6.083368800000064e-05,0.016103491799999998,0.0032166223299999997,0.0066235259500000004,0.00515802273,1.1784264e-06,1.0332525000000002e-05,3.29720282,11.0,1.19435883e-06,1.43398839e-06,7.93019364e-07,5.67683585e-07,4.3590881e-07,3.67329364e-07,3.02385548e-07,2.5987282200000003e-07,5.86334464e-07,1.39381486e-07,2.04337698e-06,84.835636,45.2570427,2.89492248e-10,9.193203200000003,0.00126333835,0.077336035,2.84609971e-06,5.10388234e-07,0.0012639980599999999,0.0774133273,2.84609971e-06,5.10388234e-07,0.0009156116060000001,0.0405787281,2.84609971e-06,5.10388234e-07,0.00127565603,0.07858016200000001,2.84609971e-06,5.10388234e-07,2.455164885520935
355,1695477600,1.60454167e-05,1.6045422e-05,-0.010416428950000002,0.015162040999999998,0.0164629129,0.0031943149699999998,0.0065549823399999995,0.00512563857,1.18860754e-06,1.06836524e-05,3.2377622699999997,10.9,1.19039625e-06,1.4001015999999998e-06,7.681718500000001e-07,5.52541602e-07,4.4162700300000005e-07,3.549391570000001e-07,3.02113455e-07,2.54235176e-07,5.72681012e-07,1.3570646900000002e-07,2.05016788e-06,85.0046645,45.614986599999995,2.83950025e-10,9.19534005,0.0012625457199999998,0.07729781299999999,2.85794511e-06,5.227593630000001e-07,0.00125832125,0.07692875610000001,2.85794511e-06,5.227593630000001e-07,0.0008957238690000001,0.0396919864,2.85794511e-06,5.227593630000001e-07,0.0012459466100000001,0.0758488746,2.85794511e-06,5.227593630000001e-07,2.4551703453063967
355,1695478200,1.6137777000000004e-05,1.6137780300000003e-05,-0.011055202599999998,-0.010009918582999997,0.016258684099999997,0.0032045640199999995,0.006592079400000001,0.00514316311,1.1993317100000001e-06,1.0698475850000001e-05,3.08916088,10.5,1.15823963e-06,1.39252846e-06,8.1707441e-07,5.61855187e-07,4.29165181e-07,3.5602637199999996e-07,3.0613014e-07,2.6209451400000006e-07,5.94157373e-07,1.38582288e-07,2.0530014e-06,85.0182725,45.695902000000004,2.8582721099999996e-10,9.194037249999997,0.0012626103699999998,0.0777837121,2.9611147000000003e-06,4.86275535e-07,0.00127517052,0.0793996718,2.9611147000000003e-06,4.86275535e-07,0.000894656473,0.03944752520000001,2.9611147000000003e-06,4.86275535e-07,0.0012367839599999998,0.0741341906,2.9611147000000003e-06,4.86275535e-07,2.4552112340927126
355,1695478800,1.6070390800000007e-05,1.6070395599999997e-05,-0.002252243514,1.007944999999906e-05,0.015865097450000004,0.00319787174,0.0065989842100000005,0.00512415184,1.162214224e-06,1.0453732949999999e-05,2.99825179,11.0,1.210322533e-06,1.38585583e-06,7.91433127e-07,5.447813e-07,4.3276510000000004e-07,3.50638976e-07,2.9665344099999993e-07,2.5869755299999997e-07,5.78473125e-07,1.3831732199999998e-07,2.0472312900000003e-06,84.99643610000001,45.5585969,2.8441390900000006e-10,9.196266549999999,0.00125231156,0.076082383,3.017824e-06,5.201261770000001e-07,0.00126151619,0.076987735,3.017824e-06,5.201261770000001e-07,0.0008867740920000001,0.0389364869,3.017824e-06,5.201261770000001e-07,0.00127319571,0.0783736799,3.017824e-06,5.201261770000001e-07,2.455174946784973
355,1695479400,1.6225198499999998e-05,1.6225199e-05,0.004977312899999999,-0.02101302345,0.0160906357,0.0032177459299999995,0.00662009721,0.00515743459,1.18279472e-06,1.01771001e-05,3.1328671599999995,11.0,1.2091369799999999e-06,1.44389655e-06,7.74104289e-07,5.68563303e-07,4.39076609e-07,3.47843768e-07,3.0582926699999997e-07,2.57125287e-07,5.77465341e-07,1.3878338e-07,2.05071968e-06,84.8583529,45.3049449,2.88668353e-10,9.192221900000002,0.00126397666,0.07720315019999999,2.99571584e-06,5.14991741e-07,0.00126949245,0.0781743905,2.99571584e-06,5.14991741e-07,0.000896616188,0.0399775653,2.99571584e-06,5.14991741e-07,0.00127771631,0.0787474135,2.99571584e-06,5.14991741e-07,2.455191731452942
355,1695480000,1.61258317e-05,1.61258342e-05,0.0005801642910999993,-0.01423569566,0.0163437122,0.0032061556800000003,0.00659759494,0.0051567120900000004,1.2118420200000002e-06,1.0654456049999998e-05,3.0874126200000003,11.1,1.19787348e-06,1.38186661e-06,8.032553990000001e-07,5.561795970000001e-07,4.25130027e-07,3.65749653e-07,3.07840409e-07,2.6252117e-07,5.7640656e-07,1.36485229e-07,2.0495594800000002e-06,84.99362190000001,45.53167989999999,2.86293365e-10,9.1946685,0.00125737433,0.07685202819999999,2.68760569e-06,5.215972339999999e-07,0.00127296266,0.0786628724,2.68760569e-06,5.215972339999999e-07,0.0009141038990000001,0.0410894725,2.68760569e-06,5.215972339999999e-07,0.00123228674,0.07473331250000001,2.68760569e-06,5.215972339999999e-07,2.4551934242248534
355,1695480600,1.62432174e-05,1.624322e-05,-0.01909209946,-0.01889855652,0.016983083000000003,0.0032190139,0.00661539834,0.00517006638,1.161681e-06,9.97776605e-06,3.0909091699999998,11.1,1.2302899399999998e-06,1.39156043e-06,7.941532419999998e-07,5.65845439e-07,4.43975251e-07,3.6593372899999997e-07,3.0236940500000004e-07,2.63580663e-07,5.76572041e-07,1.37117742e-07,2.05016885e-06,84.85146009999998,45.305369999999996,2.8829948e-10,9.194738699999998,0.00127449096,0.0786994896,2.5767899999999993e-06,5.12197037e-07,0.0012657786000000002,0.0775378595,2.5767899999999993e-06,5.12197037e-07,0.0009025999050000001,0.0402946122,2.5767899999999993e-06,5.12197037e-07,0.00126920674,0.0780823321,2.5767899999999993e-06,5.12197037e-07,2.4552082061767577
355,1695481200,1.63261595e-05,1.63261641e-05,0.0020960674800000003,-0.017716941976,0.01613276785,0.00322712285,0.00664143343,0.0051896797699999995,1.19595323e-06,1.048504965e-05,3.2814685600000004,10.7,1.1682265900000002e-06,1.46987132e-06,8.014180979999999e-07,5.52445052e-07,4.4955972e-07,3.6618722000000005e-07,3.1002987600000006e-07,2.6246095799999996e-07,5.822649890000001e-07,1.37117742e-07,2.06346606e-06,84.7975764,45.327475,2.89960501e-10,9.1935865,0.0012627895800000001,0.07745270400000001,3.03849655e-06,5.21105854e-07,0.0012760995500000001,0.079277334,3.03849655e-06,5.21105854e-07,0.000913599071,0.0409235572,3.03849655e-06,5.21105854e-07,0.0012603706499999998,0.077560388,3.03849655e-06,5.21105854e-07,2.455199885368347
355,1695481800,1.60737933e-05,1.60737977e-05,0.0008158889499999999,-0.004480985799999998,0.0162680625,0.00320030397,0.006581262289999999,0.005135240499999999,1.1550492900000002e-06,1.0014242950000002e-05,3.1853147,11.3,1.16746912e-06,1.3870755200000002e-06,7.82580866e-07,5.56561465e-07,4.3311072099999996e-07,3.51444093e-07,3.0030519e-07,2.72695859e-07,5.92099544e-07,1.4228771e-07,2.05124812e-06,85.1836048,45.9421908,2.83629879e-10,9.19628435,0.00125323067,0.0759912116,3.22105162e-06,5.03776482e-07,0.00126721952,0.077882436,3.22105162e-06,5.03776482e-07,0.000878512757,0.0381326863,3.22105162e-06,5.03776482e-07,0.0012540663199999999,0.0759213699,3.22105162e-06,5.03776482e-07,2.4551870822906494
355,1695482400,1.6204019700000003e-05,1.62040214e-05,-0.0013044455020000002,0.0015723522000000018,0.0164681603,0.00321131428,0.00659979631,0.0051508631700000005,1.22275696e-06,1.11819366e-05,3.2744756100000005,11.9,1.16942947e-06,1.46705309e-06,8.00512571e-07,5.39095431e-07,4.3641702399999994e-07,3.5823251600000007e-07,3.10790992e-07,2.5531952699999996e-07,5.79490183e-07,1.3987286800000002e-07,2.04575614e-06,84.89445359999999,45.3167375,2.88214289e-10,9.193425800000002,0.0012523969100000003,0.076579997,3.0537210800000003e-06,5.214433009999999e-07,0.0012631189,0.07769255150000001,3.0537210800000003e-06,5.214433009999999e-07,0.000897346227,0.0400194186,3.0537210800000003e-06,5.214433009999999e-07,0.00127459425,0.0791068912,3.0537210800000003e-06,5.214433009999999e-07,2.455208349227905
355,1695483000,1.62291645e-05,1.62291683e-05,0.007507518469999999,-0.0032814031199999995,0.015700814100000005,0.00321588715,0.006627144800000001,0.00516159632,1.15964055e-06,1.0572464850000001e-05,3.40909101,12.3,1.18884071e-06,1.42156788e-06,8.1425145e-07,5.64417443e-07,4.26478167e-07,3.6294597799999997e-07,3.05915942e-07,2.5617160699999995e-07,5.74302812e-07,1.3744504100000001e-07,2.06222217e-06,84.821296,45.3933354,2.8865389299999997e-10,9.192673199999998,0.0012542844799999999,0.0765156324,3.0301188999999995e-06,5.14479815e-07,0.0012777771199999999,0.07952425750000001,3.0301188999999995e-06,5.14479815e-07,0.0008939402239999999,0.039161995399999996,3.0301188999999995e-06,5.14479815e-07,0.00126853753,0.078032592,3.0301188999999995e-06,5.14479815e-07,2.4551928520202635
355,1695483600,1.6149495599999998e-05,1.6149502e-05,0.009188598400000001,0.007916770469999999,0.0165506225,0.00320483665,0.006638361099999999,0.00515738799,1.2004907199999998e-06,1.01903261e-05,3.21328677,11.7,1.1700287e-06,1.3999719499999998e-06,7.94890217e-07,5.61514448e-07,4.2862311899999997e-07,3.57875005e-07,3.0951499400000003e-07,2.5835141500000003e-07,5.781869999999999e-07,1.39360998e-07,2.07640488e-06,84.9779957,45.7773827,2.85332445e-10,9.1966246,0.00125631795,0.0764957455,2.9593674399999996e-06,5.133498509999999e-07,0.0012601882200000002,0.0769331864,2.9593674399999996e-06,5.133498509999999e-07,0.000911241758,0.0405122743,2.9593674399999996e-06,5.133498509999999e-07,0.0012430424,0.075407839,2.9593674399999996e-06,5.133498509999999e-07,2.4552088260650633
355,1695484200,1.63049873e-05,1.63049916e-05,0.0026780930999999986,0.010772647429999999,0.0162912331,0.00322135662,0.00664174983,0.0051792294,1.21571982e-06,1.08965364e-05,3.37237766,11.6,1.2158672200000002e-06,1.3682499600000003e-06,8.332121419999999e-07,5.71248396e-07,4.48729129e-07,3.52697472e-07,2.9972067699999995e-07,2.62232727e-07,5.8702276e-07,1.3972373e-07,2.0737329500000005e-06,84.6545664,45.4483652,2.89127298e-10,9.1935906,0.0012725154699999997,0.0782198975,3.4884184800000005e-06,5.748880649999999e-07,0.00128706482,0.0793532685,3.4884184800000005e-06,5.748880649999999e-07,0.0009099054830000002,0.0412006747,3.4884184800000005e-06,5.748880649999999e-07,0.00124424418,0.075234291,3.4884184800000005e-06,5.748880649999999e-07,2.45517783164978
